   0.0000000000000000        1.0000000000000000     
  0.10000000000000001       0.99566106571047952     
  0.20000000000000001       0.98273219185245353     
  0.30000000000000004       0.96147363655007323     
  0.40000000000000002       0.93230994726959138     
  0.50000000000000000       0.89581745261727641     
  0.59999999999999998       0.85270747172705885     
  0.69999999999999996       0.80380588103370554     
  0.79999999999999993       0.75002980585671453     
  0.89999999999999991       0.69236229618447254     
  0.99999999999999989       0.63182589885845586     
   1.0999999999999999       0.56945605072672689     
   1.2000000000000000       0.50627518993545084     
   1.3000000000000000       0.44326841819736723     
   1.4000000000000001       0.38136145016692602     
   1.5000000000000002       0.32140146303929662     
   1.6000000000000003       0.26414131722110845     
   1.7000000000000004       0.21022746506616938     
   1.8000000000000005       0.16019170710472247     
   1.9000000000000006       0.11444680136363065     
   2.0000000000000004        7.3285788143822889E-002
   2.1000000000000005        3.6884765771598702E-002
   2.2000000000000006        5.3087468726764619E-003
   2.3000000000000007       -2.1479857251170308E-002
   2.4000000000000008       -4.3610632835745025E-002
   2.5000000000000009       -6.1292979595273855E-002
   2.6000000000000010       -7.4802891127745658E-002
   2.7000000000000011       -8.4469227558452833E-002
   2.8000000000000012       -9.0659971699062356E-002
   2.9000000000000012       -9.3768907721183195E-002
   3.0000000000000013       -9.4203097304141323E-002
   3.1000000000000014       -9.2371456677895286E-002
   3.2000000000000015       -8.8674662895936771E-002
   3.3000000000000016       -8.3496542808161697E-002
   3.4000000000000017       -7.7197026789822182E-002
   3.5000000000000018       -7.0106683923001928E-002
   3.6000000000000019       -6.2522798113012493E-002
   3.7000000000000020       -5.4706896713485061E-002
   3.8000000000000020       -4.6883605606560144E-002
   3.9000000000000021       -3.9240677133532846E-002
   4.0000000000000018       -3.1930019749664140E-002
   4.1000000000000014       -2.5069549757499556E-002
   4.2000000000000011       -1.8745685042940625E-002
   4.3000000000000007       -1.3016307086439770E-002
   4.4000000000000004       -7.9140292625753082E-003
   4.5000000000000000       -3.4496252406757046E-003
   4.5999999999999996        3.8451019333828268E-004
   4.6999999999999993        3.6109755664799912E-003
   4.7999999999999989        6.2641395797115446E-003
   4.8999999999999986        8.3871476029844932E-003
   4.9999999999999982        1.0029206079533556E-002
   5.0999999999999979        1.1243175954779319E-002
   5.1999999999999975        1.2083490990496057E-002
   5.2999999999999972        1.2604403920283168E-002
   5.3999999999999968        1.2858552658523047E-002
   5.4999999999999964        1.2895830335731552E-002
   5.5999999999999961        1.2762536636901431E-002
   5.6999999999999957        1.2500783479362813E-002
   5.7999999999999954        1.2148125419742301E-002
   5.8999999999999950        1.1737383934884837E-002
   5.9999999999999947        1.1296634758011475E-002
   6.0999999999999943        1.0849328377186112E-002
   6.1999999999999940        1.0414515559029260E-002
   6.2999999999999936        1.0007151995387350E-002
   6.3999999999999932        9.6384587768014052E-003
   6.4999999999999929        9.3163182066908160E-003
   6.5999999999999925        9.0456873306039801E-003
   6.6999999999999922        8.8290144132070984E-003
   6.7999999999999918        8.6666462716926563E-003
   6.8999999999999915        8.5572169556887914E-003
   6.9999999999999911        8.4980105802677109E-003
   7.0999999999999908        8.4852931712777191E-003
   7.1999999999999904        8.5146102326657189E-003
   7.2999999999999901        8.5810483227164516E-003
   7.3999999999999897        8.6794601980348732E-003
   7.4999999999999893        8.8046542121149162E-003
   7.5999999999999890        8.9515494664544944E-003
   7.6999999999999886        9.1152988850317189E-003
   7.7999999999999883        9.2913828488995296E-003
   7.8999999999999879        9.4756763228961201E-003
   7.9999999999999876        9.6644925850741543E-003
   8.0999999999999872        9.8546067396242786E-003
   8.1999999999999869        1.0043262103393156E-002
   8.2999999999999865        1.0228162514760050E-002
   8.3999999999999861        1.0407453351828607E-002
   8.4999999999999858        1.0579693902312809E-002
   8.5999999999999854        1.0743823413175197E-002
   8.6999999999999851        1.0899122953530413E-002
   8.7999999999999847        1.1045174859807555E-002
   8.8999999999999844        1.1181821356072274E-002
   8.9999999999999840        1.1309123606527744E-002
   9.0999999999999837        1.1427322250532257E-002
   9.1999999999999833        1.1536800209556766E-002
   9.2999999999999829        1.1638048374651346E-002
   9.3999999999999826        1.1731634572141479E-002
   9.4999999999999822        1.1818176053289943E-002
   9.5999999999999819        1.1898315611529544E-002
   9.6999999999999815        1.1972701305738746E-002
   9.7999999999999812        1.2041969690849185E-002
   9.8999999999999808        1.2106732358164745E-002
   9.9999999999999805        1.2167565554206713E-002
