  0.3601158532011102E-02
  0.8379463802494262E-02
  0.1315682436590944E-01
  0.1792219699400700E-01
  0.2267052505047037E-01
  0.2739717341891147E-01
  0.3209759135088869E-01
  0.3676726837395607E-01
  0.4140172812861438E-01
  0.4599652970461116E-01
  0.5054727089755730E-01
  0.5504959204029897E-01
  0.5949918001355983E-01
  0.6389177230044873E-01
  0.6822316103110801E-01
  0.7248919699319493E-01
  0.7668579359522856E-01
  0.8080893077477497E-01
  0.8485465884546731E-01
  0.8881910227805817E-01
  0.9269846341146709E-01
  0.9648902608958981E-01
  0.1001871592204808    
  0.1037893202542275    
  0.1072920585761431    
  0.1106920188119908    
  0.1139859440420329    
  0.1171706789208228    
  0.1202431726997000    
  0.1232004821491455    
  0.1260397743781191    
  0.1287583295477527    
  0.1313535434767326    
  0.1338229301358685    
  0.1361641240295335    
  0.1383748824616552    
  0.1404530876840011    
  0.1423967489248455    
  0.1442040042959773    
  0.1458731225762508    
  0.1474025048699585    
  0.1487906861384948    
  0.1500363366036554    
  0.1511382630216038    
  0.1520954098258229    
  0.1529068601382661    
  0.1535718366477065    
  0.1540897023543237    
  0.1544599611798859    
  0.1546822584429889    
  0.1547563811987817    
  0.1546822584429895    
  0.1544599611798834    
  0.1540897023543237    
  0.1535718366477054    
  0.1529068601382601    
  0.1520954098258283    
  0.1511382630216093    
  0.1500363366036532    
  0.1487906861384859    
  0.1474025048699620    
  0.1458731225762501    
  0.1442040042959795    
  0.1423967489248464    
  0.1404530876840016    
  0.1383748824616565    
  0.1361641240295359    
  0.1338229301358658    
  0.1313535434767352    
  0.1287583295477591    
  0.1260397743781216    
  0.1232004821491386    
  0.1202431726996999    
  0.1171706789208191    
  0.1139859440420345    
  0.1106920188119850    
  0.1072920585761487    
  0.1037893202542224    
  0.1001871592204777    
  0.9648902608958808E-01
  0.9269846341147037E-01
  0.8881910227805906E-01
  0.8485465884546185E-01
  0.8080893077477842E-01
  0.7668579359522752E-01
  0.7248919699319117E-01
  0.6822316103111516E-01
  0.6389177230044824E-01
  0.5949918001355882E-01
  0.5504959204030283E-01
  0.5054727089755548E-01
  0.4599652970460679E-01
  0.4140172812861859E-01
  0.3676726837395740E-01
  0.3209759135088818E-01
  0.2739717341891183E-01
  0.2267052505046922E-01
  0.1792219699401183E-01
  0.1315682436590912E-01
  0.8379463802492788E-02
  0.3601158532010082E-02
