  0.7003270027453289    
  0.7017216218689741    
  0.7042252024792290    
  0.7078289895942029    
  0.7125196454158275    
  0.7182797367991113    
  0.7250878413070658    
  0.7329186345911416    
  0.7417429866453121    
  0.7515280708530805    
  0.7622374863701857    
  0.7738313936543874    
  0.7862666627268889    
  0.7994970336473889    
  0.8134732886197831    
  0.8281434350946090    
  0.8434528991901443    
  0.8593447287141879    
  0.8757598050321087    
  0.8926370629934771    
  0.9099137180994005    
  0.9275255000656604    
  0.9454068919128767    
  0.9634913736943335    
  0.9817116699548265    
   1.000000000000000    
   1.018288330045174    
   1.036508626305667    
   1.054593108087123    
   1.072474499934340    
   1.090086281900600    
   1.107362937006523    
   1.124240194967891    
   1.140655271285812    
   1.156547100809856    
   1.171856564905391    
   1.186526711380217    
   1.200502966352611    
   1.213733337273111    
   1.226168606345613    
   1.237762513629814    
   1.248471929146920    
   1.258257013354688    
   1.267081365408858    
   1.274912158692934    
   1.281720263200889    
   1.287480354584172    
   1.292171010405797    
   1.295774797520771    
   1.298278378131026    
   1.299672997254671    
