  0.2950562260518342E-03
  0.6868234936513119E-03
  0.1079143932002483E-02
  0.1471472410467197E-02
  0.1863753261202492E-02
  0.2255964003909719E-02
  0.2648087368515854E-02
  0.3040107328450956E-02
  0.3432008242915544E-02
  0.3823774615887025E-02
  0.4215391015243195E-02
  0.4606842041695267E-02
  0.4998112315913148E-02
  0.5389186472869478E-02
  0.5780049159196530E-02
  0.6170685032201728E-02
  0.6561078759529849E-02
  0.6951215019193464E-02
  0.7341078499986709E-02
  0.7730653901696959E-02
  0.8119925935720772E-02
  0.8508879325558221E-02
  0.8897498807298733E-02
  0.9285769130307826E-02
  0.9673675057600258E-02
  0.1006120136667326E-01
  0.1044833284989031E-01
  0.1083505431509639E-01
  0.1122135058633540E-01
  0.1160720650431410E-01
  0.1199260692701635E-01
  0.1237753673032361E-01
  0.1276198080860188E-01
  0.1314592407531593E-01
  0.1352935146349979E-01
  0.1391224792652749E-01
  0.1429459843854723E-01
  0.1467638799516239E-01
  0.1505760161403547E-01
  0.1543822433531028E-01
  0.1581824122249008E-01
  0.1619763736266515E-01
  0.1657639786746875E-01
  0.1695450787331920E-01
  0.1733195254227609E-01
  0.1770871706247572E-01
  0.1808478664871482E-01
  0.1846014654313875E-01
  0.1883478201560070E-01
  0.1920867836454177E-01
  0.1958182091733879E-01
  0.1995419503090125E-01
  0.2032578609240329E-01
  0.2069657951964742E-01
  0.2106656076178363E-01
  0.2143571529984524E-01
  0.2180402864728320E-01
  0.2217148635055548E-01
  0.2253807398973176E-01
  0.2290377717897342E-01
  0.2326858156722068E-01
  0.2363247283860331E-01
  0.2399543671314476E-01
  0.2435745894722721E-01
  0.2471852533422428E-01
  0.2507862170498210E-01
  0.2543773392841718E-01
  0.2579584791208092E-01
  0.2615294960268950E-01
  0.2650902498671128E-01
  0.2686406009080919E-01
  0.2721804098258545E-01
  0.2757095377092553E-01
  0.2792278460663090E-01
  0.2827351968303381E-01
  0.2862314523638073E-01
  0.2897164754651880E-01
  0.2931901293734625E-01
  0.2966522777739800E-01
  0.3001027848031574E-01
  0.3035415150548793E-01
  0.3069683335844037E-01
  0.3103831059153042E-01
  0.3137856980431013E-01
  0.3171759764419691E-01
  0.3205538080686845E-01
  0.3239190603690854E-01
  0.3272716012818667E-01
  0.3306112992451701E-01
  0.3339380232013046E-01
  0.3372516426010838E-01
  0.3405520274098055E-01
  0.3438390481121981E-01
  0.3471125757176986E-01
  0.3503724817645450E-01
  0.3536186383261870E-01
  0.3568509180153680E-01
  0.3600691939893969E-01
  0.3632733399549982E-01
  0.3664632301739295E-01
  0.3696387394665075E-01
  0.3727997432182165E-01
  0.3759461173832410E-01
  0.3790777384900982E-01
  0.3821944836463001E-01
  0.3852962305429155E-01
  0.3883828574597160E-01
  0.3914542432699450E-01
  0.3945102674445616E-01
  0.3975508100577459E-01
  0.4005757517911419E-01
  0.4035849739383965E-01
  0.4065783584101561E-01
  0.4095557877386974E-01
  0.4125171450822425E-01
  0.4154623142298291E-01
  0.4183911796055598E-01
  0.4213036262738682E-01
  0.4241995399426864E-01
  0.4270788069692744E-01
  0.4299413143642368E-01
  0.4327869497956228E-01
  0.4356156015936949E-01
  0.4384271587547558E-01
  0.4412215109468060E-01
  0.4439985485123607E-01
  0.4467581624735124E-01
  0.4495002445363622E-01
  0.4522246870944233E-01
  0.4549313832340880E-01
  0.4576202267380143E-01
  0.4602911120889390E-01
  0.4629439344751533E-01
  0.4655785897928405E-01
  0.4681949746519593E-01
  0.4707929863789524E-01
  0.4733725230212837E-01
  0.4759334833517953E-01
  0.4784757668717574E-01
  0.4809992738158499E-01
  0.4835039051554013E-01
  0.4859895626023094E-01
  0.4884561486134927E-01
  0.4909035663935953E-01
  0.4933317199002037E-01
  0.4957405138464023E-01
  0.4981298537055681E-01
  0.5004996457130039E-01
  0.5028497968732938E-01
  0.5051802149603847E-01
  0.5074908085226812E-01
  0.5097814868864534E-01
  0.5120521601608806E-01
  0.5143027392378197E-01
  0.5165331357998914E-01
  0.5187432623203762E-01
  0.5209330320688153E-01
  0.5231023591125206E-01
  0.5252511583223043E-01
  0.5273793453738519E-01
  0.5294868367517713E-01
  0.5315735497527583E-01
  0.5336394024891918E-01
  0.5356843138917837E-01
  0.5377082037131135E-01
  0.5397109925308591E-01
  0.5416926017504672E-01
  0.5436529536089126E-01
  0.5455919711767957E-01
  0.5475095783624712E-01
  0.5494056999142739E-01
  0.5512802614234445E-01
  0.5531331893280926E-01
  0.5549644109142073E-01
  0.5567738543200974E-01
  0.5585614485390530E-01
  0.5603271234214229E-01
  0.5620708096774987E-01
  0.5637924388808627E-01
  0.5654919434703572E-01
  0.5671692567533644E-01
  0.5688243129080433E-01
  0.5704570469856862E-01
  0.5720673949136693E-01
  0.5736552934981767E-01
  0.5752206804263298E-01
  0.5767634942679001E-01
  0.5782836744793126E-01
  0.5797811614049687E-01
  0.5812558962798745E-01
  0.5827078212315305E-01
  0.5841368792828706E-01
  0.5855430143542992E-01
  0.5869261712653781E-01
  0.5882862957376244E-01
  0.5896233343964330E-01
  0.5909372347730240E-01
  0.5922279453068451E-01
  0.5934954153470715E-01
  0.5947395951551874E-01
  0.5959604359061224E-01
  0.5971578896915457E-01
  0.5983319095199485E-01
  0.5994824493202505E-01
  0.6006094639421453E-01
  0.6017129091590460E-01
  0.6027927416687687E-01
  0.6038489190963080E-01
  0.6048813999942249E-01
  0.6058901438457141E-01
  0.6068751110651324E-01
  0.6078362629998452E-01
  0.6087735619318960E-01
  0.6096869710794380E-01
  0.6105764545977301E-01
  0.6114419775816787E-01
  0.6122835060656741E-01
  0.6131010070261015E-01
  0.6138944483822795E-01
  0.6146637989976839E-01
  0.6154090286809208E-01
  0.6161301081874419E-01
  0.6168270092201297E-01
  0.6174997044310425E-01
  0.6181481674219913E-01
  0.6187723727453215E-01
  0.6193722959061478E-01
  0.6199479133616642E-01
  0.6204992025233929E-01
  0.6210261417572213E-01
  0.6215287103848179E-01
  0.6220068886840859E-01
  0.6224606578904786E-01
  0.6228900001965270E-01
  0.6232948987538321E-01
  0.6236753376734534E-01
  0.6240313020255839E-01
  0.6243627778417447E-01
  0.6246697521137241E-01
  0.6249522127951240E-01
  0.6252101488017034E-01
  0.6254435500110632E-01
  0.6256524072644455E-01
  0.6258367123652739E-01
  0.6259964580812077E-01
  0.6261316381433291E-01
  0.6262422472469434E-01
  0.6263282810512924E-01
  0.6263897361804922E-01
  0.6264266102226659E-01
  0.6264389017309716E-01
  0.6264266102226951E-01
  0.6263897361805598E-01
  0.6263282810513848E-01
  0.6262422472468829E-01
  0.6261316381432921E-01
  0.6259964580813977E-01
  0.6258367123652664E-01
  0.6256524072645225E-01
  0.6254435500111927E-01
  0.6252101488017842E-01
  0.6249522127952710E-01
  0.6246697521137629E-01
  0.6243627778416958E-01
  0.6240313020255346E-01
  0.6236753376733885E-01
  0.6232948987538246E-01
  0.6228900001963495E-01
  0.6224606578905890E-01
  0.6220068886843125E-01
  0.6215287103848453E-01
  0.6210261417571189E-01
  0.6204992025233082E-01
  0.6199479133616417E-01
  0.6193722959061043E-01
  0.6187723727452215E-01
  0.6181481674219284E-01
  0.6174997044310726E-01
  0.6168270092200765E-01
  0.6161301081874325E-01
  0.6154090286809632E-01
  0.6146637989976133E-01
  0.6138944483824313E-01
  0.6131010070261608E-01
  0.6122835060656315E-01
  0.6114419775816071E-01
  0.6105764545978076E-01
  0.6096869710793584E-01
  0.6087735619318460E-01
  0.6078362629998625E-01
  0.6068751110650876E-01
  0.6058901438457194E-01
  0.6048813999940926E-01
  0.6038489190962323E-01
  0.6027927416688481E-01
  0.6017129091591390E-01
  0.6006094639422323E-01
  0.5994824493203019E-01
  0.5983319095200289E-01
  0.5971578896914635E-01
  0.5959604359062300E-01
  0.5947395951550773E-01
  0.5934954153470051E-01
  0.5922279453068220E-01
  0.5909372347729935E-01
  0.5896233343964251E-01
  0.5882862957376395E-01
  0.5869261712653492E-01
  0.5855430143542652E-01
  0.5841368792830415E-01
  0.5827078212314433E-01
  0.5812558962798243E-01
  0.5797811614050213E-01
  0.5782836744792726E-01
  0.5767634942678398E-01
  0.5752206804261589E-01
  0.5736552934982386E-01
  0.5720673949138047E-01
  0.5704570469856633E-01
  0.5688243129080535E-01
  0.5671692567534626E-01
  0.5654919434703774E-01
  0.5637924388808425E-01
  0.5620708096775327E-01
  0.5603271234213506E-01
  0.5585614485391649E-01
  0.5567738543201587E-01
  0.5549644109141384E-01
  0.5531331893280078E-01
  0.5512802614235265E-01
  0.5494056999144714E-01
  0.5475095783624554E-01
  0.5455919711767744E-01
  0.5436529536088029E-01
  0.5416926017505029E-01
  0.5397109925309011E-01
  0.5377082037131804E-01
  0.5356843138916921E-01
  0.5336394024892780E-01
  0.5315735497528089E-01
  0.5294868367517079E-01
  0.5273793453738278E-01
  0.5252511583223333E-01
  0.5231023591126525E-01
  0.5209330320686736E-01
  0.5187432623204576E-01
  0.5165331357998587E-01
  0.5143027392379355E-01
  0.5120521601605790E-01
  0.5097814868864037E-01
  0.5074908085225780E-01
  0.5051802149603127E-01
  0.5028497968734464E-01
  0.5004996457132058E-01
  0.4981298537053536E-01
  0.4957405138464876E-01
  0.4933317199002676E-01
  0.4909035663935648E-01
  0.4884561486134333E-01
  0.4859895626023666E-01
  0.4835039051553720E-01
  0.4809992738158595E-01
  0.4784757668717336E-01
  0.4759334833516965E-01
  0.4733725230212042E-01
  0.4707929863787839E-01
  0.4681949746520048E-01
  0.4655785897929681E-01
  0.4629439344750882E-01
  0.4602911120891368E-01
  0.4576202267380831E-01
  0.4549313832342346E-01
  0.4522246870945373E-01
  0.4495002445363565E-01
  0.4467581624735285E-01
  0.4439985485123443E-01
  0.4412215109466985E-01
  0.4384271587548622E-01
  0.4356156015935449E-01
  0.4327869497956278E-01
  0.4299413143643232E-01
  0.4270788069692604E-01
  0.4241995399425900E-01
  0.4213036262737738E-01
  0.4183911796056089E-01
  0.4154623142298697E-01
  0.4125171450821919E-01
  0.4095557877386970E-01
  0.4065783584102244E-01
  0.4035849739383145E-01
  0.4005757517910269E-01
  0.3975508100577912E-01
  0.3945102674444242E-01
  0.3914542432698397E-01
  0.3883828574598096E-01
  0.3852962305429254E-01
  0.3821944836462773E-01
  0.3790777384901938E-01
  0.3759461173831796E-01
  0.3727997432180727E-01
  0.3696387394665267E-01
  0.3664632301738988E-01
  0.3632733399551918E-01
  0.3600691939893508E-01
  0.3568509180153440E-01
  0.3536186383261876E-01
  0.3503724817644703E-01
  0.3471125757175357E-01
  0.3438390481121874E-01
  0.3405520274098286E-01
  0.3372516426009516E-01
  0.3339380232013345E-01
  0.3306112992452136E-01
  0.3272716012817801E-01
  0.3239190603690244E-01
  0.3205538080689193E-01
  0.3171759764419510E-01
  0.3137856980432185E-01
  0.3103831059152040E-01
  0.3069683335844475E-01
  0.3035415150548429E-01
  0.3001027848031609E-01
  0.2966522777740504E-01
  0.2931901293735710E-01
  0.2897164754651952E-01
  0.2862314523637523E-01
  0.2827351968303342E-01
  0.2792278460662821E-01
  0.2757095377091579E-01
  0.2721804098258982E-01
  0.2686406009082024E-01
  0.2650902498670549E-01
  0.2615294960270153E-01
  0.2579584791208674E-01
  0.2543773392841883E-01
  0.2507862170496906E-01
  0.2471852533422564E-01
  0.2435745894724215E-01
  0.2399543671315125E-01
  0.2363247283859368E-01
  0.2326858156721381E-01
  0.2290377717899009E-01
  0.2253807398974276E-01
  0.2217148635055274E-01
  0.2180402864727678E-01
  0.2143571529983926E-01
  0.2106656076178371E-01
  0.2069657951964322E-01
  0.2032578609239413E-01
  0.1995419503090913E-01
  0.1958182091733308E-01
  0.1920867836454865E-01
  0.1883478201560496E-01
  0.1846014654312356E-01
  0.1808478664872320E-01
  0.1770871706248114E-01
  0.1733195254229274E-01
  0.1695450787332436E-01
  0.1657639786746413E-01
  0.1619763736266562E-01
  0.1581824122248270E-01
  0.1543822433532227E-01
  0.1505760161402003E-01
  0.1467638799518558E-01
  0.1429459843854421E-01
  0.1391224792653192E-01
  0.1352935146349630E-01
  0.1314592407531121E-01
  0.1276198080861393E-01
  0.1237753673030728E-01
  0.1199260692701033E-01
  0.1160720650430741E-01
  0.1122135058634064E-01
  0.1083505431510495E-01
  0.1044833284987623E-01
  0.1006120136667380E-01
  0.9673675057615572E-02
  0.9285769130294504E-02
  0.8897498807301703E-02
  0.8508879325546708E-02
  0.8119925935720716E-02
  0.7730653901691333E-02
  0.7341078499993397E-02
  0.6951215019196903E-02
  0.6561078759519475E-02
  0.6170685032190027E-02
  0.5780049159195036E-02
  0.5389186472876280E-02
  0.4998112315924667E-02
  0.4606842041690790E-02
  0.4215391015244001E-02
  0.3823774615887140E-02
  0.3432008242899184E-02
  0.3040107328454885E-02
  0.2648087368517675E-02
  0.2255964003912824E-02
  0.1863753261211201E-02
  0.1471472410450534E-02
  0.1079143932003244E-02
  0.6868234936472914E-03
  0.2950562260577014E-03
