 -0.6992369935942325    
 -0.6959828823057270    
 -0.6901411942151320    
 -0.6817323576135265    
 -0.6707874940297358    
 -0.6573472808020735    
 -0.6414617036168462    
 -0.6231898526206694    
 -0.6025996978276049    
 -0.5797678346761453    
 -0.5547791984695666    
 -0.5277267481397628    
 -0.4987111203039257    
 -0.4678402548227591    
 -0.4352289932205061    
 -0.4009986514459123    
 -0.3652765685563299    
 -0.3281956330002283    
 -0.2898937882584128    
 -0.2505135196818866    
 -0.2102013244347322    
 -0.1691071665134592    
 -0.1273839188699541    
 -0.8518679471322184E-01
 -0.4267277010540479E-01
  0.9684733692053548E-17
  0.4267277010540517E-01
  0.8518679471322209E-01
  0.1273839188699542    
  0.1691071665134589    
  0.2102013244347325    
  0.2505135196818865    
  0.2898937882584124    
  0.3281956330002287    
  0.3652765685563301    
  0.4009986514459126    
  0.4352289932205062    
  0.4678402548227591    
  0.4987111203039256    
  0.5277267481397628    
  0.5547791984695667    
  0.5797678346761455    
  0.6025996978276047    
  0.6231898526206689    
  0.6414617036168458    
  0.6573472808020737    
  0.6707874940297354    
  0.6817323576135267    
  0.6901411942151318    
  0.6959828823057266    
  0.6992369935942321    
