  0.1403302351148383E-02
  0.7392440051213534E-02
  0.1816133604527881E-01
  0.3370206906066109E-01
  0.5400004562483396E-01
  0.7903589184889892E-01
  0.1087856485677845    
  0.1432208272091469    
  0.1823084458343285    
  0.2260110636440436    
  0.2742868179767575    
  0.3270894649052734    
  0.3843684237719289    
  0.4460688257630299    
  0.5121315665356052    
  0.5824933628731968    
  0.6570868133293493    
  0.7358404628074471    
  0.8186788710185544    
  0.9055226847537128    
  0.9962887139025645    
   1.090890011146285    
   1.189235955248753    
   1.291232337866577    
   1.396781453794917    
   1.505782194562780    
   1.618130145288230    
   1.733717684700775    
   1.852434088235111    
   1.974165634097573    
   2.098795712203632    
   2.226204935882134    
   2.356271256239302    
   2.488870079072903    
   2.623874384224618    
   2.761154847256323    
   2.900579963333665    
   3.042016173198289    
   3.185327991108092    
   3.330378134622840    
   3.477027656110933    
   3.625136075851301    
   3.774561516602900    
   3.925160839512953    
   4.076789781233714    
   4.229303092116421    
   4.382554675350052    
   4.536397726911585    
   4.690684876193759    
   4.845268327175509    
   4.999999999999999    
   5.154731672824490    
   5.309315123806241    
   5.463602273088410    
   5.617445324649950    
   5.770696907883579    
   5.923210218766288    
   6.074839160487048    
   6.225438483397097    
   6.374863924148697    
   6.522972343889064    
   6.669621865377161    
   6.814672008891909    
   6.957983826801712    
   7.099420036666338    
   7.238845152743677    
   7.376125615775383    
   7.511129920927097    
   7.643728743760695    
   7.773795064117867    
   7.901204287796372    
   8.025834365902426    
   8.147565911764886    
   8.266282315299225    
   8.381869854711768    
   8.494217805437222    
   8.603218546205085    
   8.708767662133422    
   8.810764044751247    
   8.909109988853714    
   9.003711286097433    
   9.094477315246291    
   9.181321128981441    
   9.264159537192551    
   9.342913186670652    
   9.417506637126804    
   9.487868433464392    
   9.553931174236970    
   9.615631576228070    
   9.672910535094729    
   9.725713182023242    
   9.773988936355956    
   9.817691554165673    
   9.856779172790858    
   9.891214351432218    
   9.920964108151104    
   9.945999954375168    
   9.966297930939339    
   9.981838663954720    
   9.992607559948791    
   9.998596697648853    
