  -4.999643917181321    
  -4.998123915905022    
  -4.995389704778625    
  -4.991441340955979    
  -4.986279709770882    
  -4.979906048114572    
  -4.972321899343651    
  -4.963529104556940    
  -4.953529799929314    
  -4.942326415454560    
  -4.929921674067714    
  -4.916318590857785    
  -4.901520472274907    
  -4.885530915295806    
  -4.868353806532683    
  -4.849993321278868    
  -4.830453922488145    
  -4.809740359686389    
  -4.787857667814806    
  -4.764811166004562    
  -4.740606456282846    
  -4.715249422210453    
  -4.688746227451182    
  -4.661103314273232    
  -4.632327401983009    
  -4.602425485291656    
  -4.571404832614657    
  -4.539272984304967    
  -4.506037750820085    
  -4.471707210823429    
  -4.436289709220581    
  -4.399793855130827    
  -4.362228519794431    
  -4.323602834416267    
  -4.283926187946197    
  -4.243208224796867    
  -4.201458842499341    
  -4.158688189297283    
  -4.114906661680132    
  -4.070124901855985    
  -4.024353795164716    
  -3.977604467432028    
  -3.929888282265031    
  -3.881216838290020    
  -3.831601966333150    
  -3.781055726544629    
  -3.729590405467214    
  -3.677218513049629    
  -3.623952779605728    
  -3.569806152720056    
  -3.514791794100613    
  -3.458923076379557    
  -3.402213579862672    
  -3.344677089228298    
  -3.286327590176643    
  -3.227179266030190    
  -3.167246494286068    
  -3.106543843121279    
  -3.045086067851477    
  -2.982888107344376    
  -2.919965080388418    
  -2.856332282017821    
  -2.792005179794703    
  -2.726999410049303    
  -2.661330774079190    
  -2.595015234308335    
  -2.528068910407063    
  -2.460508075373743    
  -2.392349151579235    
  -2.323608706775000    
  -2.254303450065894    
  -2.184450227848636    
  -2.114066019716804    
  -2.043167934333527    
  -1.971773205272844    
  -1.899899186830590    
  -1.827563349806016    
  -1.754783277255070    
  -1.681576660216390    
  -1.607961293411044    
  -1.533955070917082    
  -1.459575981819918    
  -1.384842105839630    
  -1.309771608936232    
  -1.234382738893966    
  -1.158693820885737    
  -1.082723253018692    
  -1.006489501862102    
 -0.9300110979586038    
 -0.8533066313198787    
 -0.7763947469078702    
 -0.6992941401026682    
 -0.6220235521581102    
 -0.5446017656462594    
 -0.4670475998918109    
 -0.3893799063975911    
 -0.3116175642622135    
 -0.2337794755910342    
 -0.1558845609015318    
 -0.7795175452418489E-01
 -0.8419511594284991E-15
  0.7795175452418321E-01
  0.1558845609015308    
  0.2337794755910314    
  0.3116175642622095    
  0.3893799063975902    
  0.4670475998918107    
  0.5446017656462566    
  0.6220235521581103    
  0.6992941401026660    
  0.7763947469078718    
  0.8533066313198773    
  0.9300110979586036    
   1.006489501862101    
   1.082723253018690    
   1.158693820885740    
   1.234382738893970    
   1.309771608936230    
   1.384842105839629    
   1.459575981819916    
   1.533955070917082    
   1.607961293411045    
   1.681576660216389    
   1.754783277255072    
   1.827563349806018    
   1.899899186830593    
   1.971773205272846    
   2.043167934333528    
   2.114066019716799    
   2.184450227848640    
   2.254303450065899    
   2.323608706774995    
   2.392349151579231    
   2.460508075373744    
   2.528068910407059    
   2.595015234308335    
   2.661330774079185    
   2.726999410049301    
   2.792005179794701    
   2.856332282017824    
   2.919965080388422    
   2.982888107344378    
   3.045086067851480    
   3.106543843121274    
   3.167246494286066    
   3.227179266030186    
   3.286327590176643    
   3.344677089228298    
   3.402213579862669    
   3.458923076379555    
   3.514791794100609    
   3.569806152720055    
   3.623952779605731    
   3.677218513049627    
   3.729590405467215    
   3.781055726544633    
   3.831601966333151    
   3.881216838290020    
   3.929888282265029    
   3.977604467432026    
   4.024353795164716    
   4.070124901855984    
   4.114906661680133    
   4.158688189297283    
   4.201458842499341    
   4.243208224796865    
   4.283926187946199    
   4.323602834416266    
   4.362228519794432    
   4.399793855130826    
   4.436289709220582    
   4.471707210823427    
   4.506037750820085    
   4.539272984304968    
   4.571404832614655    
   4.602425485291656    
   4.632327401983011    
   4.661103314273230    
   4.688746227451180    
   4.715249422210454    
   4.740606456282844    
   4.764811166004563    
   4.787857667814807    
   4.809740359686387    
   4.830453922488144    
   4.849993321278870    
   4.868353806532688    
   4.885530915295808    
   4.901520472274909    
   4.916318590857790    
   4.929921674067717    
   4.942326415454560    
   4.953529799929315    
   4.963529104556944    
   4.972321899343652    
   4.979906048114576    
   4.986279709770884    
   4.991441340955983    
   4.995389704778630    
   4.998123915905025    
   4.999643917181324    
