  -4.999942513705497    
  -4.999697110616329    
  -4.999255621730941    
  -4.998617966311419    
  -4.997784157369113    
  -4.996754224756156    
  -4.995528207933843    
  -4.994106154623601    
  -4.992488120447022    
  -4.990674168804597    
  -4.988664370826910    
  -4.986458805351613    
  -4.984057558910666    
  -4.981460725721969    
  -4.978668407682957    
  -4.975680714365050    
  -4.972497763008430    
  -4.969119678516863    
  -4.965546593452435    
  -4.961778648030118    
  -4.957815990112088    
  -4.953658775201829    
  -4.949307166437952    
  -4.944761334587729    
  -4.940021458040350    
  -4.935087722799913    
  -4.929960322478072    
  -4.924639458286454    
  -4.919125339028724    
  -4.913418181092418    
  -4.907518208440394    
  -4.901425652602079    
  -4.895140752664347    
  -4.888663755262171    
  -4.881994914568900    
  -4.875134492286315    
  -4.868082757634328    
  -4.860839987340457    
  -4.853406465628912    
  -4.845782484209487    
  -4.837968342266079    
  -4.829964346444966    
  -4.821770810842777    
  -4.813388056994139    
  -4.804816413859089    
  -4.796056217810133    
  -4.787107812619083    
  -4.777971549443534    
  -4.768647786813102    
  -4.759136890615349    
  -4.749439234081414    
  -4.739555197771387    
  -4.729485169559360    
  -4.719229544618202    
  -4.708788725404074    
  -4.698163121640612    
  -4.687353150302852    
  -4.676359235600879    
  -4.665181808963169    
  -4.653821309019667    
  -4.642278181584556    
  -4.630552879638789    
  -4.618645863312297    
  -4.606557599865932    
  -4.594288563673124    
  -4.581839236201287    
  -4.569210105992912    
  -4.556401668646385    
  -4.543414426796557    
  -4.530248890095010    
  -4.516905575190064    
  -4.503385005706487    
  -4.489687712224955    
  -4.475814232261241    
  -4.461765110245111    
  -4.447540897498961    
  -4.433142152216175    
  -4.418569439439239    
  -4.403823331037538    
  -4.388904405684949    
  -4.373813248837103    
  -4.358550452708428    
  -4.343116616248905    
  -4.327512345120549    
  -4.311738251673678    
  -4.295794954922830    
  -4.279683080522517    
  -4.263403260742661    
  -4.246956134443770    
  -4.230342347051874    
  -4.213562550533197    
  -4.196617403368574    
  -4.179507570527615    
  -4.162233723442593    
  -4.144796539982121    
  -4.127196704424531    
  -4.109434907431019    
  -4.091511846018553    
  -4.073428223532524    
  -4.055184749619135    
  -4.036782140197552    
  -4.018221117431816    
  -3.999502409702493    
  -3.980626751578114    
  -3.961594883786320    
  -3.942407553184805    
  -3.923065512732022    
  -3.903569521457609    
  -3.883920344432621    
  -3.864118752739513    
  -3.844165523441847    
  -3.824061439553842    
  -3.803807290009612    
  -3.783403869632228    
  -3.762851979102510    
  -3.742152424927621    
  -3.721306019409418    
  -3.700313580612548    
  -3.679175932332381    
  -3.657893904062679    
  -3.636468330963012    
  -3.614900053826014    
  -3.593189919044375    
  -3.571338778577639    
  -3.549347489918757    
  -3.527216916060441    
  -3.504947925461308    
  -3.482541392011779    
  -3.459998194999811    
  -3.437319219076364    
  -3.414505354220714    
  -3.391557495705504    
  -3.368476544061622    
  -3.345263405042862    
  -3.321918989590380    
  -3.298444213796934    
  -3.274839998870964    
  -3.251107271100407    
  -3.227246961816369    
  -3.203260007356575    
  -3.179147349028606    
  -3.154909933072990    
  -3.130548710626049    
  -3.106064637682581    
  -3.081458675058333    
  -3.056731788352320    
  -3.031884947908898    
  -3.006919128779724    
  -2.981835310685474    
  -2.956634477977376    
  -2.931317619598622    
  -2.905885729045522    
  -2.880339804328563    
  -2.854680847933170    
  -2.828909866780468    
  -2.803027872187653    
  -2.777035879828404    
  -2.750934909692965    
  -2.724725986048164    
  -2.698410137397152    
  -2.671988396439116    
  -2.645461800028710    
  -2.618831389135372    
  -2.592098208802478    
  -2.565263308106341    
  -2.538327740115021    
  -2.511292561847016    
  -2.484158834229787    
  -2.456927622058096    
  -2.429599993952277    
  -2.402177022316226    
  -2.374659783295358    
  -2.347049356734415    
  -2.319346826135010    
  -2.291553278613147    
  -2.263669804856586    
  -2.235697499081994    
  -2.207637458992027    
  -2.179490785732269    
  -2.151258583847992    
  -2.122941961240822    
  -2.094542029125275    
  -2.066059901985126    
  -2.037496697529692    
  -2.008853536649966    
  -1.980131543374633    
  -1.951331844825945    
  -1.922455571175510    
  -1.893503855599938    
  -1.864477834236352    
  -1.835378646137835    
  -1.806207433228707    
  -1.776965340259711    
  -1.747653514763115    
  -1.718273107007658    
  -1.688825269953418    
  -1.659311159206557    
  -1.629731932973993    
  -1.600088752017936    
  -1.570382779610332    
  -1.540615181487220    
  -1.510787125802989    
  -1.480899783084530    
  -1.450954326185304    
  -1.420951930239318    
  -1.390893772615013    
  -1.360781032869045    
  -1.330614892700018    
  -1.300396535902097    
  -1.270127148318555    
  -1.239807917795242    
  -1.209440034133968    
  -1.179024689045823    
  -1.148563076104381    
  -1.118056390698895    
  -1.087505829987371    
  -1.056912592849587    
  -1.026277879840057    
 -0.9956028931409033    
 -0.9648888365146953    
 -0.9341369152571946    
 -0.9033483361500754    
 -0.8725243074135437    
 -0.8416660386589516    
 -0.8107747408412997    
 -0.7798516262117468    
 -0.7488979082700055    
 -0.7179148017167537    
 -0.6869035224059377    
 -0.6558652872970812    
 -0.6248013144075222    
 -0.5937128227646026    
 -0.5626010323578511    
 -0.5314671640910966    
 -0.5003124397345529    
 -0.4691380818768782    
 -0.4379453138772046    
 -0.4067353598171189    
 -0.3755094444526324    
 -0.3442687931661188    
 -0.3130146319182278    
 -0.2817481871997631    
 -0.2504706859835771    
 -0.2191833556763960    
 -0.1878874240706672    
 -0.1565841192963728    
 -0.1252746697728437    
 -0.9396030416053545E-01
 -0.6264225131283194E-01
 -0.3132174022780570E-01
  0.1243085634467544E-14
  0.3132174022780638E-01
  0.6264225131283564E-01
  0.9396030416054038E-01
  0.1252746697728469    
  0.1565841192963786    
  0.1878874240706710    
  0.2191833556764013    
  0.2504706859835795    
  0.2817481871997685    
  0.3130146319182342    
  0.3442687931661266    
  0.3755094444526364    
  0.4067353598171228    
  0.4379453138772057    
  0.4691380818768789    
  0.5003124397345512    
  0.5314671640910974    
  0.5626010323578531    
  0.5937128227646035    
  0.6248013144075206    
  0.6558652872970805    
  0.6869035224059374    
  0.7179148017167509    
  0.7488979082700036    
  0.7798516262117443    
  0.8107747408412984    
  0.8416660386589471    
  0.8725243074135400    
  0.9033483361500729    
  0.9341369152571934    
  0.9648888365146896    
  0.9956028931408983    
   1.026277879840052    
   1.056912592849583    
   1.087505829987366    
   1.118056390698891    
   1.148563076104378    
   1.179024689045821    
   1.209440034133971    
   1.239807917795241    
   1.270127148318553    
   1.300396535902094    
   1.330614892700018    
   1.360781032869048    
   1.390893772615015    
   1.420951930239323    
   1.450954326185304    
   1.480899783084529    
   1.510787125802989    
   1.540615181487218    
   1.570382779610331    
   1.600088752017934    
   1.629731932973995    
   1.659311159206555    
   1.688825269953415    
   1.718273107007659    
   1.747653514763117    
   1.776965340259712    
   1.806207433228703    
   1.835378646137836    
   1.864477834236351    
   1.893503855599935    
   1.922455571175511    
   1.951331844825945    
   1.980131543374633    
   2.008853536649971    
   2.037496697529693    
   2.066059901985127    
   2.094542029125276    
   2.122941961240825    
   2.151258583847993    
   2.179490785732271    
   2.207637458992026    
   2.235697499081992    
   2.263669804856587    
   2.291553278613150    
   2.319346826135010    
   2.347049356734420    
   2.374659783295368    
   2.402177022316224    
   2.429599993952279    
   2.456927622058100    
   2.484158834229785    
   2.511292561847019    
   2.538327740115019    
   2.565263308106340    
   2.592098208802481    
   2.618831389135373    
   2.645461800028710    
   2.671988396439117    
   2.698410137397154    
   2.724725986048161    
   2.750934909692972    
   2.777035879828404    
   2.803027872187653    
   2.828909866780464    
   2.854680847933179    
   2.880339804328563    
   2.905885729045530    
   2.931317619598624    
   2.956634477977378    
   2.981835310685476    
   3.006919128779729    
   3.031884947908901    
   3.056731788352318    
   3.081458675058335    
   3.106064637682582    
   3.130548710626051    
   3.154909933072990    
   3.179147349028606    
   3.203260007356571    
   3.227246961816369    
   3.251107271100405    
   3.274839998870964    
   3.298444213796938    
   3.321918989590377    
   3.345263405042862    
   3.368476544061619    
   3.391557495705504    
   3.414505354220713    
   3.437319219076361    
   3.459998194999805    
   3.482541392011776    
   3.504947925461306    
   3.527216916060439    
   3.549347489918755    
   3.571338778577639    
   3.593189919044374    
   3.614900053826009    
   3.636468330963012    
   3.657893904062681    
   3.679175932332384    
   3.700313580612545    
   3.721306019409411    
   3.742152424927623    
   3.762851979102510    
   3.783403869632232    
   3.803807290009614    
   3.824061439553847    
   3.844165523441853    
   3.864118752739514    
   3.883920344432625    
   3.903569521457608    
   3.923065512732020    
   3.942407553184806    
   3.961594883786317    
   3.980626751578114    
   3.999502409702495    
   4.018221117431812    
   4.036782140197552    
   4.055184749619134    
   4.073428223532522    
   4.091511846018548    
   4.109434907431016    
   4.127196704424526    
   4.144796539982122    
   4.162233723442595    
   4.179507570527614    
   4.196617403368574    
   4.213562550533196    
   4.230342347051875    
   4.246956134443773    
   4.263403260742663    
   4.279683080522521    
   4.295794954922826    
   4.311738251673677    
   4.327512345120553    
   4.343116616248904    
   4.358550452708432    
   4.373813248837103    
   4.388904405684952    
   4.403823331037536    
   4.418569439439236    
   4.433142152216176    
   4.447540897498960    
   4.461765110245110    
   4.475814232261240    
   4.489687712224952    
   4.503385005706482    
   4.516905575190061    
   4.530248890095012    
   4.543414426796556    
   4.556401668646384    
   4.569210105992909    
   4.581839236201287    
   4.594288563673124    
   4.606557599865929    
   4.618645863312296    
   4.630552879638793    
   4.642278181584558    
   4.653821309019666    
   4.665181808963171    
   4.676359235600880    
   4.687353150302854    
   4.698163121640612    
   4.708788725404077    
   4.719229544618205    
   4.729485169559359    
   4.739555197771390    
   4.749439234081413    
   4.759136890615348    
   4.768647786813105    
   4.777971549443535    
   4.787107812619082    
   4.796056217810134    
   4.804816413859086    
   4.813388056994137    
   4.821770810842779    
   4.829964346444967    
   4.837968342266078    
   4.845782484209483    
   4.853406465628913    
   4.860839987340456    
   4.868082757634332    
   4.875134492286314    
   4.881994914568899    
   4.888663755262169    
   4.895140752664346    
   4.901425652602076    
   4.907518208440393    
   4.913418181092418    
   4.919125339028726    
   4.924639458286447    
   4.929960322478068    
   4.935087722799909    
   4.940021458040350    
   4.944761334587730    
   4.949307166437954    
   4.953658775201832    
   4.957815990112087    
   4.961778648030115    
   4.965546593452435    
   4.969119678516861    
   4.972497763008425    
   4.975680714365049    
   4.978668407682955    
   4.981460725721965    
   4.984057558910660    
   4.986458805351609    
   4.988664370826909    
   4.990674168804595    
   4.992488120447024    
   4.994106154623601    
   4.995528207933841    
   4.996754224756156    
   4.997784157369114    
   4.998617966311423    
   4.999255621730941    
   4.999697110616325    
   4.999942513705495    
