  0.4425843390777513E-04
  0.1030235240476968E-03
  0.1618715898003725E-03
  0.2207208615700795E-03
  0.2795629891803738E-03
  0.3383946005864578E-03
  0.3972131052773782E-03
  0.4560160992676434E-03
  0.5148012364373317E-03
  0.5735661923830537E-03
  0.6323086522864792E-03
  0.6910263062542901E-03
  0.7497168473869721E-03
  0.8083779709304217E-03
  0.8670073738794794E-03
  0.9256027548302593E-03
  0.9841618139294773E-03
  0.1042682252879020E-02
  0.1101161774998007E-02
  0.1159598085254544E-02
  0.1217988890358116E-02
  0.1276331898833733E-02
  0.1334624821094810E-02
  0.1392865369546174E-02
  0.1451051258640039E-02
  0.1509180205000990E-02
  0.1567249927483546E-02
  0.1625258147264459E-02
  0.1683202587950310E-02
  0.1741080975647114E-02
  0.1798891039052452E-02
  0.1856630509548542E-02
  0.1914297121290281E-02
  0.1971888611297390E-02
  0.2029402719524969E-02
  0.2086837188979124E-02
  0.2144189765782085E-02
  0.2201458199274358E-02
  0.2258640242105321E-02
  0.2315733650296543E-02
  0.2372736183373512E-02
  0.2429645604399773E-02
  0.2486459680120312E-02
  0.2543176180997880E-02
  0.2599792881341413E-02
  0.2656307559371358E-02
  0.2712717997307223E-02
  0.2769021981470812E-02
  0.2825217302340106E-02
  0.2881301754681266E-02
  0.2937273137600819E-02
  0.2993129254635187E-02
  0.3048867913860494E-02
  0.3104486927947112E-02
  0.3159984114267544E-02
  0.3215357294976786E-02
  0.3270604297092479E-02
  0.3325722952583322E-02
  0.3380711098459764E-02
  0.3435566576846014E-02
  0.3490287235083102E-02
  0.3544870925790497E-02
  0.3599315506971714E-02
  0.3653618842084082E-02
  0.3707778800133642E-02
  0.3761793255747315E-02
  0.3815660089262577E-02
  0.3869377186812138E-02
  0.3922942440403424E-02
  0.3976353748006691E-02
  0.4029609013621378E-02
  0.4082706147387817E-02
  0.4135643065638830E-02
  0.4188417690994635E-02
  0.4241027952455071E-02
  0.4293471785457110E-02
  0.4345747131977821E-02
  0.4397851940601938E-02
  0.4449784166609700E-02
  0.4501541772047361E-02
  0.4553122725823189E-02
  0.4604525003766055E-02
  0.4655746588729564E-02
  0.4706785470646520E-02
  0.4757639646629537E-02
  0.4808307121030267E-02
  0.4858785905536282E-02
  0.4909074019228001E-02
  0.4959169488677552E-02
  0.5009070348019569E-02
  0.5058774639016257E-02
  0.5108280411147082E-02
  0.5157585721682971E-02
  0.5206688635765478E-02
  0.5255587226468175E-02
  0.5304279574892806E-02
  0.5352763770230520E-02
  0.5401037909840953E-02
  0.5449100099324974E-02
  0.5496948452608942E-02
  0.5544581091997613E-02
  0.5591996148273247E-02
  0.5639191760748615E-02
  0.5686166077351474E-02
  0.5732917254694501E-02
  0.5779443458143733E-02
  0.5825742861895741E-02
  0.5871813649049176E-02
  0.5917654011668425E-02
  0.5963262150866190E-02
  0.6008636276867129E-02
  0.6053774609075947E-02
  0.6098675376152341E-02
  0.6143336816080460E-02
  0.6187757176233637E-02
  0.6231934713447436E-02
  0.6275867694083396E-02
  0.6319554394108024E-02
  0.6362993099140296E-02
  0.6406182104539116E-02
  0.6449119715463553E-02
  0.6491804246934342E-02
  0.6534234023905423E-02
  0.6576407381321337E-02
  0.6618322664202089E-02
  0.6659978227685410E-02
  0.6701372437102686E-02
  0.6742503668045432E-02
  0.6783370306416348E-02
  0.6823970748511319E-02
  0.6864303401070214E-02
  0.6904366681334085E-02
  0.6944159017127301E-02
  0.6983678846892608E-02
  0.7022924619779389E-02
  0.7061894795684286E-02
  0.7100587845319256E-02
  0.7139002250276930E-02
  0.7177136503076360E-02
  0.7214989107237748E-02
  0.7252558577331019E-02
  0.7289843439034641E-02
  0.7326842229202390E-02
  0.7363553495903929E-02
  0.7399975798503057E-02
  0.7436107707696035E-02
  0.7471947805583522E-02
  0.7507494685695058E-02
  0.7542746953099408E-02
  0.7577703224405770E-02
  0.7612362127840219E-02
  0.7646722303296800E-02
  0.7680782402413208E-02
  0.7714541088567294E-02
  0.7747997036998371E-02
  0.7781148934805643E-02
  0.7813995481032229E-02
  0.7846535386687810E-02
  0.7878767374834564E-02
  0.7910690180607780E-02
  0.7942302551276570E-02
  0.7973603246291374E-02
  0.8004591037337878E-02
  0.8035264708376757E-02
  0.8065623055696702E-02
  0.8095664887962888E-02
  0.8125389026257007E-02
  0.8154794304133689E-02
  0.8183879567651936E-02
  0.8212643675437068E-02
  0.8241085498714109E-02
  0.8269203921351666E-02
  0.8296997839921390E-02
  0.8324466163713110E-02
  0.8351607814801461E-02
  0.8378421728085797E-02
  0.8404906851321343E-02
  0.8431062145162482E-02
  0.8456886583212942E-02
  0.8482379152055358E-02
  0.8507538851300466E-02
  0.8532364693620649E-02
  0.8556855704785295E-02
  0.8581010923705040E-02
  0.8604829402472650E-02
  0.8628310206394948E-02
  0.8651452414018502E-02
  0.8674255117189689E-02
  0.8696717421074531E-02
  0.8718838444198115E-02
  0.8740617318472959E-02
  0.8762053189243061E-02
  0.8783145215314489E-02
  0.8803892568980672E-02
  0.8824294436064367E-02
  0.8844350015946495E-02
  0.8864058521595360E-02
  0.8883419179602677E-02
  0.8902431230206072E-02
  0.8921093927327811E-02
  0.8939406538591835E-02
  0.8957368345373185E-02
  0.8974978642799229E-02
  0.8992236739803757E-02
  0.9009141959132178E-02
  0.9025693637385691E-02
  0.9041891125031532E-02
  0.9057733786444620E-02
  0.9073220999913374E-02
  0.9088352157685711E-02
  0.9103126665976985E-02
  0.9117543944997676E-02
  0.9131603428978440E-02
  0.9145304566191569E-02
  0.9158646818965952E-02
  0.9171629663725180E-02
  0.9184252590985112E-02
  0.9196515105391522E-02
  0.9208416725734192E-02
  0.9219956984965257E-02
  0.9231135430213810E-02
  0.9241951622811629E-02
  0.9252405138301945E-02
  0.9262495566465637E-02
  0.9272222511329871E-02
  0.9281585591179822E-02
  0.9290584438592217E-02
  0.9299218700424963E-02
  0.9307488037850893E-02
  0.9315392126358318E-02
  0.9322930655772268E-02
  0.9330103330261288E-02
  0.9336909868357179E-02
  0.9343350002947904E-02
  0.9349423481307481E-02
  0.9355130065101800E-02
  0.9360469530383759E-02
  0.9365441667626170E-02
  0.9370046281705862E-02
  0.9374283191926859E-02
  0.9378152232025551E-02
  0.9381653250165947E-02
  0.9384786108966682E-02
  0.9387550685479107E-02
  0.9389946871218116E-02
  0.9391974572149936E-02
  0.9393633708704151E-02
  0.9394924215769386E-02
  0.9395846042707382E-02
  0.9396399153339990E-02
  0.9396583525964574E-02
  0.9396399153340425E-02
  0.9395846042708399E-02
  0.9394924215770772E-02
  0.9393633708703242E-02
  0.9391974572149381E-02
  0.9389946871220967E-02
  0.9387550685478994E-02
  0.9384786108967837E-02
  0.9381653250167890E-02
  0.9378152232026761E-02
  0.9374283191929064E-02
  0.9370046281706445E-02
  0.9365441667625438E-02
  0.9360469530383018E-02
  0.9355130065100827E-02
  0.9349423481307368E-02
  0.9343350002945243E-02
  0.9336909868358835E-02
  0.9330103330264686E-02
  0.9322930655772679E-02
  0.9315392126356785E-02
  0.9307488037849624E-02
  0.9299218700424624E-02
  0.9290584438591563E-02
  0.9281585591178322E-02
  0.9272222511328927E-02
  0.9262495566466088E-02
  0.9252405138301148E-02
  0.9241951622811488E-02
  0.9231135430214447E-02
  0.9219956984964200E-02
  0.9208416725736468E-02
  0.9196515105392412E-02
  0.9184252590984474E-02
  0.9171629663724106E-02
  0.9158646818967114E-02
  0.9145304566190376E-02
  0.9131603428977689E-02
  0.9117543944997936E-02
  0.9103126665976315E-02
  0.9088352157685792E-02
  0.9073220999911390E-02
  0.9057733786443483E-02
  0.9041891125032720E-02
  0.9025693637387085E-02
  0.9009141959133484E-02
  0.8992236739804527E-02
  0.8974978642800432E-02
  0.8957368345371954E-02
  0.8939406538593448E-02
  0.8921093927326160E-02
  0.8902431230205076E-02
  0.8883419179602330E-02
  0.8864058521594902E-02
  0.8844350015946377E-02
  0.8824294436064592E-02
  0.8803892568980239E-02
  0.8783145215313979E-02
  0.8762053189245621E-02
  0.8740617318471649E-02
  0.8718838444197364E-02
  0.8696717421075318E-02
  0.8674255117189087E-02
  0.8651452414017598E-02
  0.8628310206392382E-02
  0.8604829402473578E-02
  0.8581010923707069E-02
  0.8556855704784951E-02
  0.8532364693620804E-02
  0.8507538851301939E-02
  0.8482379152055661E-02
  0.8456886583212638E-02
  0.8431062145162991E-02
  0.8404906851320259E-02
  0.8378421728087473E-02
  0.8351607814802381E-02
  0.8324466163712078E-02
  0.8296997839920116E-02
  0.8269203921352898E-02
  0.8241085498717070E-02
  0.8212643675436832E-02
  0.8183879567651615E-02
  0.8154794304132042E-02
  0.8125389026257545E-02
  0.8095664887963518E-02
  0.8065623055697708E-02
  0.8035264708375383E-02
  0.8004591037339170E-02
  0.7973603246292134E-02
  0.7942302551275617E-02
  0.7910690180607416E-02
  0.7878767374835000E-02
  0.7846535386689788E-02
  0.7813995481030105E-02
  0.7781148934806863E-02
  0.7747997036997880E-02
  0.7714541088569032E-02
  0.7680782402408686E-02
  0.7646722303296056E-02
  0.7612362127838669E-02
  0.7577703224404691E-02
  0.7542746953101696E-02
  0.7507494685698086E-02
  0.7471947805580305E-02
  0.7436107707697313E-02
  0.7399975798504015E-02
  0.7363553495903471E-02
  0.7326842229201500E-02
  0.7289843439035500E-02
  0.7252558577330580E-02
  0.7214989107237892E-02
  0.7177136503076005E-02
  0.7139002250275448E-02
  0.7100587845318064E-02
  0.7061894795681757E-02
  0.7022924619780073E-02
  0.6983678846894522E-02
  0.6944159017126323E-02
  0.6904366681337051E-02
  0.6864303401071248E-02
  0.6823970748513518E-02
  0.6783370306418060E-02
  0.6742503668045348E-02
  0.6701372437102927E-02
  0.6659978227685165E-02
  0.6618322664200477E-02
  0.6576407381322933E-02
  0.6534234023903174E-02
  0.6491804246934416E-02
  0.6449119715464849E-02
  0.6406182104538907E-02
  0.6362993099138851E-02
  0.6319554394106608E-02
  0.6275867694084134E-02
  0.6231934713448045E-02
  0.6187757176232879E-02
  0.6143336816080455E-02
  0.6098675376153366E-02
  0.6053774609074716E-02
  0.6008636276865403E-02
  0.5963262150866868E-02
  0.5917654011666364E-02
  0.5871813649047595E-02
  0.5825742861897144E-02
  0.5779443458143881E-02
  0.5732917254694159E-02
  0.5686166077352907E-02
  0.5639191760747694E-02
  0.5591996148271091E-02
  0.5544581091997900E-02
  0.5496948452608482E-02
  0.5449100099327877E-02
  0.5401037909840263E-02
  0.5352763770230160E-02
  0.5304279574892814E-02
  0.5255587226467055E-02
  0.5206688635763036E-02
  0.5157585721682812E-02
  0.5108280411147428E-02
  0.5058774639014273E-02
  0.5009070348020016E-02
  0.4959169488678203E-02
  0.4909074019226701E-02
  0.4858785905535365E-02
  0.4808307121033789E-02
  0.4757639646629265E-02
  0.4706785470648278E-02
  0.4655746588728060E-02
  0.4604525003766713E-02
  0.4553122725822644E-02
  0.4501541772047413E-02
  0.4449784166610756E-02
  0.4397851940603564E-02
  0.4345747131977927E-02
  0.4293471785456284E-02
  0.4241027952455012E-02
  0.4188417690994230E-02
  0.4135643065637368E-02
  0.4082706147388474E-02
  0.4029609013623036E-02
  0.3976353748005822E-02
  0.3922942440405229E-02
  0.3869377186813011E-02
  0.3815660089262823E-02
  0.3761793255745360E-02
  0.3707778800133846E-02
  0.3653618842086323E-02
  0.3599315506972687E-02
  0.3544870925789052E-02
  0.3490287235082071E-02
  0.3435566576848513E-02
  0.3380711098461413E-02
  0.3325722952582911E-02
  0.3270604297091517E-02
  0.3215357294975889E-02
  0.3159984114267557E-02
  0.3104486927946483E-02
  0.3048867913859120E-02
  0.2993129254636369E-02
  0.2937273137599962E-02
  0.2881301754682297E-02
  0.2825217302340743E-02
  0.2769021981468533E-02
  0.2712717997308480E-02
  0.2656307559372172E-02
  0.2599792881343911E-02
  0.2543176180998654E-02
  0.2486459680119620E-02
  0.2429645604399844E-02
  0.2372736183372405E-02
  0.2315733650298341E-02
  0.2258640242103004E-02
  0.2201458199277837E-02
  0.2144189765781632E-02
  0.2086837188979788E-02
  0.2029402719524445E-02
  0.1971888611296682E-02
  0.1914297121292089E-02
  0.1856630509546092E-02
  0.1798891039051549E-02
  0.1741080975646112E-02
  0.1683202587951097E-02
  0.1625258147265743E-02
  0.1567249927481435E-02
  0.1509180205001071E-02
  0.1451051258642336E-02
  0.1392865369544176E-02
  0.1334624821095256E-02
  0.1276331898832006E-02
  0.1217988890358107E-02
  0.1159598085253700E-02
  0.1101161774999010E-02
  0.1042682252879536E-02
  0.9841618139279210E-03
  0.9256027548285042E-03
  0.8670073738792555E-03
  0.8083779709314420E-03
  0.7497168473886999E-03
  0.6910263062536186E-03
  0.6323086522866002E-03
  0.5735661923830710E-03
  0.5148012364348776E-03
  0.4560160992682327E-03
  0.3972131052776512E-03
  0.3383946005869236E-03
  0.2795629891816802E-03
  0.2207208615675800E-03
  0.1618715898004866E-03
  0.1030235240470937E-03
  0.4425843390865522E-04
