  -1.199914540123517    
  -1.199549739817205    
  -1.198893529146870    
  -1.197945921829435    
  -1.196707130345012    
  -1.195177451547497    
  -1.193357255842476    
  -1.191246985093666    
  -1.188847151983035    
  -1.186158339709094    
  -1.183181201776251    
  -1.179916461805868    
  -1.176364913345977    
  -1.172527419670993    
  -1.168404913567844    
  -1.163998397106928    
  -1.159308941397155    
  -1.154337686324733    
  -1.149085840275553    
  -1.143554679841095    
  -1.137745549507883    
  -1.131659861330509    
  -1.125299094588284    
  -1.118664795425576    
  -1.111758576475922    
  -1.104582116469997    
  -1.097137159827517    
  -1.089425516233192    
  -1.081449060196821    
  -1.073209730597623    
  -1.064709530212939    
  -1.055950525231399    
  -1.046934844750663    
  -1.037664680259904    
  -1.028142285107087    
  -1.018369973951248    
  -1.008350122199842    
 -0.9980851654313481    
 -0.9875775988032317    
 -0.9768299764454365    
 -0.9658449108395318    
 -0.9546250721836866    
 -0.9431731877436074    
 -0.9314920411896047    
 -0.9195844719199560    
 -0.9074533743707109    
 -0.8951016973121312    
 -0.8825324431319110    
 -0.8697486671053748    
 -0.8567534766528134    
 -0.8435500305841469    
 -0.8301415383310938    
 -0.8165312591670412    
 -0.8027225014147916    
 -0.7887186216423941    
 -0.7745230238472456    
 -0.7601391586286562    
 -0.7455705223491069    
 -0.7308206562843544    
 -0.7158931457626503    
 -0.7007916192932202    
 -0.6855197476842770    
 -0.6700812431507287    
 -0.6544798584118328    
 -0.6387193857790056    
 -0.6228036562340002    
 -0.6067365384976952    
 -0.5905219380896983    
 -0.5741637963790164    
 -0.5576660896260001    
 -0.5410328280158144    
 -0.5242680546836727    
 -0.5073758447320329    
 -0.4903603042400464    
 -0.4732255692654826    
 -0.4559758048393416    
 -0.4386152039534439    
 -0.4211479865412169    
 -0.4035783984519337    
 -0.3859107104186505    
 -0.3681492170200998    
 -0.3502982356367803    
 -0.3323621054015112    
 -0.3143451861446956    
 -0.2962518573345518    
 -0.2780865170125770    
 -0.2598535807244861    
 -0.2415574804469044    
 -0.2232026635100649    
 -0.2047935915167709    
 -0.1863347392578888    
 -0.1678305936246404    
 -0.1492856525179465    
 -0.1307044237551022    
 -0.1120914239740346    
 -0.9345117753542186E-01
 -0.7478821542293124E-01
 -0.5610707414184821E-01
 -0.3741229461636764E-01
 -0.1870842108580437E-01
 -0.2020682782628397E-15
  0.1870842108580397E-01
  0.3741229461636740E-01
  0.5610707414184753E-01
  0.7478821542293029E-01
  0.9345117753542165E-01
  0.1120914239740346    
  0.1307044237551016    
  0.1492856525179465    
  0.1678305936246398    
  0.1863347392578892    
  0.2047935915167705    
  0.2232026635100649    
  0.2415574804469043    
  0.2598535807244857    
  0.2780865170125776    
  0.2962518573345527    
  0.3143451861446951    
  0.3323621054015108    
  0.3502982356367798    
  0.3681492170200997    
  0.3859107104186507    
  0.4035783984519333    
  0.4211479865412172    
  0.4386152039534443    
  0.4559758048393422    
  0.4732255692654831    
  0.4903603042400467    
  0.5073758447320318    
  0.5242680546836735    
  0.5410328280158159    
  0.5576660896259987    
  0.5741637963790155    
  0.5905219380896984    
  0.6067365384976942    
  0.6228036562340002    
  0.6387193857790044    
  0.6544798584118322    
  0.6700812431507283    
  0.6855197476842777    
  0.7007916192932211    
  0.7158931457626507    
  0.7308206562843551    
  0.7455705223491056    
  0.7601391586286559    
  0.7745230238472447    
  0.7887186216423941    
  0.8027225014147913    
  0.8165312591670405    
  0.8301415383310932    
  0.8435500305841460    
  0.8567534766528131    
  0.8697486671053754    
  0.8825324431319105    
  0.8951016973121316    
  0.9074533743707118    
  0.9195844719199562    
  0.9314920411896048    
  0.9431731877436070    
  0.9546250721836862    
  0.9658449108395318    
  0.9768299764454360    
  0.9875775988032319    
  0.9980851654313480    
   1.008350122199842    
   1.018369973951248    
   1.028142285107088    
   1.037664680259904    
   1.046934844750664    
   1.055950525231398    
   1.064709530212940    
   1.073209730597622    
   1.081449060196820    
   1.089425516233192    
   1.097137159827517    
   1.104582116469997    
   1.111758576475922    
   1.118664795425575    
   1.125299094588283    
   1.131659861330509    
   1.137745549507883    
   1.143554679841095    
   1.149085840275554    
   1.154337686324733    
   1.159308941397154    
   1.163998397106929    
   1.168404913567845    
   1.172527419670994    
   1.176364913345978    
   1.179916461805870    
   1.183181201776252    
   1.186158339709094    
   1.188847151983035    
   1.191246985093666    
   1.193357255842476    
   1.195177451547498    
   1.196707130345012    
   1.197945921829436    
   1.198893529146871    
   1.199549739817206    
   1.199914540123518    
