  -9.997193395297703    
  -9.985215119897573    
  -9.963677327909442    
  -9.932595861878678    
  -9.891999908750332    
  -9.841928216302202    
  -9.782428702864431    
  -9.713558345581706    
  -9.635383108331343    
  -9.547977872711913    
  -9.451426364046485    
  -9.345821070189453    
  -9.231263152456142    
  -9.107862348473940    
  -8.975736866928790    
  -8.835013274253606    
  -8.685826373341301    
  -8.528319074385106    
  -8.362642257962891    
  -8.188954630492574    
  -8.007422572194871    
  -7.818219977707431    
  -7.621528089502493    
  -7.417535324266845    
  -7.206437092410166    
  -6.988435610874441    
  -6.763739709423540    
  -6.532564630598451    
  -6.295131823529777    
  -6.051668731804854    
  -5.802408575592736    
  -5.547590128235733    
  -5.287457487521396    
  -5.022259841854194    
  -4.752251231550765    
  -4.477690305487354    
  -4.198840073332669    
  -3.915967653603421    
  -3.629344017783817    
  -3.339243730754320    
  -3.045944687778133    
  -2.749727848297399    
  -2.450876966794200    
  -2.149678320974093    
  -1.846420437532571    
  -1.541393815767159    
  -1.234890649299896    
 -0.9272045461768296    
 -0.6186302476124823    
 -0.3094633456489820    
 -0.1890654957764126E-14
  0.3094633456489800    
  0.6186302476124832    
  0.9272045461768214    
   1.234890649299900    
   1.541393815767157    
   1.846420437532575    
   2.149678320974096    
   2.450876966794194    
   2.749727848297393    
   3.045944687778129    
   3.339243730754322    
   3.629344017783818    
   3.915967653603423    
   4.198840073332677    
   4.477690305487353    
   4.752251231550765    
   5.022259841854193    
   5.287457487521390    
   5.547590128235734    
   5.802408575592743    
   6.051668731804854    
   6.295131823529772    
   6.532564630598451    
   6.763739709423536    
   6.988435610874443    
   7.206437092410169    
   7.417535324266843    
   7.621528089502493    
   7.818219977707429    
   8.007422572194866    
   8.188954630492582    
   8.362642257962884    
   8.528319074385104    
   8.685826373341303    
   8.835013274253608    
   8.975736866928786    
   9.107862348473940    
   9.231263152456140    
   9.345821070189457    
   9.451426364046485    
   9.547977872711913    
   9.635383108331348    
   9.713558345581715    
   9.782428702864435    
   9.841928216302207    
   9.891999908750336    
   9.932595861878678    
   9.963677327909441    
   9.985215119897580    
   9.997193395297705    
