  -1.999438679059541    
  -1.997043023979515    
  -1.992735465581889    
  -1.986519172375735    
  -1.978399981750067    
  -1.968385643260441    
  -1.956485740572886    
  -1.942711669116341    
  -1.927076621666269    
  -1.909595574542383    
  -1.890285272809297    
  -1.869164214037891    
  -1.846252630491229    
  -1.821572469694788    
  -1.795147373385758    
  -1.767002654850721    
  -1.737165274668260    
  -1.705663814877021    
  -1.672528451592578    
  -1.637790926098515    
  -1.601484514438974    
  -1.563643995541486    
  -1.524305617900499    
  -1.483507064853369    
  -1.441287418482033    
  -1.397687122174888    
  -1.352747941884708    
  -1.306512926119690    
  -1.259026364705955    
  -1.210333746360971    
  -1.160481715118547    
  -1.109518025647147    
  -1.057491497504279    
  -1.004451968370839    
 -0.9504502463101530    
 -0.8955380610974708    
 -0.8397680146665338    
 -0.7831935307206843    
 -0.7258688035567633    
 -0.6678487461508641    
 -0.6091889375556266    
 -0.5499455696594797    
 -0.4901753933588400    
 -0.4299356641948186    
 -0.3692840875065143    
 -0.3082787631534317    
 -0.2469781298599792    
 -0.1854409092353659    
 -0.1237260495224965    
 -0.6189266912979640E-01
 -0.3781309915528252E-15
  0.6189266912979601E-01
  0.1237260495224966    
  0.1854409092353643    
  0.2469781298599799    
  0.3082787631534314    
  0.3692840875065151    
  0.4299356641948192    
  0.4901753933588388    
  0.5499455696594786    
  0.6091889375556258    
  0.6678487461508643    
  0.7258688035567636    
  0.7831935307206846    
  0.8397680146665353    
  0.8955380610974705    
  0.9504502463101530    
   1.004451968370839    
   1.057491497504278    
   1.109518025647147    
   1.160481715118549    
   1.210333746360971    
   1.259026364705954    
   1.306512926119690    
   1.352747941884707    
   1.397687122174889    
   1.441287418482034    
   1.483507064853369    
   1.524305617900499    
   1.563643995541486    
   1.601484514438973    
   1.637790926098516    
   1.672528451592577    
   1.705663814877021    
   1.737165274668261    
   1.767002654850722    
   1.795147373385757    
   1.821572469694788    
   1.846252630491228    
   1.869164214037891    
   1.890285272809297    
   1.909595574542383    
   1.927076621666270    
   1.942711669116343    
   1.956485740572887    
   1.968385643260442    
   1.978399981750067    
   1.986519172375735    
   1.992735465581888    
   1.997043023979516    
   1.999438679059541    
