  0.9138126556738277E-03
  0.2126966352236026E-02
  0.3341399826589893E-02
  0.4555177166773025E-02
  0.5767878595143232E-02
  0.6979187383199147E-02
  0.8188803271545725E-02
  0.9396430253560703E-02
  0.1060177398864488E-01
  0.1180454112543050E-01
  0.1300443912028452E-01
  0.1420117621066857E-01
  0.1539446144413049E-01
  0.1658400472947592E-01
  0.1776951689754280E-01
  0.1895070976632241E-01
  0.2012729620819141E-01
  0.2129899021802617E-01
  0.2246550698171538E-01
  0.2362656294486699E-01
  0.2478187588125734E-01
  0.2593116496124351E-01
  0.2707415081982289E-01
  0.2821055562445561E-01
  0.2934010314246034E-01
  0.3046251880821867E-01
  0.3157752978974129E-01
  0.3268486505507254E-01
  0.3378425543805887E-01
  0.3487543370384828E-01
  0.3595813461375034E-01
  0.3703209498977589E-01
  0.3809705377854409E-01
  0.3915275211477004E-01
  0.4019893338418575E-01
  0.4123534328587272E-01
  0.4226172989412052E-01
  0.4327784371963343E-01
  0.4428343777020045E-01
  0.4527826761068154E-01
  0.4626209142249559E-01
  0.4723467006232282E-01
  0.4819576712029863E-01
  0.4914514897743021E-01
  0.5008258486241411E-01
  0.5100784690772275E-01
  0.5192071020497797E-01
  0.5282095285963981E-01
  0.5370835604494618E-01
  0.5458270405507167E-01
  0.5544378435761403E-01
  0.5629138764517713E-01
  0.5712530788635353E-01
  0.5794534237569826E-01
  0.5875129178306976E-01
  0.5954296020206926E-01
  0.6032015519764917E-01
  0.6108268785288003E-01
  0.6183037281491249E-01
  0.6256302833996522E-01
  0.6328047633761322E-01
  0.6398254241389513E-01
  0.6466905591395110E-01
  0.6533984996323872E-01
  0.6599476150832394E-01
  0.6663363135635718E-01
  0.6725630421386540E-01
  0.6786262872443249E-01
  0.6845245750555212E-01
  0.6902564718441247E-01
  0.6958205843274369E-01
  0.7012155600071901E-01
  0.7064400874979762E-01
  0.7114928968459275E-01
  0.7163727598381781E-01
  0.7210784903002884E-01
  0.7256089443856011E-01
  0.7299630208522144E-01
  0.7341396613319598E-01
  0.7381378505865623E-01
  0.7419566167548379E-01
  0.7455950315891710E-01
  0.7490522106806013E-01
  0.7523273136743659E-01
  0.7554195444736775E-01
  0.7583281514336468E-01
  0.7610524275437137E-01
  0.7635917105996361E-01
  0.7659453833643706E-01
  0.7681128737181914E-01
  0.7700936547976917E-01
  0.7718872451239811E-01
  0.7734932087193901E-01
  0.7749111552140034E-01
  0.7761407399398759E-01
  0.7771816640153134E-01
  0.7780336744175693E-01
  0.7786965640436967E-01
  0.7791701717617548E-01
  0.7794543824493783E-01
  0.7795491270219192E-01
  0.7794543824494167E-01
  0.7791701717617638E-01
  0.7786965640436708E-01
  0.7780336744175682E-01
  0.7771816640153416E-01
  0.7761407399398551E-01
  0.7749111552140039E-01
  0.7734932087193980E-01
  0.7718872451239701E-01
  0.7700936547977483E-01
  0.7681128737181947E-01
  0.7659453833643465E-01
  0.7635917105996076E-01
  0.7610524275436691E-01
  0.7583281514336326E-01
  0.7554195444737115E-01
  0.7523273136743189E-01
  0.7490522106806537E-01
  0.7455950315891287E-01
  0.7419566167548382E-01
  0.7381378505866125E-01
  0.7341396613319318E-01
  0.7299630208522487E-01
  0.7256089443855367E-01
  0.7210784903003671E-01
  0.7163727598381930E-01
  0.7114928968459830E-01
  0.7064400874978850E-01
  0.7012155600072087E-01
  0.6958205843274805E-01
  0.6902564718440804E-01
  0.6845245750555083E-01
  0.6786262872443041E-01
  0.6725630421386303E-01
  0.6663363135635533E-01
  0.6599476150832234E-01
  0.6533984996323894E-01
  0.6466905591394666E-01
  0.6398254241389995E-01
  0.6328047633760324E-01
  0.6256302833996721E-01
  0.6183037281491296E-01
  0.6108268785288169E-01
  0.6032015519764584E-01
  0.5954296020206775E-01
  0.5875129178307698E-01
  0.5794534237568884E-01
  0.5712530788634791E-01
  0.5629138764517892E-01
  0.5544378435760620E-01
  0.5458270405507251E-01
  0.5370835604494474E-01
  0.5282095285964002E-01
  0.5192071020497420E-01
  0.5100784690772417E-01
  0.5008258486242192E-01
  0.4914514897743069E-01
  0.4819576712029788E-01
  0.4723467006232715E-01
  0.4626209142249437E-01
  0.4527826761068310E-01
  0.4428343777019240E-01
  0.4327784371963388E-01
  0.4226172989412031E-01
  0.4123534328587534E-01
  0.4019893338418937E-01
  0.3915275211476957E-01
  0.3809705377854330E-01
  0.3703209498977669E-01
  0.3595813461375529E-01
  0.3487543370385016E-01
  0.3378425543806565E-01
  0.3268486505507099E-01
  0.3157752978974081E-01
  0.3046251880821346E-01
  0.2934010314246351E-01
  0.2821055562444678E-01
  0.2707415081982444E-01
  0.2593116496124587E-01
  0.2478187588125906E-01
  0.2362656294486557E-01
  0.2246550698171895E-01
  0.2129899021801786E-01
  0.2012729620819433E-01
  0.1895070976632262E-01
  0.1776951689753435E-01
  0.1658400472947892E-01
  0.1539446144413288E-01
  0.1420117621067370E-01
  0.1300443912028514E-01
  0.1180454112543305E-01
  0.1060177398864136E-01
  0.9396430253570644E-02
  0.8188803271553552E-02
  0.6979187383193166E-02
  0.5767878595140498E-02
  0.4555177166766928E-02
  0.3341399826594206E-02
  0.2126966352228821E-02
  0.9138126556701697E-03
