  -4.999960039103351    
  -4.999789449613248    
  -4.999482550911067    
  -4.999039283201631    
  -4.998459650227018    
  -4.997743665804965    
  -4.996891348802362    
  -4.995902722198059    
  -4.994777812833330    
  -4.993516651328346    
  -4.992119272049155    
  -4.990585713092671    
  -4.988916016278933    
  -4.987110227146488    
  -4.985168394949275    
  -4.983090572654193    
  -4.980876816939048    
  -4.978527188190564    
  -4.976041750502499    
  -4.973420571673743    
  -4.970663723206349    
  -4.967771280303489    
  -4.964743321867381    
  -4.961579930497065    
  -4.958281192486141    
  -4.954847197820399    
  -4.951278040175326    
  -4.947573816913572    
  -4.943734629082249    
  -4.939760581410205    
  -4.935651782305126    
  -4.931408343850604    
  -4.927030381803064    
  -4.922518015588595    
  -4.917871368299702    
  -4.913090566691952    
  -4.908175741180503    
  -4.903127025836542    
  -4.897944558383647    
  -4.892628480193997    
  -4.887178936284551    
  -4.881596075313068    
  -4.875880049574060    
  -4.870031014994631    
  -4.864049131130230    
  -4.857934561160295    
  -4.851687471883804    
  -4.845308033714717    
  -4.838796420677339    
  -4.832152810401562    
  -4.825377384118024    
  -4.818470326653167    
  -4.811431826424196    
  -4.804262075433930    
  -4.796961269265570    
  -4.789529607077374    
  -4.781967291597192    
  -4.774274529116980    
  -4.766451529487139    
  -4.758498506110811    
  -4.750415675938039    
  -4.742203259459860    
  -4.733861480702289    
  -4.725390567220213    
  -4.716790750091167    
  -4.708062263909051    
  -4.699205346777710    
  -4.690220240304459    
  -4.681107189593478    
  -4.671866443239137    
  -4.662498253319194    
  -4.653002875387947    
  -4.643380568469234    
  -4.633631595049393    
  -4.623756221070093    
  -4.613754715921065    
  -4.603627352432765    
  -4.593374406868938    
  -4.582996158919079    
  -4.572492891690784    
  -4.561864891702058    
  -4.551112448873475    
  -4.540235856520281    
  -4.529235411344387    
  -4.518111413426281    
  -4.506864166216832    
  -4.495493976529033    
  -4.484001154529599    
  -4.472386013730539    
  -4.460648870980584    
  -4.448790046456550    
  -4.436809863654601    
  -4.424708649381428    
  -4.412486733745338    
  -4.400144450147229    
  -4.387682135271523    
  -4.375100129076959    
  -4.362398774787330    
  -4.349578418882127    
  -4.336639411087067    
  -4.323582104364576    
  -4.310406854904140    
  -4.297114022112602    
  -4.283703968604356    
  -4.270177060191446    
  -4.256533665873603    
  -4.242774157828166    
  -4.228898911399927    
  -4.214908305090911    
  -4.200802720550022    
  -4.186582542562665    
  -4.172248159040225    
  -4.157799961009494    
  -4.143238342602001    
  -4.128563701043266    
  -4.113776436641960    
  -4.098876952778983    
  -4.083865655896466    
  -4.068742955486682    
  -4.053509264080867    
  -4.038164997237986    
  -4.022710573533372    
  -4.007146414547328    
  -3.991472944853613    
  -3.975690592007878    
  -3.959799786535974    
  -3.943800961922241    
  -3.927694554597663    
  -3.911481003927952    
  -3.895160752201602    
  -3.878734244617770    
  -3.862201929274185    
  -3.845564257154889    
  -3.828821682117943    
  -3.811974660883052    
  -3.795023653019103    
  -3.777969120931628    
  -3.760811529850180    
  -3.743551347815673    
  -3.726189045667573    
  -3.708725097031087    
  -3.691159978304228    
  -3.673494168644820    
  -3.655728149957424    
  -3.637862406880209    
  -3.619897426771711    
  -3.601833699697546    
  -3.583671718417049    
  -3.565411978369824    
  -3.547054977662223    
  -3.528601217053782    
  -3.510051199943524    
  -3.491405432356262    
  -3.472664422928775    
  -3.453828682895945    
  -3.434898726076787    
  -3.415875068860470    
  -3.396758230192205    
  -3.377548731559089    
  -3.358247096975889    
  -3.338853852970738    
  -3.319369528570788    
  -3.299794655287754    
  -3.280129767103434    
  -3.260375400455145    
  -3.240532094221069    
  -3.220600389705574    
  -3.200580830624435    
  -3.180473963090011    
  -3.160280335596334    
  -3.140000499004171    
  -3.119635006525963    
  -3.099184413710771    
  -3.078649278429090    
  -3.058030160857652    
  -3.037327623464130    
  -3.016542230991806    
  -2.995674550444164    
  -2.974725151069408    
  -2.953694604344959    
  -2.932583483961839    
  -2.911392365809042    
  -2.890121827957825    
  -2.868772450645892    
  -2.847344816261659    
  -2.825839509328275    
  -2.804257116487716    
  -2.782598226484797    
  -2.760863430151079    
  -2.739053320388774    
  -2.717168492154567    
  -2.695209542443369    
  -2.673177070272068    
  -2.651071676663152    
  -2.628893964628336    
  -2.606644539152102    
  -2.584324007175190    
  -2.561932977578069    
  -2.539472061164297    
  -2.516941870643854    
  -2.494343020616486    
  -2.471676127554857    
  -2.448941809787805    
  -2.426140687483395    
  -2.403273382632107    
  -2.380340519029791    
  -2.357342722260634    
  -2.334280619680185    
  -2.311154840398151    
  -2.287966015261285    
  -2.264714776836164    
  -2.241401759391929    
  -2.218027598882997    
  -2.194592932931689    
  -2.171098400810862    
  -2.147544643426454    
  -2.123932303300003    
  -2.100262024551125    
  -2.076534452879942    
  -2.052750235549466    
  -2.028910021367939    
  -2.005014460671135    
  -1.981064205304629    
  -1.957059908606015    
  -1.933002225387054    
  -1.908891811915862    
  -1.884729325898962    
  -1.860515426463367    
  -1.836250774138599    
  -1.811936030838648    
  -1.787571859843952    
  -1.763158925783276    
  -1.738697894615586    
  -1.714189433611895    
  -1.689634211337044    
  -1.665032897631475    
  -1.640386163592953    
  -1.615694681558266    
  -1.590959125084873    
  -1.566180168932549    
  -1.541358489044951    
  -1.516494762531211    
  -1.491589667647431    
  -1.466643883778211    
  -1.441658091418097    
  -1.416632972153022    
  -1.391569208641727    
  -1.366467484597119    
  -1.341328484767623    
  -1.316152894918517    
  -1.290941401813217    
  -1.265694693194530    
  -1.240413457765916    
  -1.215098385172686    
  -1.189750165983193    
  -1.164369491669989    
  -1.138957054590982    
  -1.113513547970517    
  -1.088039665880496    
  -1.062536103221427    
  -1.037003555703470    
  -1.011442719827460    
 -0.9858542928659173    
 -0.9602389728440131    
 -0.9345974585205269    
 -0.9089304493687955    
 -0.8832386455576389    
 -0.8575227479322292    
 -0.8317834579950033    
 -0.8060214778865196    
 -0.7802375103662857    
 -0.7544322587936141    
 -0.7286064271084203    
 -0.7027607198120303    
 -0.6768958419479399    
 -0.6510124990826167    
 -0.6251113972862177    
 -0.5991932431133535    
 -0.5732587435838059    
 -0.5473086061632350    
 -0.5213435387438904    
 -0.4953642496252972    
 -0.4693714474949310    
 -0.4433658414088865    
 -0.4173481407725365    
 -0.3913190553211862    
 -0.3652792951007025    
 -0.3392295704481479    
 -0.3131705919724033    
 -0.2871030705347912    
 -0.2610277172296708    
 -0.2349452433650415    
 -0.2088563604431504    
 -0.1827617801410817    
 -0.1566622142913337    
 -0.1305583748623939    
 -0.1044509739393512    
 -0.7834072370442569E-01
 -0.5222833641757953E-01
 -0.2611452439706273E-01
  0.2173622134033565E-14
  0.2611452439706771E-01
  0.5222833641758232E-01
  0.7834072370443008E-01
  0.1044509739393521    
  0.1305583748623991    
  0.1566622142913375    
  0.1827617801410867    
  0.2088563604431534    
  0.2349452433650437    
  0.2610277172296717    
  0.2871030705347944    
  0.3131705919724077    
  0.3392295704481514    
  0.3652792951007034    
  0.3913190553211902    
  0.4173481407725374    
  0.4433658414088838    
  0.4693714474949336    
  0.4953642496252991    
  0.5213435387438912    
  0.5473086061632372    
  0.5732587435838050    
  0.5991932431133546    
  0.6251113972862171    
  0.6510124990826169    
  0.6768958419479409    
  0.7027607198120290    
  0.7286064271084221    
  0.7544322587936146    
  0.7802375103662855    
  0.8060214778865205    
  0.8317834579950089    
  0.8575227479322332    
  0.8832386455576408    
  0.9089304493688000    
  0.9345974585205277    
  0.9602389728440125    
  0.9858542928659195    
   1.011442719827461    
   1.037003555703470    
   1.062536103221430    
   1.088039665880500    
   1.113513547970522    
   1.138957054590983    
   1.164369491669994    
   1.189750165983195    
   1.215098385172687    
   1.240413457765918    
   1.265694693194529    
   1.290941401813220    
   1.316152894918520    
   1.341328484767623    
   1.366467484597118    
   1.391569208641728    
   1.416632972153024    
   1.441658091418095    
   1.466643883778209    
   1.491589667647433    
   1.516494762531210    
   1.541358489044954    
   1.566180168932551    
   1.590959125084876    
   1.615694681558266    
   1.640386163592953    
   1.665032897631477    
   1.689634211337047    
   1.714189433611899    
   1.738697894615590    
   1.763158925783278    
   1.787571859843954    
   1.811936030838650    
   1.836250774138595    
   1.860515426463369    
   1.884729325898962    
   1.908891811915863    
   1.933002225387054    
   1.957059908606010    
   1.981064205304630    
   2.005014460671131    
   2.028910021367933    
   2.052750235549462    
   2.076534452879942    
   2.100262024551122    
   2.123932303300001    
   2.147544643426449    
   2.171098400810860    
   2.194592932931688    
   2.218027598882996    
   2.241401759391931    
   2.264714776836164    
   2.287966015261285    
   2.311154840398152    
   2.334280619680188    
   2.357342722260641    
   2.380340519029791    
   2.403273382632116    
   2.426140687483403    
   2.448941809787799    
   2.471676127554862    
   2.494343020616487    
   2.516941870643859    
   2.539472061164294    
   2.561932977578065    
   2.584324007175192    
   2.606644539152101    
   2.628893964628336    
   2.651071676663155    
   2.673177070272069    
   2.695209542443369    
   2.717168492154563    
   2.739053320388777    
   2.760863430151078    
   2.782598226484801    
   2.804257116487718    
   2.825839509328276    
   2.847344816261664    
   2.868772450645902    
   2.890121827957825    
   2.911392365809049    
   2.932583483961845    
   2.953694604344963    
   2.974725151069412    
   2.995674550444164    
   3.016542230991810    
   3.037327623464130    
   3.058030160857649    
   3.078649278429087    
   3.099184413710766    
   3.119635006525958    
   3.140000499004163    
   3.160280335596330    
   3.180473963090005    
   3.200580830624433    
   3.220600389705573    
   3.240532094221067    
   3.260375400455145    
   3.280129767103436    
   3.299794655287754    
   3.319369528570788    
   3.338853852970742    
   3.358247096975889    
   3.377548731559092    
   3.396758230192209    
   3.415875068860473    
   3.434898726076786    
   3.453828682895940    
   3.472664422928777    
   3.491405432356264    
   3.510051199943522    
   3.528601217053784    
   3.547054977662227    
   3.565411978369823    
   3.583671718417051    
   3.601833699697545    
   3.619897426771709    
   3.637862406880207    
   3.655728149957425    
   3.673494168644817    
   3.691159978304229    
   3.708725097031085    
   3.726189045667573    
   3.743551347815668    
   3.760811529850177    
   3.777969120931624    
   3.795023653019101    
   3.811974660883052    
   3.828821682117942    
   3.845564257154889    
   3.862201929274188    
   3.878734244617772    
   3.895160752201600    
   3.911481003927952    
   3.927694554597662    
   3.943800961922245    
   3.959799786535973    
   3.975690592007877    
   3.991472944853614    
   4.007146414547326    
   4.022710573533370    
   4.038164997237987    
   4.053509264080869    
   4.068742955486679    
   4.083865655896467    
   4.098876952778983    
   4.113776436641960    
   4.128563701043266    
   4.143238342601999    
   4.157799961009492    
   4.172248159040223    
   4.186582542562661    
   4.200802720550017    
   4.214908305090905    
   4.228898911399926    
   4.242774157828165    
   4.256533665873604    
   4.270177060191448    
   4.283703968604356    
   4.297114022112603    
   4.310406854904142    
   4.323582104364577    
   4.336639411087070    
   4.349578418882125    
   4.362398774787328    
   4.375100129076954    
   4.387682135271521    
   4.400144450147228    
   4.412486733745337    
   4.424708649381428    
   4.436809863654602    
   4.448790046456547    
   4.460648870980581    
   4.472386013730535    
   4.484001154529593    
   4.495493976529028    
   4.506864166216832    
   4.518111413426277    
   4.529235411344387    
   4.540235856520280    
   4.551112448873475    
   4.561864891702058    
   4.572492891690787    
   4.582996158919076    
   4.593374406868937    
   4.603627352432762    
   4.613754715921061    
   4.623756221070091    
   4.633631595049393    
   4.643380568469234    
   4.653002875387943    
   4.662498253319193    
   4.671866443239137    
   4.681107189593481    
   4.690220240304461    
   4.699205346777713    
   4.708062263909051    
   4.716790750091169    
   4.725390567220219    
   4.733861480702293    
   4.742203259459862    
   4.750415675938042    
   4.758498506110815    
   4.766451529487139    
   4.774274529116980    
   4.781967291597191    
   4.789529607077373    
   4.796961269265573    
   4.804262075433933    
   4.811431826424199    
   4.818470326653170    
   4.825377384118025    
   4.832152810401560    
   4.838796420677338    
   4.845308033714718    
   4.851687471883802    
   4.857934561160297    
   4.864049131130232    
   4.870031014994633    
   4.875880049574063    
   4.881596075313074    
   4.887178936284553    
   4.892628480193998    
   4.897944558383646    
   4.903127025836544    
   4.908175741180506    
   4.913090566691956    
   4.917871368299704    
   4.922518015588593    
   4.927030381803066    
   4.931408343850608    
   4.935651782305129    
   4.939760581410209    
   4.943734629082253    
   4.947573816913573    
   4.951278040175331    
   4.954847197820400    
   4.958281192486144    
   4.961579930497067    
   4.964743321867382    
   4.967771280303491    
   4.970663723206351    
   4.973420571673742    
   4.976041750502497    
   4.978527188190560    
   4.980876816939050    
   4.983090572654197    
   4.985168394949271    
   4.987110227146486    
   4.988916016278932    
   4.990585713092668    
   4.992119272049147    
   4.993516651328341    
   4.994777812833327    
   4.995902722198059    
   4.996891348802358    
   4.997743665804963    
   4.998459650227019    
   4.999039283201632    
   4.999482550911062    
   4.999789449613243    
   4.999960039103353    
