  -9.999885027410993    
  -9.999394221232658    
  -9.998511243461882    
  -9.997235932622837    
  -9.995568314738225    
  -9.993508449512312    
  -9.991056415867686    
  -9.988212309247203    
  -9.984976240894044    
  -9.981348337609194    
  -9.977328741653821    
  -9.972917610703226    
  -9.968115117821332    
  -9.962921451443938    
  -9.957336815365915    
  -9.951361428730101    
  -9.944995526016861    
  -9.938239357033726    
  -9.931093186904869    
  -9.923557296060237    
  -9.915631980224177    
  -9.907317550403658    
  -9.898614332875903    
  -9.889522669175458    
  -9.880042916080701    
  -9.870175445599827    
  -9.859920644956144    
  -9.849278916572908    
  -9.838250678057449    
  -9.826836362184837    
  -9.815036416880789    
  -9.802851305204157    
  -9.790281505328695    
  -9.777327510524342    
  -9.763989829137801    
  -9.750268984572630    
  -9.736165515268656    
  -9.721679974680914    
  -9.706812931257824    
  -9.691564968418973    
  -9.675936684532157    
  -9.659928692889933    
  -9.643541621685554    
  -9.626776113988278    
  -9.609632827718178    
  -9.592112435620265    
  -9.574215625238166    
  -9.555943098887068    
  -9.537295573626205    
  -9.518273781230699    
  -9.498878468162829    
  -9.479110395542774    
  -9.458970339118720    
  -9.438459089236403    
  -9.417577450808148    
  -9.396326243281225    
  -9.374706300605704    
  -9.352718471201758    
  -9.330363617926338    
  -9.307642618039333    
  -9.284556363169113    
  -9.261105759277578    
  -9.237291726624594    
  -9.213115199731865    
  -9.188577127346248    
  -9.163678472402573    
  -9.138420211985824    
  -9.112803337292769    
  -9.086828853593115    
  -9.060497780190021    
  -9.033811150380128    
  -9.006770011412973    
  -8.979375424449911    
  -8.951628464522482    
  -8.923530220490223    
  -8.895081794997923    
  -8.866284304432350    
  -8.837138878878477    
  -8.807646662075076    
  -8.777808811369898    
  -8.747626497674206    
  -8.717100905416856    
  -8.686233232497809    
  -8.655024690241099    
  -8.623476503347355    
  -8.591589909845659    
  -8.559366161045034    
  -8.526806521485321    
  -8.493912268887540    
  -8.460684694103747    
  -8.427125101066395    
  -8.393234806737148    
  -8.359015141055231    
  -8.324467446885187    
  -8.289593079964241    
  -8.254393408849062    
  -8.218869814862037    
  -8.183023692037105    
  -8.146856447065048    
  -8.110369499238271    
  -8.073564280395104    
  -8.036442234863632    
  -7.999004819404986    
  -7.961253503156227    
  -7.923189767572639    
  -7.884815106369610    
  -7.846131025464043    
  -7.807139042915217    
  -7.767840688865243    
  -7.728237505479026    
  -7.688331046883695    
  -7.648122879107683    
  -7.607614580019224    
  -7.566807739264457    
  -7.525703958205019    
  -7.484304849855242    
  -7.442612038818836    
  -7.400627161225096    
  -7.358351864664763    
  -7.315787808125357    
  -7.272936661926025    
  -7.229800107652029    
  -7.186379838088749    
  -7.142677557155278    
  -7.098694979837514    
  -7.054433832120881    
  -7.009895850922616    
  -6.965082784023559    
  -6.919996389999622    
  -6.874638438152728    
  -6.829010708441428    
  -6.783114991411008    
  -6.736953088123244    
  -6.690526810085725    
  -6.643837979180760    
  -6.596888427593869    
  -6.549679997741928    
  -6.502214542200814    
  -6.454493923632738    
  -6.406520014713149    
  -6.358294698057212    
  -6.309819866145981    
  -6.261097421252098    
  -6.212129275365163    
  -6.162917350116667    
  -6.113463576704640    
  -6.063769895817796    
  -6.013838257559447    
  -5.963670621370949    
  -5.913268955954752    
  -5.862635239197243    
  -5.811771458091044    
  -5.760679608657125    
  -5.709361695866341    
  -5.657819733560936    
  -5.606055744375306    
  -5.554071759656809    
  -5.501869819385931    
  -5.449451972096328    
  -5.396820274794304    
  -5.343976792878232    
  -5.290923600057419    
  -5.237662778270743    
  -5.184196417604957    
  -5.130526616212682    
  -5.076655480230041    
  -5.022585123694031    
  -4.968317668459575    
  -4.913855244116191    
  -4.859199987904553    
  -4.804354044632452    
  -4.749319566590716    
  -4.694098713468829    
  -4.638693652270019    
  -4.583106557226294    
  -4.527339609713171    
  -4.471394998163987    
  -4.415274917984054    
  -4.358981571464538    
  -4.302517167695984    
  -4.245883922481644    
  -4.189084058250550    
  -4.132119803970252    
  -4.074993395059384    
  -4.017707073299933    
  -3.960263086749265    
  -3.902663689651891    
  -3.844911142351019    
  -3.787007711199875    
  -3.728955668472705    
  -3.670757292275669    
  -3.612414866457414    
  -3.553930680519422    
  -3.495307029526229    
  -3.436546214015316    
  -3.377650539906835    
  -3.318622318413114    
  -3.259463865947987    
  -3.200177504035872    
  -3.140765559220664    
  -3.081230362974440    
  -3.021574251605977    
  -2.961799566169061    
  -2.901908652370608    
  -2.841903860478636    
  -2.781787545230026    
  -2.721562065738089    
  -2.661229785400037    
  -2.600793071804195    
  -2.540254296637110    
  -2.479615835590483    
  -2.418880068267936    
  -2.358049378091647    
  -2.297126152208762    
  -2.236112781397790    
  -2.175011659974741    
  -2.113825185699175    
  -2.052555759680113    
  -1.991205786281807    
  -1.929777673029391    
  -1.868273830514389    
  -1.806696672300151    
  -1.745048614827087    
  -1.683332077317903    
  -1.621549481682599    
  -1.559703252423494    
  -1.497795816540011    
  -1.435829603433507    
  -1.373807044811875    
  -1.311730574594162    
  -1.249602628815044    
  -1.187425645529205    
  -1.125202064715702    
  -1.062934328182193    
  -1.000624879469106    
 -0.9382761637537564    
 -0.8758906277544093    
 -0.8134707196342378    
 -0.7510188889052648    
 -0.6885375863322376    
 -0.6260292638364556    
 -0.5634963743995263    
 -0.5009413719671542    
 -0.4383667113527919    
 -0.3757748481413345    
 -0.3131682385927456    
 -0.2505493395456875    
 -0.1879206083210709    
 -0.1252845026256639    
 -0.6264348045561140E-01
  0.2486171268935087E-14
  0.6264348045561276E-01
  0.1252845026256713    
  0.1879206083210808    
  0.2505493395456939    
  0.3131682385927573    
  0.3757748481413419    
  0.4383667113528026    
  0.5009413719671589    
  0.5634963743995369    
  0.6260292638364684    
  0.6885375863322531    
  0.7510188889052728    
  0.8134707196342457    
  0.8758906277544114    
  0.9382761637537578    
   1.000624879469102    
   1.062934328182195    
   1.125202064715706    
   1.187425645529207    
   1.249602628815041    
   1.311730574594161    
   1.373807044811875    
   1.435829603433502    
   1.497795816540007    
   1.559703252423489    
   1.621549481682597    
   1.683332077317894    
   1.745048614827080    
   1.806696672300146    
   1.868273830514387    
   1.929777673029379    
   1.991205786281797    
   2.052555759680103    
   2.113825185699167    
   2.175011659974731    
   2.236112781397783    
   2.297126152208756    
   2.358049378091642    
   2.418880068267942    
   2.479615835590481    
   2.540254296637106    
   2.600793071804188    
   2.661229785400036    
   2.721562065738095    
   2.781787545230030    
   2.841903860478646    
   2.901908652370608    
   2.961799566169057    
   3.021574251605978    
   3.081230362974436    
   3.140765559220662    
   3.200177504035868    
   3.259463865947989    
   3.318622318413111    
   3.377650539906830    
   3.436546214015317    
   3.495307029526233    
   3.553930680519424    
   3.612414866457405    
   3.670757292275672    
   3.728955668472703    
   3.787007711199870    
   3.844911142351021    
   3.902663689651890    
   3.960263086749267    
   4.017707073299943    
   4.074993395059386    
   4.132119803970254    
   4.189084058250552    
   4.245883922481649    
   4.302517167695986    
   4.358981571464542    
   4.415274917984052    
   4.471394998163984    
   4.527339609713174    
   4.583106557226301    
   4.638693652270019    
   4.694098713468839    
   4.749319566590737    
   4.804354044632448    
   4.859199987904558    
   4.913855244116200    
   4.968317668459570    
   5.022585123694038    
   5.076655480230038    
   5.130526616212680    
   5.184196417604961    
   5.237662778270746    
   5.290923600057420    
   5.343976792878235    
   5.396820274794307    
   5.449451972096321    
   5.501869819385943    
   5.554071759656808    
   5.606055744375306    
   5.657819733560928    
   5.709361695866358    
   5.760679608657125    
   5.811771458091060    
   5.862635239197248    
   5.913268955954756    
   5.963670621370952    
   6.013838257559457    
   6.063769895817802    
   6.113463576704635    
   6.162917350116671    
   6.212129275365164    
   6.261097421252103    
   6.309819866145981    
   6.358294698057212    
   6.406520014713141    
   6.454493923632738    
   6.502214542200809    
   6.549679997741928    
   6.596888427593876    
   6.643837979180754    
   6.690526810085724    
   6.736953088123238    
   6.783114991411009    
   6.829010708441427    
   6.874638438152722    
   6.919996389999611    
   6.965082784023553    
   7.009895850922612    
   7.054433832120878    
   7.098694979837510    
   7.142677557155277    
   7.186379838088747    
   7.229800107652019    
   7.272936661926024    
   7.315787808125362    
   7.358351864664767    
   7.400627161225090    
   7.442612038818822    
   7.484304849855246    
   7.525703958205019    
   7.566807739264464    
   7.607614580019229    
   7.648122879107695    
   7.688331046883706    
   7.728237505479028    
   7.767840688865250    
   7.807139042915217    
   7.846131025464040    
   7.884815106369612    
   7.923189767572635    
   7.961253503156227    
   7.999004819404989    
   8.036442234863625    
   8.073564280395104    
   8.110369499238269    
   8.146856447065044    
   8.183023692037096    
   8.218869814862032    
   8.254393408849053    
   8.289593079964243    
   8.324467446885190    
   8.359015141055227    
   8.393234806737148    
   8.427125101066391    
   8.460684694103749    
   8.493912268887547    
   8.526806521485327    
   8.559366161045043    
   8.591589909845652    
   8.623476503347353    
   8.655024690241106    
   8.686233232497807    
   8.717100905416864    
   8.747626497674206    
   8.777808811369903    
   8.807646662075072    
   8.837138878878472    
   8.866284304432352    
   8.895081794997919    
   8.923530220490219    
   8.951628464522480    
   8.979375424449904    
   9.006770011412964    
   9.033811150380123    
   9.060497780190024    
   9.086828853593111    
   9.112803337292767    
   9.138420211985817    
   9.163678472402575    
   9.188577127346248    
   9.213115199731858    
   9.237291726624592    
   9.261105759277585    
   9.284556363169116    
   9.307642618039331    
   9.330363617926341    
   9.352718471201760    
   9.374706300605709    
   9.396326243281225    
   9.417577450808153    
   9.438459089236410    
   9.458970339118718    
   9.479110395542779    
   9.498878468162825    
   9.518273781230697    
   9.537295573626210    
   9.555943098887070    
   9.574215625238164    
   9.592112435620269    
   9.609632827718173    
   9.626776113988274    
   9.643541621685557    
   9.659928692889935    
   9.675936684532155    
   9.691564968418966    
   9.706812931257826    
   9.721679974680912    
   9.736165515268665    
   9.750268984572628    
   9.763989829137799    
   9.777327510524339    
   9.790281505328693    
   9.802851305204152    
   9.815036416880785    
   9.826836362184837    
   9.838250678057452    
   9.849278916572894    
   9.859920644956135    
   9.870175445599818    
   9.880042916080701    
   9.889522669175459    
   9.898614332875908    
   9.907317550403663    
   9.915631980224173    
   9.923557296060229    
   9.931093186904869    
   9.938239357033723    
   9.944995526016850    
   9.951361428730097    
   9.957336815365910    
   9.962921451443931    
   9.968115117821320    
   9.972917610703218    
   9.977328741653817    
   9.981348337609191    
   9.984976240894047    
   9.988212309247203    
   9.991056415867682    
   9.993508449512312    
   9.995568314738227    
   9.997235932622846    
   9.998511243461882    
   9.999394221232651    
   9.999885027410990    
