  0.1475281130259171E-03
  0.3434117468256560E-03
  0.5395719660012414E-03
  0.7357362052335984E-03
  0.9318766306012459E-03
  0.1127982001954859E-02
  0.1324043684257927E-02
  0.1520053664225478E-02
  0.1716004121457772E-02
  0.1911887307943512E-02
  0.2107695507621598E-02
  0.2303421020847633E-02
  0.2499056157956574E-02
  0.2694593236434739E-02
  0.2890024579598265E-02
  0.3085342516100864E-02
  0.3280539379764925E-02
  0.3475607509596732E-02
  0.3670539249993355E-02
  0.3865326950848479E-02
  0.4059962967860386E-02
  0.4254439662779111E-02
  0.4448749403649367E-02
  0.4642884565153913E-02
  0.4836837528800129E-02
  0.5030600683336632E-02
  0.5224166424945153E-02
  0.5417527157548196E-02
  0.5610675293167701E-02
  0.5803603252157048E-02
  0.5996303463508173E-02
  0.6188768365161805E-02
  0.6380990404300938E-02
  0.6572962037657967E-02
  0.6764675731749896E-02
  0.6956123963263745E-02
  0.7147299219273617E-02
  0.7338193997581195E-02
  0.7528800807017736E-02
  0.7719112167655142E-02
  0.7909120611245039E-02
  0.8098818681332574E-02
  0.8288198933734373E-02
  0.8477253936659599E-02
  0.8665976271138043E-02
  0.8854358531237859E-02
  0.9042393324357412E-02
  0.9230073271569373E-02
  0.9417391007800351E-02
  0.9604339182270886E-02
  0.9790910458669397E-02
  0.9977097515450624E-02
  0.1016289304620164E-01
  0.1034828975982371E-01
  0.1053328038089181E-01
  0.1071785764992262E-01
  0.1090201432364160E-01
  0.1108574317527774E-01
  0.1126903699486588E-01
  0.1145188858948671E-01
  0.1163429078361034E-01
  0.1181623641930166E-01
  0.1199771835657238E-01
  0.1217872947361361E-01
  0.1235926266711214E-01
  0.1253931085249105E-01
  0.1271886696420859E-01
  0.1289792395604046E-01
  0.1307647480134475E-01
  0.1325451249335564E-01
  0.1343203004540459E-01
  0.1360902049129272E-01
  0.1378547688546277E-01
  0.1396139230331545E-01
  0.1413675984151690E-01
  0.1431157261819037E-01
  0.1448582377325940E-01
  0.1465950646867313E-01
  0.1483261388869900E-01
  0.1500513924015787E-01
  0.1517707575274397E-01
  0.1534841667922018E-01
  0.1551915529576521E-01
  0.1568928490215507E-01
  0.1585879882209846E-01
  0.1602769040343422E-01
  0.1619595301845427E-01
  0.1636358006409334E-01
  0.1653056496225851E-01
  0.1669690116006523E-01
  0.1686258213005419E-01
  0.1702760137049027E-01
  0.1719195240560991E-01
  0.1735562878588493E-01
  0.1751862408822725E-01
  0.1768093191630935E-01
  0.1784254590076840E-01
  0.1800345969946985E-01
  0.1816366699774991E-01
  0.1832316150869647E-01
  0.1848193697332538E-01
  0.1863998716091082E-01
  0.1879730586916205E-01
  0.1895388692450491E-01
  0.1910972418231500E-01
  0.1926481152714577E-01
  0.1941914287298580E-01
  0.1957271216349725E-01
  0.1972551337222808E-01
  0.1987754050288730E-01
  0.2002878758955710E-01
  0.2017924869691982E-01
  0.2032891792050780E-01
  0.2047778938693487E-01
  0.2062585725411212E-01
  0.2077311571149145E-01
  0.2091955898027799E-01
  0.2106518131369341E-01
  0.2120997699713432E-01
  0.2135394034846372E-01
  0.2149706571821184E-01
  0.2163934748978114E-01
  0.2178078007968474E-01
  0.2192135793773779E-01
  0.2206107554734030E-01
  0.2219992742561804E-01
  0.2233790812367562E-01
  0.2247501222681811E-01
  0.2261123435472116E-01
  0.2274656916170440E-01
  0.2288101133690072E-01
  0.2301455560444695E-01
  0.2314719672375767E-01
  0.2327892948964203E-01
  0.2340974873259797E-01
  0.2353964931894762E-01
  0.2366862615106418E-01
  0.2379667416758977E-01
  0.2392378834358787E-01
  0.2404996369079249E-01
  0.2417519525777007E-01
  0.2429947813011547E-01
  0.2442280743067463E-01
  0.2454517831967977E-01
  0.2466658599501019E-01
  0.2478702569232012E-01
  0.2490649268527841E-01
  0.2502498228565020E-01
  0.2514248984366469E-01
  0.2525901074801924E-01
  0.2537454042613406E-01
  0.2548907434432267E-01
  0.2560260800804403E-01
  0.2571513696189098E-01
  0.2582665678999457E-01
  0.2593716311601881E-01
  0.2604665160344077E-01
  0.2615511795562603E-01
  0.2626255791611522E-01
  0.2636896726869260E-01
  0.2647434183758856E-01
  0.2657867748763791E-01
  0.2668197012445959E-01
  0.2678421569458918E-01
  0.2688541018565568E-01
  0.2698554962654296E-01
  0.2708463008752336E-01
  0.2718264768044563E-01
  0.2727959855883979E-01
  0.2737547891812356E-01
  0.2747028499571369E-01
  0.2756401307117222E-01
  0.2765665946640463E-01
  0.2774822054571037E-01
  0.2783869271600487E-01
  0.2792807242695265E-01
  0.2801635617107114E-01
  0.2810354048387494E-01
  0.2818962194404314E-01
  0.2827459717351786E-01
  0.2835846283766822E-01
  0.2844121564540216E-01
  0.2852285234928431E-01
  0.2860336974568346E-01
  0.2868276467490884E-01
  0.2876103402131649E-01
  0.2883817471339501E-01
  0.2891418372396563E-01
  0.2898905807024843E-01
  0.2906279481399372E-01
  0.2913539106157653E-01
  0.2920684396414353E-01
  0.2927715071771496E-01
  0.2934630856326891E-01
  0.2941431478688122E-01
  0.2948116671982165E-01
  0.2954686173865120E-01
  0.2961139726534225E-01
  0.2967477076735357E-01
  0.2973697975775937E-01
  0.2979802179530612E-01
  0.2985789448457728E-01
  0.2991659547599743E-01
  0.2997412246601253E-01
  0.3003047319710726E-01
  0.3008564545795230E-01
  0.3013963708343844E-01
  0.3019244595481540E-01
  0.3024406999971124E-01
  0.3029450719228570E-01
  0.3034375555325662E-01
  0.3039181314999226E-01
  0.3043867809659480E-01
  0.3048434855397190E-01
  0.3052882272988651E-01
  0.3057209887908394E-01
  0.3061417530328370E-01
  0.3065505035130507E-01
  0.3069472241911397E-01
  0.3073318994988419E-01
  0.3077045143404604E-01
  0.3080650540937209E-01
  0.3084135046100649E-01
  0.3087498522155212E-01
  0.3090740837109957E-01
  0.3093861863726607E-01
  0.3096861479530739E-01
  0.3099739566808321E-01
  0.3102496012616964E-01
  0.3105130708786107E-01
  0.3107643551924090E-01
  0.3110034443420430E-01
  0.3112303289452393E-01
  0.3114450000982635E-01
  0.3116474493769160E-01
  0.3118376688367267E-01
  0.3120156510127920E-01
  0.3121813889208723E-01
  0.3123348760568620E-01
  0.3124761063975620E-01
  0.3126050744008517E-01
  0.3127217750055316E-01
  0.3128262036322228E-01
  0.3129183561826369E-01
  0.3129982290406039E-01
  0.3130658190716645E-01
  0.3131211236234717E-01
  0.3131641405256462E-01
  0.3131948680902461E-01
  0.3132133051113330E-01
  0.3132194508654858E-01
  0.3132133051113475E-01
  0.3131948680902799E-01
  0.3131641405256924E-01
  0.3131211236234414E-01
  0.3130658190716461E-01
  0.3129982290406989E-01
  0.3129183561826332E-01
  0.3128262036322613E-01
  0.3127217750055963E-01
  0.3126050744008921E-01
  0.3124761063976355E-01
  0.3123348760568815E-01
  0.3121813889208479E-01
  0.3120156510127673E-01
  0.3118376688366942E-01
  0.3116474493769123E-01
  0.3114450000981748E-01
  0.3112303289452945E-01
  0.3110034443421562E-01
  0.3107643551924227E-01
  0.3105130708785594E-01
  0.3102496012616541E-01
  0.3099739566808208E-01
  0.3096861479530522E-01
  0.3093861863726107E-01
  0.3090740837109642E-01
  0.3087498522155363E-01
  0.3084135046100383E-01
  0.3080650540937162E-01
  0.3077045143404816E-01
  0.3073318994988066E-01
  0.3069472241912156E-01
  0.3065505035130804E-01
  0.3061417530328157E-01
  0.3057209887908035E-01
  0.3052882272989038E-01
  0.3048434855396792E-01
  0.3043867809659230E-01
  0.3039181314999313E-01
  0.3034375555325438E-01
  0.3029450719228597E-01
  0.3024406999970463E-01
  0.3019244595481161E-01
  0.3013963708344240E-01
  0.3008564545795695E-01
  0.3003047319711162E-01
  0.2997412246601509E-01
  0.2991659547600144E-01
  0.2985789448457318E-01
  0.2979802179531150E-01
  0.2973697975775387E-01
  0.2967477076735026E-01
  0.2961139726534110E-01
  0.2954686173864967E-01
  0.2948116671982125E-01
  0.2941431478688198E-01
  0.2934630856326746E-01
  0.2927715071771326E-01
  0.2920684396415207E-01
  0.2913539106157216E-01
  0.2906279481399121E-01
  0.2898905807025106E-01
  0.2891418372396363E-01
  0.2883817471339199E-01
  0.2876103402130795E-01
  0.2868276467491193E-01
  0.2860336974569024E-01
  0.2852285234928317E-01
  0.2844121564540267E-01
  0.2835846283767313E-01
  0.2827459717351887E-01
  0.2818962194404213E-01
  0.2810354048387663E-01
  0.2801635617106753E-01
  0.2792807242695824E-01
  0.2783869271600794E-01
  0.2774822054570692E-01
  0.2765665946640039E-01
  0.2756401307117632E-01
  0.2747028499572357E-01
  0.2737547891812277E-01
  0.2727959855883872E-01
  0.2718264768044015E-01
  0.2708463008752515E-01
  0.2698554962654506E-01
  0.2688541018565902E-01
  0.2678421569458461E-01
  0.2668197012446390E-01
  0.2657867748764045E-01
  0.2647434183758540E-01
  0.2636896726869139E-01
  0.2626255791611666E-01
  0.2615511795563262E-01
  0.2604665160343368E-01
  0.2593716311602288E-01
  0.2582665678999294E-01
  0.2571513696189678E-01
  0.2560260800802895E-01
  0.2548907434432018E-01
  0.2537454042612890E-01
  0.2525901074801563E-01
  0.2514248984367232E-01
  0.2502498228566029E-01
  0.2490649268526768E-01
  0.2478702569232438E-01
  0.2466658599501338E-01
  0.2454517831967824E-01
  0.2442280743067167E-01
  0.2429947813011833E-01
  0.2417519525776860E-01
  0.2404996369079298E-01
  0.2392378834358668E-01
  0.2379667416758482E-01
  0.2366862615106021E-01
  0.2353964931893919E-01
  0.2340974873260024E-01
  0.2327892948964841E-01
  0.2314719672375441E-01
  0.2301455560445684E-01
  0.2288101133690416E-01
  0.2274656916171173E-01
  0.2261123435472686E-01
  0.2247501222681782E-01
  0.2233790812367643E-01
  0.2219992742561722E-01
  0.2206107554733492E-01
  0.2192135793774311E-01
  0.2178078007967724E-01
  0.2163934748978139E-01
  0.2149706571821616E-01
  0.2135394034846302E-01
  0.2120997699712950E-01
  0.2106518131368869E-01
  0.2091955898028044E-01
  0.2077311571149348E-01
  0.2062585725410960E-01
  0.2047778938693485E-01
  0.2032891792051122E-01
  0.2017924869691572E-01
  0.2002878758955134E-01
  0.1987754050288956E-01
  0.1972551337222121E-01
  0.1957271216349199E-01
  0.1941914287299048E-01
  0.1926481152714627E-01
  0.1910972418231386E-01
  0.1895388692450969E-01
  0.1879730586915898E-01
  0.1863998716090363E-01
  0.1848193697332633E-01
  0.1832316150869494E-01
  0.1816366699775959E-01
  0.1800345969946754E-01
  0.1784254590076720E-01
  0.1768093191630938E-01
  0.1751862408822352E-01
  0.1735562878587679E-01
  0.1719195240560937E-01
  0.1702760137049143E-01
  0.1686258213004758E-01
  0.1669690116006672E-01
  0.1653056496226068E-01
  0.1636358006408900E-01
  0.1619595301845122E-01
  0.1602769040344596E-01
  0.1585879882209755E-01
  0.1568928490216093E-01
  0.1551915529576020E-01
  0.1534841667922237E-01
  0.1517707575274215E-01
  0.1500513924015805E-01
  0.1483261388870252E-01
  0.1465950646867855E-01
  0.1448582377325976E-01
  0.1431157261818762E-01
  0.1413675984151671E-01
  0.1396139230331410E-01
  0.1378547688545790E-01
  0.1360902049129491E-01
  0.1343203004541012E-01
  0.1325451249335274E-01
  0.1307647480135076E-01
  0.1289792395604337E-01
  0.1271886696420941E-01
  0.1253931085248453E-01
  0.1235926266711282E-01
  0.1217872947362108E-01
  0.1199771835657562E-01
  0.1181623641929684E-01
  0.1163429078360690E-01
  0.1145188858949504E-01
  0.1126903699487138E-01
  0.1108574317527637E-01
  0.1090201432363839E-01
  0.1071785764991963E-01
  0.1053328038089186E-01
  0.1034828975982161E-01
  0.1016289304619706E-01
  0.9977097515454563E-02
  0.9790910458666539E-02
  0.9604339182274324E-02
  0.9417391007802478E-02
  0.9230073271561778E-02
  0.9042393324361601E-02
  0.8854358531240572E-02
  0.8665976271146368E-02
  0.8477253936662179E-02
  0.8288198933732067E-02
  0.8098818681332812E-02
  0.7909120611241351E-02
  0.7719112167661135E-02
  0.7528800807010014E-02
  0.7338193997592789E-02
  0.7147299219272106E-02
  0.6956123963265958E-02
  0.6764675731748149E-02
  0.6572962037655607E-02
  0.6380990404306964E-02
  0.6188768365153639E-02
  0.5996303463505164E-02
  0.5803603252153707E-02
  0.5610675293170322E-02
  0.5417527157552476E-02
  0.5224166424938117E-02
  0.5030600683336902E-02
  0.4836837528807786E-02
  0.4642884565147252E-02
  0.4448749403650852E-02
  0.4254439662773354E-02
  0.4059962967860358E-02
  0.3865326950845667E-02
  0.3670539249996698E-02
  0.3475607509598451E-02
  0.3280539379759737E-02
  0.3085342516095014E-02
  0.2890024579597518E-02
  0.2694593236438140E-02
  0.2499056157962333E-02
  0.2303421020845395E-02
  0.2107695507622001E-02
  0.1911887307943570E-02
  0.1716004121449592E-02
  0.1520053664227442E-02
  0.1324043684258838E-02
  0.1127982001956412E-02
  0.9318766306056004E-03
  0.7357362052252668E-03
  0.5395719660016219E-03
  0.3434117468236457E-03
  0.1475281130288507E-03
