  0.8390421513269482E-03
  0.1950101334975686E-02
  0.3055557389346614E-02
  0.4149790201943217E-02
  0.5228614417020267E-02
  0.6287996520511024E-02
  0.7323990172134223E-02
  0.8332739578248777E-02
  0.9310491387048050E-02
  0.1025360796125667E-01
  0.1115858067697811E-01
  0.1202204288564911E-01
  0.1284078239936385E-01
  0.1361175342229508E-01
  0.1433208787218710E-01
  0.1499910604501716E-01
  0.1561032658100909E-01
  0.1616347569391378E-01
  0.1665649562872154E-01
  0.1708755231607772E-01
  0.1745504219477757E-01
  0.1775759817688868E-01
  0.1799409473325092E-01
  0.1816365208042122E-01
  0.1826563945345689E-01
  0.1829967745236189E-01
  0.1826563945345704E-01
  0.1816365208042138E-01
  0.1799409473325102E-01
  0.1775759817688847E-01
  0.1745504219477754E-01
  0.1708755231607778E-01
  0.1665649562872163E-01
  0.1616347569391365E-01
  0.1561032658100895E-01
  0.1499910604501721E-01
  0.1433208787218696E-01
  0.1361175342229520E-01
  0.1284078239936420E-01
  0.1202204288564906E-01
  0.1115858067697788E-01
  0.1025360796125654E-01
  0.9310491387047870E-02
  0.8332739578248686E-02
  0.7323990172134476E-02
  0.6287996520511031E-02
  0.5228614417020379E-02
  0.4149790201943157E-02
  0.3055557389346689E-02
  0.1950101334975864E-02
  0.8390421513270862E-03
