  0.7202317064022204E-02
  0.1675892760498852E-01
  0.2631364873181889E-01
  0.3584439398801400E-01
  0.4534105010094074E-01
  0.5479434683782294E-01
  0.6419518270177739E-01
  0.7353453674791213E-01
  0.8280345625722876E-01
  0.9199305940922232E-01
  0.1010945417951146    
  0.1100991840805979    
  0.1189983600271197    
  0.1277835446008975    
  0.1364463220622160    
  0.1449783939863899    
  0.1533715871904571    
  0.1616178615495499    
  0.1697093176909346    
  0.1776382045561163    
  0.1853969268229342    
  0.1929780521791796    
  0.2003743184409616    
  0.2075786405084550    
  0.2145841171522862    
  0.2213840376239816    
  0.2279718880840658    
  0.2343413578416456    
  0.2404863453994000    
  0.2464009642982910    
  0.2520795487562382    
  0.2575166590955054    
  0.2627070869534652    
  0.2676458602717370    
  0.2723282480590670    
  0.2767497649233105    
  0.2809061753680021    
  0.2847934978496909    
  0.2884080085919545    
  0.2917462451525017    
  0.2948050097399169    
  0.2975813722769897    
  0.3000726732073108    
  0.3022765260432076    
  0.3041908196516458    
  0.3058137202765321    
  0.3071436732954131    
  0.3081794047086474    
  0.3089199223597718    
  0.3093645168859778    
  0.3095127623975633    
  0.3093645168859790    
  0.3089199223597668    
  0.3081794047086474    
  0.3071436732954108    
  0.3058137202765202    
  0.3041908196516566    
  0.3022765260432186    
  0.3000726732073064    
  0.2975813722769718    
  0.2948050097399240    
  0.2917462451525002    
  0.2884080085919589    
  0.2847934978496928    
  0.2809061753680032    
  0.2767497649233129    
  0.2723282480590719    
  0.2676458602717316    
  0.2627070869534704    
  0.2575166590955182    
  0.2520795487562432    
  0.2464009642982772    
  0.2404863453993998    
  0.2343413578416383    
  0.2279718880840691    
  0.2213840376239701    
  0.2145841171522973    
  0.2075786405084449    
  0.2003743184409554    
  0.1929780521791762    
  0.1853969268229407    
  0.1776382045561181    
  0.1697093176909237    
  0.1616178615495568    
  0.1533715871904550    
  0.1449783939863823    
  0.1364463220622303    
  0.1277835446008965    
  0.1189983600271176    
  0.1100991840806057    
  0.1010945417951110    
  0.9199305940921358E-01
  0.8280345625723717E-01
  0.7353453674791480E-01
  0.6419518270177636E-01
  0.5479434683782366E-01
  0.4534105010093843E-01
  0.3584439398802367E-01
  0.2631364873181824E-01
  0.1675892760498558E-01
  0.7202317064020163E-02
