  0.2193150373617186E-03
  0.5104719245366463E-03
  0.8019359583815742E-03
  0.1093242520025526E-02
  0.1384290862834376E-02
  0.1675004971967795E-02
  0.1965312785170974E-02
  0.2255143260854569E-02
  0.2544425757274772E-02
  0.2833089870103320E-02
  0.3121065388868284E-02
  0.3408282290560456E-02
  0.3694670746591317E-02
  0.3980161135074221E-02
  0.4264684055410271E-02
  0.4548170343917378E-02
  0.4830551089965938E-02
  0.5111757652326281E-02
  0.5391721675611692E-02
  0.5670375106768078E-02
  0.5947650211501760E-02
  0.6223479590698444E-02
  0.6497796196757493E-02
  0.6770533349869346E-02
  0.7041624754190482E-02
  0.7311004513972479E-02
  0.7578607149537910E-02
  0.7844367613217411E-02
  0.8108221305134130E-02
  0.8370104088923585E-02
  0.8629952307300083E-02
  0.8887702797546212E-02
  0.9143292906850582E-02
  0.9396660507544808E-02
  0.9647744012204581E-02
  0.9896482388609452E-02
  0.1014281517458892E-01
  0.1038668249271202E-01
  0.1062802506484811E-01
  0.1086678422656357E-01
  0.1110290194139894E-01
  0.1133632081495748E-01
  0.1156698410887167E-01
  0.1179483575458325E-01
  0.1201982036697939E-01
  0.1224188325785346E-01
  0.1246097044919471E-01
  0.1267702868631355E-01
  0.1289000545078708E-01
  0.1309984897321720E-01
  0.1330650824582737E-01
  0.1350993303484251E-01
  0.1371007389272485E-01
  0.1390688217016758E-01
  0.1410031002793674E-01
  0.1429031044849662E-01
  0.1447683724743580E-01
  0.1465984508469121E-01
  0.1483928947557899E-01
  0.1501512680159165E-01
  0.1518731432102717E-01
  0.1535581017933483E-01
  0.1552057341934826E-01
  0.1568156399117729E-01
  0.1583874276199774E-01
  0.1599207152552572E-01
  0.1614151301132770E-01
  0.1628703089386380E-01
  0.1642858980133251E-01
  0.1656615532425899E-01
  0.1669969402385849E-01
  0.1682917344017256E-01
  0.1695456209995143E-01
  0.1707582952430226E-01
  0.1719294623611627E-01
  0.1730588376720692E-01
  0.1741461466525442E-01
  0.1751911250045315E-01
  0.1761935187196703E-01
  0.1771530841407749E-01
  0.1780695880211611E-01
  0.1789428075814010E-01
  0.1797725305633443E-01
  0.1805585552818478E-01
  0.1813006906736826E-01
  0.1819987563440752E-01
  0.1826525826104913E-01
  0.1832620105439127E-01
  0.1838268920074489E-01
  0.1843470896923659E-01
  0.1848224771514460E-01
  0.1852529388297555E-01
  0.1856383700926536E-01
  0.1859786772513608E-01
  0.1862737775855702E-01
  0.1865235993636752E-01
  0.1867280818602166E-01
  0.1868871753704872E-01
  0.1870008412228211E-01
  0.1870690517878508E-01
  0.1870917904852606E-01
  0.1870690517878600E-01
  0.1870008412228233E-01
  0.1868871753704810E-01
  0.1867280818602164E-01
  0.1865235993636820E-01
  0.1862737775855652E-01
  0.1859786772513609E-01
  0.1856383700926555E-01
  0.1852529388297528E-01
  0.1848224771514596E-01
  0.1843470896923667E-01
  0.1838268920074431E-01
  0.1832620105439058E-01
  0.1826525826104806E-01
  0.1819987563440718E-01
  0.1813006906736907E-01
  0.1805585552818365E-01
  0.1797725305633569E-01
  0.1789428075813909E-01
  0.1780695880211612E-01
  0.1771530841407870E-01
  0.1761935187196636E-01
  0.1751911250045397E-01
  0.1741461466525288E-01
  0.1730588376720881E-01
  0.1719294623611663E-01
  0.1707582952430359E-01
  0.1695456209994924E-01
  0.1682917344017301E-01
  0.1669969402385953E-01
  0.1656615532425793E-01
  0.1642858980133220E-01
  0.1628703089386330E-01
  0.1614151301132713E-01
  0.1599207152552528E-01
  0.1583874276199736E-01
  0.1568156399117735E-01
  0.1552057341934720E-01
  0.1535581017933598E-01
  0.1518731432102478E-01
  0.1501512680159213E-01
  0.1483928947557911E-01
  0.1465984508469160E-01
  0.1447683724743500E-01
  0.1429031044849626E-01
  0.1410031002793847E-01
  0.1390688217016532E-01
  0.1371007389272350E-01
  0.1350993303484294E-01
  0.1330650824582549E-01
  0.1309984897321740E-01
  0.1289000545078674E-01
  0.1267702868631360E-01
  0.1246097044919381E-01
  0.1224188325785380E-01
  0.1201982036698126E-01
  0.1179483575458337E-01
  0.1156698410887149E-01
  0.1133632081495852E-01
  0.1110290194139865E-01
  0.1086678422656394E-01
  0.1062802506484618E-01
  0.1038668249271213E-01
  0.1014281517458887E-01
  0.9896482388610081E-02
  0.9647744012205448E-02
  0.9396660507544697E-02
  0.9143292906850391E-02
  0.8887702797546405E-02
  0.8629952307301269E-02
  0.8370104088924036E-02
  0.8108221305135756E-02
  0.7844367613217038E-02
  0.7578607149537794E-02
  0.7311004513971229E-02
  0.7041624754191242E-02
  0.6770533349867227E-02
  0.6497796196757866E-02
  0.6223479590699008E-02
  0.5947650211502175E-02
  0.5670375106767736E-02
  0.5391721675612548E-02
  0.5111757652324285E-02
  0.4830551089966640E-02
  0.4548170343917427E-02
  0.4264684055408244E-02
  0.3980161135074942E-02
  0.3694670746591891E-02
  0.3408282290561687E-02
  0.3121065388868432E-02
  0.2833089870103932E-02
  0.2544425757273926E-02
  0.2255143260856955E-02
  0.1965312785172852E-02
  0.1675004971966360E-02
  0.1384290862833719E-02
  0.1093242520024063E-02
  0.8019359583826094E-03
  0.5104719245349169E-03
  0.2193150373608407E-03
