  0.1475281130096890E-03
  0.3434117467878807E-03
  0.5395719659418885E-03
  0.7357362051526674E-03
  0.9318766304987395E-03
  0.1127982001830781E-02
  0.1324043684112282E-02
  0.1520053664058272E-02
  0.1716004121269012E-02
  0.1911887307733205E-02
  0.2107695507389751E-02
  0.2303421020594257E-02
  0.2499056157681678E-02
  0.2694593236138334E-02
  0.2890024579280362E-02
  0.3085342515761476E-02
  0.3280539379404065E-02
  0.3475607509214415E-02
  0.3670539249589596E-02
  0.3865326950423294E-02
  0.4059962967413790E-02
  0.4254439662311122E-02
  0.4448749403160004E-02
  0.4642884564643196E-02
  0.4836837528268077E-02
  0.5030600682783266E-02
  0.5224166424370494E-02
  0.5417527156952268E-02
  0.5610675292550526E-02
  0.5803603251518651E-02
  0.5996303462848579E-02
  0.6188768364481041E-02
  0.6380990403599029E-02
  0.6572962036934941E-02
  0.6764675731005781E-02
  0.6956123962498572E-02
  0.7147299218487414E-02
  0.7338193996773993E-02
  0.7528800806189569E-02
  0.7719112166806040E-02
  0.7909120610375036E-02
  0.8098818680441705E-02
  0.8288198932822670E-02
  0.8477253935727101E-02
  0.8665976270184787E-02
  0.8854358530263879E-02
  0.9042393323362747E-02
  0.9230073270554065E-02
  0.9417391006764439E-02
  0.9604339181214410E-02
  0.9790910457592396E-02
  0.9977097514353142E-02
  0.1016289304508373E-01
  0.1034828975868539E-01
  0.1053328037973315E-01
  0.1071785764874366E-01
  0.1090201432244238E-01
  0.1108574317405831E-01
  0.1126903699362629E-01
  0.1145188858822700E-01
  0.1163429078233057E-01
  0.1181623641800187E-01
  0.1199771835525263E-01
  0.1217872947227395E-01
  0.1235926266575262E-01
  0.1253931085111173E-01
  0.1271886696280951E-01
  0.1289792395462169E-01
  0.1307647479990634E-01
  0.1325451249189764E-01
  0.1343203004392707E-01
  0.1360902048979573E-01
  0.1378547688394636E-01
  0.1396139230177970E-01
  0.1413675983996186E-01
  0.1431157261661609E-01
  0.1448582377166596E-01
  0.1465950646706058E-01
  0.1483261388706741E-01
  0.1500513923850730E-01
  0.1517707575107449E-01
  0.1534841667753186E-01
  0.1551915529405810E-01
  0.1568928490042925E-01
  0.1585879882035399E-01
  0.1602769040167118E-01
  0.1619595301667272E-01
  0.1636358006229334E-01
  0.1653056496044014E-01
  0.1669690115822857E-01
  0.1686258212819931E-01
  0.1702760136861724E-01
  0.1719195240371879E-01
  0.1735562878397581E-01
  0.1751862408630020E-01
  0.1768093191436445E-01
  0.1784254589880572E-01
  0.1800345969748946E-01
  0.1816366699575191E-01
  0.1832316150668092E-01
  0.1848193697129236E-01
  0.1863998715886043E-01
  0.1879730586709434E-01
  0.1895388692241998E-01
  0.1910972418021293E-01
  0.1926481152502665E-01
  0.1941914287084969E-01
  0.1957271216134425E-01
  0.1972551337005828E-01
  0.1987754050070077E-01
  0.2002878758735393E-01
  0.2017924869470011E-01
  0.2032891791827162E-01
  0.2047778938468231E-01
  0.2062585725184328E-01
  0.2077311570920641E-01
  0.2091955897797684E-01
  0.2106518131137624E-01
  0.2120997699480122E-01
  0.2135394034611478E-01
  0.2149706571584716E-01
  0.2163934748740081E-01
  0.2178078007728886E-01
  0.2192135793532644E-01
  0.2206107554491358E-01
  0.2219992742317604E-01
  0.2233790812121845E-01
  0.2247501222434586E-01
  0.2261123435223393E-01
  0.2274656915920227E-01
  0.2288101133438380E-01
  0.2301455560191535E-01
  0.2314719672121148E-01
  0.2327892948708134E-01
  0.2340974873002289E-01
  0.2353964931635826E-01
  0.2366862614846063E-01
  0.2379667416497213E-01
  0.2392378834095625E-01
  0.2404996368814700E-01
  0.2417519525511079E-01
  0.2429947812744253E-01
  0.2442280742798812E-01
  0.2454517831697979E-01
  0.2466658599229686E-01
  0.2478702568959354E-01
  0.2490649268253869E-01
  0.2502498228289745E-01
  0.2514248984089902E-01
  0.2525901074524074E-01
  0.2537454042334286E-01
  0.2548907434151887E-01
  0.2560260800522774E-01
  0.2571513695906232E-01
  0.2582665678715364E-01
  0.2593716311316572E-01
  0.2604665160057563E-01
  0.2615511795274897E-01
  0.2626255791322633E-01
  0.2636896726579201E-01
  0.2647434183467639E-01
  0.2657867748471426E-01
  0.2668197012152457E-01
  0.2678421569164292E-01
  0.2688541018269828E-01
  0.2698554962357455E-01
  0.2708463008454405E-01
  0.2718264767745554E-01
  0.2727959855583903E-01
  0.2737547891511226E-01
  0.2747028499269196E-01
  0.2756401306814018E-01
  0.2765665946336240E-01
  0.2774822054265806E-01
  0.2783869271294261E-01
  0.2792807242388056E-01
  0.2801635616798934E-01
  0.2810354048078355E-01
  0.2818962194094228E-01
  0.2827459717040766E-01
  0.2835846283454879E-01
  0.2844121564227363E-01
  0.2852285234614680E-01
  0.2860336974253709E-01
  0.2868276467175373E-01
  0.2876103401815278E-01
  0.2883817471022281E-01
  0.2891418372078507E-01
  0.2898905806705964E-01
  0.2906279481079681E-01
  0.2913539105837163E-01
  0.2920684396093078E-01
  0.2927715071449448E-01
  0.2934630856004081E-01
  0.2941431478364565E-01
  0.2948116671657872E-01
  0.2954686173540105E-01
  0.2961139726208500E-01
  0.2967477076408935E-01
  0.2973697975448830E-01
  0.2979802179202834E-01
  0.2985789448129291E-01
  0.2991659547270660E-01
  0.2997412246271537E-01
  0.3003047319380391E-01
  0.3008564545464288E-01
  0.3013963708012308E-01
  0.3019244595149423E-01
  0.3024406999638440E-01
  0.3029450718895331E-01
  0.3034375554991880E-01
  0.3039181314664916E-01
  0.3043867809324655E-01
  0.3048434855061862E-01
  0.3052882272652833E-01
  0.3057209887572101E-01
  0.3061417529991614E-01
  0.3065505034793302E-01
  0.3069472241573755E-01
  0.3073318994650354E-01
  0.3077045143066129E-01
  0.3080650540598338E-01
  0.3084135045761394E-01
  0.3087498521815588E-01
  0.3090740836769975E-01
  0.3093861863386282E-01
  0.3096861479190084E-01
  0.3099739566467350E-01
  0.3102496012275690E-01
  0.3105130708444542E-01
  0.3107643551582249E-01
  0.3110034443078326E-01
  0.3112303289110040E-01
  0.3114450000640046E-01
  0.3116474493426348E-01
  0.3118376688024245E-01
  0.3120156509784703E-01
  0.3121813888865324E-01
  0.3123348760225052E-01
  0.3124761063631896E-01
  0.3126050743664651E-01
  0.3127217749711322E-01
  0.3128262035978119E-01
  0.3129183561482159E-01
  0.3129982290061741E-01
  0.3130658190372273E-01
  0.3131211235890284E-01
  0.3131641404911981E-01
  0.3131948680557946E-01
  0.3132133050768795E-01
  0.3132194508310317E-01
  0.3132133050768941E-01
  0.3131948680558285E-01
  0.3131641404912443E-01
  0.3131211235889981E-01
  0.3130658190372088E-01
  0.3129982290062690E-01
  0.3129183561482122E-01
  0.3128262035978504E-01
  0.3127217749711969E-01
  0.3126050743665055E-01
  0.3124761063632631E-01
  0.3123348760225246E-01
  0.3121813888865079E-01
  0.3120156509784456E-01
  0.3118376688023921E-01
  0.3116474493426311E-01
  0.3114450000639158E-01
  0.3112303289110592E-01
  0.3110034443079459E-01
  0.3107643551582386E-01
  0.3105130708444030E-01
  0.3102496012275267E-01
  0.3099739566467237E-01
  0.3096861479189867E-01
  0.3093861863385782E-01
  0.3090740836769661E-01
  0.3087498521815738E-01
  0.3084135045761128E-01
  0.3080650540598291E-01
  0.3077045143066341E-01
  0.3073318994650001E-01
  0.3069472241574514E-01
  0.3065505034793599E-01
  0.3061417529991402E-01
  0.3057209887571742E-01
  0.3052882272653221E-01
  0.3048434855061464E-01
  0.3043867809324404E-01
  0.3039181314665003E-01
  0.3034375554991657E-01
  0.3029450718895358E-01
  0.3024406999637778E-01
  0.3019244595149044E-01
  0.3013963708012704E-01
  0.3008564545464753E-01
  0.3003047319380826E-01
  0.2997412246271794E-01
  0.2991659547271062E-01
  0.2985789448128881E-01
  0.2979802179203371E-01
  0.2973697975448280E-01
  0.2967477076408603E-01
  0.2961139726208385E-01
  0.2954686173539952E-01
  0.2948116671657833E-01
  0.2941431478364640E-01
  0.2934630856003937E-01
  0.2927715071449278E-01
  0.2920684396093932E-01
  0.2913539105836727E-01
  0.2906279481079431E-01
  0.2898905806706227E-01
  0.2891418372078306E-01
  0.2883817471021979E-01
  0.2876103401814423E-01
  0.2868276467175682E-01
  0.2860336974254386E-01
  0.2852285234614566E-01
  0.2844121564227414E-01
  0.2835846283455370E-01
  0.2827459717040866E-01
  0.2818962194094127E-01
  0.2810354048078524E-01
  0.2801635616798573E-01
  0.2792807242388616E-01
  0.2783869271294568E-01
  0.2774822054265462E-01
  0.2765665946335816E-01
  0.2756401306814428E-01
  0.2747028499270184E-01
  0.2737547891511147E-01
  0.2727959855583796E-01
  0.2718264767745005E-01
  0.2708463008454584E-01
  0.2698554962357665E-01
  0.2688541018270163E-01
  0.2678421569163834E-01
  0.2668197012152888E-01
  0.2657867748471679E-01
  0.2647434183467321E-01
  0.2636896726579080E-01
  0.2626255791322778E-01
  0.2615511795275556E-01
  0.2604665160056855E-01
  0.2593716311316979E-01
  0.2582665678715200E-01
  0.2571513695906811E-01
  0.2560260800521267E-01
  0.2548907434151639E-01
  0.2537454042333770E-01
  0.2525901074523714E-01
  0.2514248984090665E-01
  0.2502498228290754E-01
  0.2490649268252797E-01
  0.2478702568959781E-01
  0.2466658599230006E-01
  0.2454517831697827E-01
  0.2442280742798516E-01
  0.2429947812744539E-01
  0.2417519525510933E-01
  0.2404996368814748E-01
  0.2392378834095506E-01
  0.2379667416496719E-01
  0.2366862614845666E-01
  0.2353964931634983E-01
  0.2340974873002517E-01
  0.2327892948708772E-01
  0.2314719672120822E-01
  0.2301455560192524E-01
  0.2288101133438725E-01
  0.2274656915920961E-01
  0.2261123435223963E-01
  0.2247501222434558E-01
  0.2233790812121926E-01
  0.2219992742317523E-01
  0.2206107554490820E-01
  0.2192135793533176E-01
  0.2178078007728136E-01
  0.2163934748740106E-01
  0.2149706571585148E-01
  0.2135394034611409E-01
  0.2120997699479640E-01
  0.2106518131137152E-01
  0.2091955897797930E-01
  0.2077311570920844E-01
  0.2062585725184075E-01
  0.2047778938468229E-01
  0.2032891791827504E-01
  0.2017924869469600E-01
  0.2002878758734818E-01
  0.1987754050070303E-01
  0.1972551337005141E-01
  0.1957271216133899E-01
  0.1941914287085438E-01
  0.1926481152502714E-01
  0.1910972418021179E-01
  0.1895388692242476E-01
  0.1879730586709128E-01
  0.1863998715885324E-01
  0.1848193697129332E-01
  0.1832316150667939E-01
  0.1816366699576159E-01
  0.1800345969748716E-01
  0.1784254589880452E-01
  0.1768093191436448E-01
  0.1751862408629647E-01
  0.1735562878396767E-01
  0.1719195240371826E-01
  0.1702760136861839E-01
  0.1686258212819269E-01
  0.1669690115823006E-01
  0.1653056496044232E-01
  0.1636358006228901E-01
  0.1619595301666966E-01
  0.1602769040168292E-01
  0.1585879882035308E-01
  0.1568928490043510E-01
  0.1551915529405309E-01
  0.1534841667753405E-01
  0.1517707575107267E-01
  0.1500513923850748E-01
  0.1483261388707093E-01
  0.1465950646706600E-01
  0.1448582377166632E-01
  0.1431157261661334E-01
  0.1413675983996166E-01
  0.1396139230177835E-01
  0.1378547688394149E-01
  0.1360902048979792E-01
  0.1343203004393260E-01
  0.1325451249189475E-01
  0.1307647479991235E-01
  0.1289792395462460E-01
  0.1271886696281034E-01
  0.1253931085110521E-01
  0.1235926266575330E-01
  0.1217872947228142E-01
  0.1199771835525587E-01
  0.1181623641799705E-01
  0.1163429078232713E-01
  0.1145188858823534E-01
  0.1126903699363178E-01
  0.1108574317405694E-01
  0.1090201432243917E-01
  0.1071785764874067E-01
  0.1053328037973320E-01
  0.1034828975868330E-01
  0.1016289304507915E-01
  0.9977097514357082E-02
  0.9790910457589539E-02
  0.9604339181217846E-02
  0.9417391006766565E-02
  0.9230073270546469E-02
  0.9042393323366938E-02
  0.8854358530266592E-02
  0.8665976270193112E-02
  0.8477253935729682E-02
  0.8288198932820366E-02
  0.8098818680441941E-02
  0.7909120610371348E-02
  0.7719112166812033E-02
  0.7528800806181846E-02
  0.7338193996785587E-02
  0.7147299218485902E-02
  0.6956123962500785E-02
  0.6764675731004035E-02
  0.6572962036932581E-02
  0.6380990403605055E-02
  0.6188768364472874E-02
  0.5996303462845571E-02
  0.5803603251515311E-02
  0.5610675292553147E-02
  0.5417527156956549E-02
  0.5224166424363458E-02
  0.5030600682783536E-02
  0.4836837528275734E-02
  0.4642884564636534E-02
  0.4448749403161490E-02
  0.4254439662305366E-02
  0.4059962967413762E-02
  0.3865326950420481E-02
  0.3670539249592939E-02
  0.3475607509216135E-02
  0.3280539379398878E-02
  0.3085342515755626E-02
  0.2890024579279616E-02
  0.2694593236141735E-02
  0.2499056157687437E-02
  0.2303421020592019E-02
  0.2107695507390154E-02
  0.1911887307733262E-02
  0.1716004121260831E-02
  0.1520053664060236E-02
  0.1324043684113193E-02
  0.1127982001832334E-02
  0.9318766305030940E-03
  0.7357362051443358E-03
  0.5395719659422690E-03
  0.3434117467858704E-03
  0.1475281130126226E-03
