  -4.999942283761066    
  -4.999695899072688    
  -4.999252644296006    
  -4.998612438439729    
  -4.997775294667727    
  -4.996741243082937    
  -4.995510323466783    
  -4.994082583924744    
  -4.992458080524934    
  -4.990636877176323    
  -4.988619045579730    
  -4.986404665204684    
  -4.983993823276569    
  -4.981386614768208    
  -4.978583142393414    
  -4.975583516601361    
  -4.972387855571317    
  -4.968996285207424    
  -4.965408939133348    
  -4.961625958686789    
  -4.957647492913750    
  -4.953473698562542    
  -4.949104740077548    
  -4.944540789592670    
  -4.939782026924528    
  -4.934828639565320    
  -4.929680822675445    
  -4.924338779075763    
  -4.918802719239616    
  -4.913072861284521    
  -4.907149430963557    
  -4.901032661656481    
  -4.894722794360519    
  -4.888220077680868    
  -4.881524767820896    
  -4.874637128572055    
  -4.867557431303474    
  -4.860285954951272    
  -4.852822986007568    
  -4.845168818509188    
  -4.837323754026077    
  -4.829288101649428    
  -4.821062177979496    
  -4.812646307113112    
  -4.804040820630934    
  -4.795246057584382    
  -4.786262364482255    
  -4.777090095277100    
  -4.767729611351262    
  -4.758181281502644    
  -4.748445481930172    
  -4.738522596218987    
  -4.728413015325307    
  -4.718117137561051    
  -4.707635368578128    
  -4.696968121352455    
  -4.686115816167703    
  -4.675078880598717    
  -4.663857749494671    
  -4.652452864961962    
  -4.640864676346749    
  -4.629093640217292    
  -4.617140220345917    
  -4.605004887690804    
  -4.592688120377360    
  -4.580190403679446    
  -4.567512230000221    
  -4.554654098852740    
  -4.541616516840297    
  -4.528399997636448    
  -4.515005061964769    
  -4.501432237578355    
  -4.487682059239019    
  -4.473755068696207    
  -4.459651814665690    
  -4.445372852807911    
  -4.430918745706112    
  -4.416290062844154    
  -4.401487380584094    
  -4.386511282143455    
  -4.371362357572279    
  -4.356041203729863    
  -4.340548424261224    
  -4.324884629573353    
  -4.309050436811139    
  -4.293046469833067    
  -4.276873359186620    
  -4.260531742083460    
  -4.244022262374303    
  -4.227345570523568    
  -4.210502323583735    
  -4.193493185169462    
  -4.176318825431450    
  -4.158979921030010    
  -4.141477155108441    
  -4.123811217266079    
  -4.105982803531157    
  -4.087992616333368    
  -4.069841364476183    
  -4.051529763108938    
  -4.033058533698648    
  -4.014428404001585    
  -3.995640108034609    
  -3.976694386046238    
  -3.957591984487499    
  -3.938333655982497    
  -3.918920159298774    
  -3.899352259317412    
  -3.879630727002913    
  -3.859756339372789    
  -3.839729879466981    
  -3.819552136316973    
  -3.799223904914765    
  -3.778745986181467    
  -3.758119186935816    
  -3.737344319862351    
  -3.716422203479402    
  -3.695353662106835    
  -3.674139525833591    
  -3.652780630484965    
  -3.631277817589674    
  -3.609631934346721    
  -3.587843833591986    
  -3.565914373764655    
  -3.543844418873371    
  -3.521634838462214    
  -3.499286507576429    
  -3.476800306727952    
  -3.454177121860724    
  -3.431417844315783    
  -3.408523370796137    
  -3.385494603331441    
  -3.362332449242458    
  -3.339037821105315    
  -3.315611636715541    
  -3.292054819051915    
  -3.268368296240078    
  -3.244553001516005    
  -3.220609873189192    
  -3.196539854605729    
  -3.172343894111097    
  -3.148022945012819    
  -3.123577965542914    
  -3.099009918820116    
  -3.074319772811946    
  -3.049508500296567    
  -3.024577078824472    
  -2.999526490679934    
  -2.974357722842345    
  -2.949071766947307    
  -2.923669619247573    
  -2.898152280573778    
  -2.872520756295022    
  -2.846776056279251    
  -2.820919194853489    
  -2.794951190763847    
  -2.768873067135385    
  -2.742685851431828    
  -2.716390575415063    
  -2.689988275104497    
  -2.663479990736228    
  -2.636866766722077    
  -2.610149651608427    
  -2.583329698034899    
  -2.556407962692917    
  -2.529385506284028    
  -2.502263393478157    
  -2.475042692871602    
  -2.447724476944998    
  -2.420309822021034    
  -2.392799808222002    
  -2.365195519427322    
  -2.337498043230784    
  -2.309708470897689    
  -2.281827897321912    
  -2.253857420982703    
  -2.225798143901430    
  -2.197651171598179    
  -2.169417613048165    
  -2.141098580638060    
  -2.112695190122160    
  -2.084208560578412    
  -2.055639814364340    
  -2.026990077072832    
  -1.998260477487772    
  -1.969452147539570    
  -1.940566222260570    
  -1.911603839740334    
  -1.882566141080795    
  -1.853454270351302    
  -1.824269374543537    
  -1.795012603526338    
  -1.765685110000378    
  -1.736288049452766    
  -1.706822580111512    
  -1.677289862899886    
  -1.647691061390701    
  -1.618027341760444    
  -1.588299872743345    
  -1.558509825585323    
  -1.528658373997841    
  -1.498746694111668    
  -1.468775964430530    
  -1.438747365784677    
  -1.408662081284379    
  -1.378521296273283    
  -1.348326198281734    
  -1.318077976979974    
  -1.287777824131280    
  -1.257426933544997    
  -1.227026501029515    
  -1.196577724345138    
  -1.166081803156917    
  -1.135539938987360    
  -1.104953335169114    
  -1.074323196797533    
  -1.043650730683213    
  -1.012937145304437    
 -0.9821836507595721    
 -0.9513914587193745    
 -0.9205617823792687    
 -0.8896958364115377    
 -0.8587948369174621    
 -0.8278600013794203    
 -0.7968925486129048    
 -0.7658936987185149    
 -0.7348646730338797    
 -0.7038066940855326    
 -0.6727209855407521    
 -0.6416087721593499    
 -0.6104712797454088    
 -0.5793097350990009    
 -0.5481253659678308    
 -0.5169194009988819    
 -0.4856930696900024    
 -0.4544476023414573    
 -0.4231842300074717    
 -0.3919041844477104    
 -0.3606086980787488    
 -0.3292990039255308    
 -0.2979763355727791    
 -0.2666419271163829    
 -0.2352970131147971    
 -0.2039428285403800    
 -0.1725806087307525    
 -0.1412115893401150    
 -0.1098370062905686    
 -0.7845809572341997E-01
 -0.4707609395047069E-01
 -0.1569223740533185E-01
  0.1569223740532696E-01
  0.4707609395046872E-01
  0.7845809572341331E-01
  0.1098370062905631    
  0.1412115893401128    
  0.1725806087307520    
  0.2039428285403783    
  0.2352970131147947    
  0.2666419271163782    
  0.2979763355727739    
  0.3292990039255284    
  0.3606086980787462    
  0.3919041844477058    
  0.4231842300074690    
  0.4544476023414560    
  0.4856930696899975    
  0.5169194009988787    
  0.5481253659678275    
  0.5793097350990004    
  0.6104712797454087    
  0.6416087721593494    
  0.6727209855407529    
  0.7038066940855302    
  0.7348646730338790    
  0.7658936987185154    
  0.7968925486129032    
  0.8278600013794195    
  0.8587948369174626    
  0.8896958364115357    
  0.9205617823792733    
  0.9513914587193756    
  0.9821836507595709    
   1.012937145304435    
   1.043650730683207    
   1.074323196797528    
   1.104953335169110    
   1.135539938987357    
   1.166081803156913    
   1.196577724345131    
   1.227026501029511    
   1.257426933544996    
   1.287777824131278    
   1.318077976979974    
   1.348326198281735    
   1.378521296273283    
   1.408662081284378    
   1.438747365784676    
   1.468775964430526    
   1.498746694111667    
   1.528658373997843    
   1.558509825585319    
   1.588299872743341    
   1.618027341760441    
   1.647691061390699    
   1.677289862899884    
   1.706822580111510    
   1.736288049452765    
   1.765685110000373    
   1.795012603526336    
   1.824269374543535    
   1.853454270351298    
   1.882566141080793    
   1.911603839740332    
   1.940566222260566    
   1.969452147539565    
   1.998260477487768    
   2.026990077072833    
   2.055639814364339    
   2.084208560578407    
   2.112695190122157    
   2.141098580638062    
   2.169417613048166    
   2.197651171598180    
   2.225798143901427    
   2.253857420982697    
   2.281827897321909    
   2.309708470897689    
   2.337498043230779    
   2.365195519427323    
   2.392799808222002    
   2.420309822021033    
   2.447724476945005    
   2.475042692871602    
   2.502263393478152    
   2.529385506284030    
   2.556407962692916    
   2.583329698034900    
   2.610149651608426    
   2.636866766722078    
   2.663479990736227    
   2.689988275104496    
   2.716390575415065    
   2.742685851431828    
   2.768873067135382    
   2.794951190763845    
   2.820919194853491    
   2.846776056279251    
   2.872520756295022    
   2.898152280573778    
   2.923669619247575    
   2.949071766947310    
   2.974357722842345    
   2.999526490679933    
   3.024577078824471    
   3.049508500296572    
   3.074319772811946    
   3.099009918820117    
   3.123577965542915    
   3.148022945012821    
   3.172343894111098    
   3.196539854605731    
   3.220609873189196    
   3.244553001516003    
   3.268368296240081    
   3.292054819051913    
   3.315611636715543    
   3.339037821105315    
   3.362332449242453    
   3.385494603331436    
   3.408523370796134    
   3.431417844315781    
   3.454177121860726    
   3.476800306727949    
   3.499286507576423    
   3.521634838462211    
   3.543844418873369    
   3.565914373764651    
   3.587843833591988    
   3.609631934346721    
   3.631277817589674    
   3.652780630484962    
   3.674139525833591    
   3.695353662106835    
   3.716422203479398    
   3.737344319862351    
   3.758119186935814    
   3.778745986181467    
   3.799223904914764    
   3.819552136316978    
   3.839729879466978    
   3.859756339372789    
   3.879630727002912    
   3.899352259317416    
   3.918920159298771    
   3.938333655982495    
   3.957591984487499    
   3.976694386046240    
   3.995640108034611    
   4.014428404001587    
   4.033058533698648    
   4.051529763108938    
   4.069841364476183    
   4.087992616333371    
   4.105982803531159    
   4.123811217266080    
   4.141477155108439    
   4.158979921030014    
   4.176318825431452    
   4.193493185169468    
   4.210502323583739    
   4.227345570523571    
   4.244022262374306    
   4.260531742083455    
   4.276873359186621    
   4.293046469833069    
   4.309050436811145    
   4.324884629573357    
   4.340548424261226    
   4.356041203729863    
   4.371362357572284    
   4.386511282143458    
   4.401487380584095    
   4.416290062844157    
   4.430918745706117    
   4.445372852807917    
   4.459651814665693    
   4.473755068696211    
   4.487682059239019    
   4.501432237578358    
   4.515005061964772    
   4.528399997636453    
   4.541616516840301    
   4.554654098852745    
   4.567512230000220    
   4.580190403679449    
   4.592688120377360    
   4.605004887690799    
   4.617140220345919    
   4.629093640217289    
   4.640864676346751    
   4.652452864961962    
   4.663857749494674    
   4.675078880598715    
   4.686115816167703    
   4.696968121352457    
   4.707635368578124    
   4.718117137561050    
   4.728413015325305    
   4.738522596218988    
   4.748445481930176    
   4.758181281502644    
   4.767729611351264    
   4.777090095277102    
   4.786262364482258    
   4.795246057584384    
   4.804040820630938    
   4.812646307113111    
   4.821062177979494    
   4.829288101649428    
   4.837323754026078    
   4.845168818509188    
   4.852822986007567    
   4.860285954951272    
   4.867557431303475    
   4.874637128572054    
   4.881524767820896    
   4.888220077680866    
   4.894722794360518    
   4.901032661656481    
   4.907149430963556    
   4.913072861284520    
   4.918802719239616    
   4.924338779075762    
   4.929680822675444    
   4.934828639565321    
   4.939782026924529    
   4.944540789592670    
   4.949104740077548    
   4.953473698562544    
   4.957647492913750    
   4.961625958686790    
   4.965408939133350    
   4.968996285207425    
   4.972387855571317    
   4.975583516601359    
   4.978583142393411    
   4.981386614768209    
   4.983993823276568    
   4.986404665204681    
   4.988619045579729    
   4.990636877176319    
   4.992458080524930    
   4.994082583924740    
   4.995510323466779    
   4.996741243082933    
   4.997775294667727    
   4.998612438439726    
   4.999252644296004    
   4.999695899072687    
   4.999942283761067    
