  -1.499982754111649    
  -1.499909133184899    
  -1.499776686519283    
  -1.499585389893426    
  -1.499335247210734    
  -1.499026267426847    
  -1.498658462380153    
  -1.498231846387080    
  -1.497746436134106    
  -1.497202250641379    
  -1.496599311248073    
  -1.495937641605484    
  -1.495217267673200    
  -1.494438217716591    
  -1.493600522304887    
  -1.492704214309515    
  -1.491749328902529    
  -1.490735903555059    
  -1.489663978035730    
  -1.488533594409036    
  -1.487344797033626    
  -1.486097632560549    
  -1.484792149931386    
  -1.483428400376319    
  -1.482006437412105    
  -1.480526316839974    
  -1.478988096743422    
  -1.477391837485936    
  -1.475737601708617    
  -1.474025454327725    
  -1.472255462532118    
  -1.470427695780623    
  -1.468542225799304    
  -1.466599126578651    
  -1.464598474370670    
  -1.462540347685894    
  -1.460424827290298    
  -1.458251996202137    
  -1.456021939688674    
  -1.453734745262846    
  -1.451390502679824    
  -1.448989303933490    
  -1.446531243252833    
  -1.444016417098242    
  -1.441444924157727    
  -1.438816865343040    
  -1.436132343785725    
  -1.433391464833060    
  -1.430594336043931    
  -1.427741067184605    
  -1.424831770224424    
  -1.421866559331416    
  -1.418845550867808    
  -1.415768863385461    
  -1.412636617621222    
  -1.409448936492184    
  -1.406205945090856    
  -1.402907770680264    
  -1.399554542688951    
  -1.396146392705900    
  -1.392683454475367    
  -1.389165863891637    
  -1.385593758993689    
  -1.381967279959780    
  -1.378286569101937    
  -1.374551770860386    
  -1.370763031797874    
  -1.366920500593916    
  -1.363024328038967    
  -1.359074667028503    
  -1.355071672557019    
  -1.351015501711946    
  -1.346906313667487    
  -1.342744269678372    
  -1.338529533073534    
  -1.334262269249688    
  -1.329942645664853    
  -1.325570831831771    
  -1.321146999311261    
  -1.316671321705485    
  -1.312143974651131    
  -1.307565135812529    
  -1.302934984874671    
  -1.298253703536165    
  -1.293521475502103    
  -1.288738486476849    
  -1.283904924156755    
  -1.279020978222798    
  -1.274086840333131    
  -1.269102704115562    
  -1.264068765159959    
  -1.258985221010572    
  -1.253852271158284    
  -1.248670117032778    
  -1.243438961994636    
  -1.238159011327359    
  -1.232830472229306    
  -1.227453553805566    
  -1.222028467059757    
  -1.216555424885741    
  -1.211034642059265    
  -1.205466335229545    
  -1.199850722910748    
  -1.194188025473434    
  -1.188478465135896    
  -1.182722265955441    
  -1.176919653819606    
  -1.171070856437283    
  -1.165176103329786    
  -1.159235625821854    
  -1.153249657032554    
  -1.147218431866153    
  -1.141142187002884    
  -1.135021160889668    
  -1.128855593730753    
  -1.122645727478286    
  -1.116391805822825    
  -1.110094074183764    
  -1.103752779699714    
  -1.097368171218803    
  -1.090940499288904    
  -1.084470016147804    
  -1.077956975713312    
  -1.071401633573292    
  -1.064804246975627    
  -1.058165074818132    
  -1.051484377638392    
  -1.044762417603534    
  -1.037999458499943    
  -1.031195765722909    
  -1.024351606266214    
  -1.017467248711651    
  -1.010542963218486    
  -1.003579021512859    
 -0.9965756968771140    
 -0.9895332641390804    
 -0.9824519996612893    
 -0.9753321813301222    
 -0.9681740885449107    
 -0.9609780022069725    
 -0.9537442047085818    
 -0.9464729799218971    
 -0.9391646131878149    
 -0.9318193913047743    
 -0.9244376025175001    
 -0.9170195365056959    
 -0.9095654843726693    
 -0.9020757386339171    
 -0.8945505932056423    
 -0.8869903433932129    
 -0.8793952858795866    
 -0.8717657187136566    
 -0.8641019412985689    
 -0.8564042543799510    
 -0.8486729600341404    
 -0.8409083616562958    
 -0.8331107639485213    
 -0.8252804729078895    
 -0.8174177958144491    
 -0.8095230412191456    
 -0.8015965189317349    
 -0.7936385400086128    
 -0.7856494167406114    
 -0.7776294626407436    
 -0.7695789924319024    
 -0.7614983220345062    
 -0.7533877685541046    
 -0.7452476502689362    
 -0.7370782866174287    
 -0.7288799981856831    
 -0.7206531066948678    
 -0.7123979349886075    
 -0.7041148070203245    
 -0.6958040478405029    
 -0.6874659835839442    
 -0.6791009414569756    
 -0.6707092497245981    
 -0.6622912376976081    
 -0.6538472357196806    
 -0.6453775751543975    
 -0.6368825883722465    
 -0.6283626087375824    
 -0.6198179705955379    
 -0.6112490092589076    
 -0.6026560609949899    
 -0.5940394630123899    
 -0.5853995534477836    
 -0.5767366713526528    
 -0.5680511566799813    
 -0.5593433502709058    
 -0.5506135938413503    
 -0.5418622299686121    
 -0.5330896020779132    
 -0.5242960544289345    
 -0.5154819321022974    
 -0.5066475809860252    
 -0.4977933477619672    
 -0.4889195798921980    
 -0.4800266256053807    
 -0.4711148338830996    
 -0.4621845544461660    
 -0.4532361377408966    
 -0.4442699349253590    
 -0.4352862978555913    
 -0.4262855790717954    
 -0.4172681317845038    
 -0.4082343098607134    
 -0.3991844678100055    
 -0.3901189607706291    
 -0.3810381444955666    
 -0.3719423753385725    
 -0.3628320102401904    
 -0.3537074067137470    
 -0.3445689228313144    
 -0.3354169172096685    
 -0.3262517489962111    
 -0.3170737778548762    
 -0.3078833639520170    
 -0.2986808679422710    
 -0.2894666509544086    
 -0.2802410745771584    
 -0.2710045008450226    
 -0.2617572922240631    
 -0.2524998115976855    
 -0.2432324222523899    
 -0.2339554878635240    
 -0.2246693724810017    
 -0.2153744405150261    
 -0.2060710567217813    
 -0.1967595861891244    
 -0.1874403943222567    
 -0.1781138468293808    
 -0.1687803097073553    
 -0.1594401492273290    
 -0.1500937319203658    
 -0.1407414245630635    
 -0.1313835941631614    
 -0.1220206079451357    
 -0.1126528333357897    
 -0.1032806379498356    
 -0.9390438957546834E-01
 -0.8452445615992893E-01
 -0.7514120579507312E-01
 -0.6575500670291878E-01
 -0.5636622722120017E-01
 -0.4697523578891184E-01
 -0.3758240093185312E-01
 -0.2818809124816064E-01
 -0.1879267539384958E-01
 -0.9396522068341710E-02
  0.3729256903402630E-15
  0.9396522068341913E-02
  0.1879267539385069E-01
  0.2818809124816211E-01
  0.3758240093185408E-01
  0.4697523578891359E-01
  0.5636622722120128E-01
  0.6575500670292039E-01
  0.7514120579507384E-01
  0.8452445615993054E-01
  0.9390438957547026E-01
  0.1032806379498380    
  0.1126528333357909    
  0.1220206079451369    
  0.1313835941631617    
  0.1407414245630637    
  0.1500937319203653    
  0.1594401492273292    
  0.1687803097073559    
  0.1781138468293810    
  0.1874403943222562    
  0.1967595861891241    
  0.2060710567217812    
  0.2153744405150253    
  0.2246693724810011    
  0.2339554878635233    
  0.2432324222523895    
  0.2524998115976841    
  0.2617572922240620    
  0.2710045008450219    
  0.2802410745771581    
  0.2894666509544069    
  0.2986808679422695    
  0.3078833639520155    
  0.3170737778548750    
  0.3262517489962097    
  0.3354169172096674    
  0.3445689228313134    
  0.3537074067137462    
  0.3628320102401913    
  0.3719423753385722    
  0.3810381444955658    
  0.3901189607706281    
  0.3991844678100054    
  0.4082343098607143    
  0.4172681317845044    
  0.4262855790717969    
  0.4352862978555911    
  0.4442699349253587    
  0.4532361377408967    
  0.4621845544461655    
  0.4711148338830993    
  0.4800266256053802    
  0.4889195798921984    
  0.4977933477619665    
  0.5066475809860245    
  0.5154819321022976    
  0.5242960544289350    
  0.5330896020779137    
  0.5418622299686108    
  0.5506135938413508    
  0.5593433502709055    
  0.5680511566799804    
  0.5767366713526532    
  0.5853995534477834    
  0.5940394630123900    
  0.6026560609949914    
  0.6112490092589079    
  0.6198179705955382    
  0.6283626087375828    
  0.6368825883722474    
  0.6453775751543979    
  0.6538472357196814    
  0.6622912376976079    
  0.6707092497245976    
  0.6791009414569760    
  0.6874659835839452    
  0.6958040478405030    
  0.7041148070203258    
  0.7123979349886106    
  0.7206531066948672    
  0.7288799981856838    
  0.7370782866174300    
  0.7452476502689356    
  0.7533877685541057    
  0.7614983220345057    
  0.7695789924319019    
  0.7776294626407443    
  0.7856494167406119    
  0.7936385400086130    
  0.8015965189317351    
  0.8095230412191461    
  0.8174177958144483    
  0.8252804729078914    
  0.8331107639485211    
  0.8409083616562958    
  0.8486729600341392    
  0.8564042543799536    
  0.8641019412985689    
  0.8717657187136592    
  0.8793952858795873    
  0.8869903433932134    
  0.8945505932056428    
  0.9020757386339187    
  0.9095654843726704    
  0.9170195365056952    
  0.9244376025175007    
  0.9318193913047748    
  0.9391646131878155    
  0.9464729799218971    
  0.9537442047085818    
  0.9609780022069713    
  0.9681740885449107    
  0.9753321813301215    
  0.9824519996612893    
  0.9895332641390813    
  0.9965756968771130    
   1.003579021512859    
   1.010542963218486    
   1.017467248711651    
   1.024351606266214    
   1.031195765722908    
   1.037999458499942    
   1.044762417603533    
   1.051484377638392    
   1.058165074818132    
   1.064804246975626    
   1.071401633573291    
   1.077956975713312    
   1.084470016147803    
   1.090940499288904    
   1.097368171218804    
   1.103752779699715    
   1.110094074183764    
   1.116391805822823    
   1.122645727478287    
   1.128855593730753    
   1.135021160889670    
   1.141142187002884    
   1.147218431866154    
   1.153249657032556    
   1.159235625821854    
   1.165176103329787    
   1.171070856437282    
   1.176919653819606    
   1.182722265955442    
   1.188478465135895    
   1.194188025473434    
   1.199850722910748    
   1.205466335229544    
   1.211034642059266    
   1.216555424885740    
   1.222028467059757    
   1.227453553805565    
   1.232830472229305    
   1.238159011327358    
   1.243438961994637    
   1.248670117032779    
   1.253852271158284    
   1.258985221010572    
   1.264068765159958    
   1.269102704115562    
   1.274086840333132    
   1.279020978222799    
   1.283904924156756    
   1.288738486476848    
   1.293521475502103    
   1.298253703536166    
   1.302934984874671    
   1.307565135812530    
   1.312143974651131    
   1.316671321705485    
   1.321146999311261    
   1.325570831831771    
   1.329942645664853    
   1.334262269249688    
   1.338529533073533    
   1.342744269678372    
   1.346906313667485    
   1.351015501711945    
   1.355071672557018    
   1.359074667028504    
   1.363024328038967    
   1.366920500593915    
   1.370763031797873    
   1.374551770860386    
   1.378286569101937    
   1.381967279959779    
   1.385593758993689    
   1.389165863891638    
   1.392683454475367    
   1.396146392705900    
   1.399554542688951    
   1.402907770680264    
   1.406205945090856    
   1.409448936492184    
   1.412636617621223    
   1.415768863385461    
   1.418845550867808    
   1.421866559331417    
   1.424831770224424    
   1.427741067184604    
   1.430594336043931    
   1.433391464833061    
   1.436132343785725    
   1.438816865343040    
   1.441444924157726    
   1.444016417098241    
   1.446531243252833    
   1.448989303933490    
   1.451390502679823    
   1.453734745262845    
   1.456021939688674    
   1.458251996202137    
   1.460424827290300    
   1.462540347685894    
   1.464598474370670    
   1.466599126578651    
   1.468542225799304    
   1.470427695780623    
   1.472255462532118    
   1.474025454327725    
   1.475737601708618    
   1.477391837485934    
   1.478988096743420    
   1.480526316839973    
   1.482006437412105    
   1.483428400376319    
   1.484792149931386    
   1.486097632560549    
   1.487344797033626    
   1.488533594409034    
   1.489663978035730    
   1.490735903555058    
   1.491749328902527    
   1.492704214309514    
   1.493600522304886    
   1.494438217716590    
   1.495217267673198    
   1.495937641605483    
   1.496599311248072    
   1.497202250641378    
   1.497746436134107    
   1.498231846387080    
   1.498658462380152    
   1.499026267426847    
   1.499335247210734    
   1.499585389893427    
   1.499776686519283    
   1.499909133184897    
   1.499982754111649    
