  -4.999942512705503    
  -4.999697109616362    
  -4.999255620731023    
  -4.998617965311571    
  -4.997784156369356    
  -4.996754223756513    
  -4.995528206934335    
  -4.994106153624249    
  -4.992488119447848    
  -4.990674167805623    
  -4.988664369828157    
  -4.986458804353102    
  -4.984057557912419    
  -4.981460724724008    
  -4.978668406685304    
  -4.975680713367725    
  -4.972497762011455    
  -4.969119677520260    
  -4.965546592456224    
  -4.961778647034323    
  -4.957815989116728    
  -4.953658774206926    
  -4.949307165443528    
  -4.944761333593805    
  -4.940021457046949    
  -4.935087721807053    
  -4.929960321485777    
  -4.924639457294743    
  -4.919125338037621    
  -4.913418180101942    
  -4.907518207450567    
  -4.901425651612922    
  -4.895140751675882    
  -4.888663754274418    
  -4.881994913581881    
  -4.875134491300050    
  -4.868082756648839    
  -4.860839986355765    
  -4.853406464645037    
  -4.845782483226451    
  -4.837968341283902    
  -4.829964345463670    
  -4.821770809862381    
  -4.813388056014666    
  -4.804816412880560    
  -4.796056216832566    
  -4.787107811642501    
  -4.777971548467957    
  -4.768647785838551    
  -4.759136889641844    
  -4.749439233108975    
  -4.739555196800036    
  -4.729485168589116    
  -4.719229543649087    
  -4.708788724436107    
  -4.698163120673814    
  -4.687353149337243    
  -4.676359234636480    
  -4.665181807999999    
  -4.653821308057746    
  -4.642278180623905    
  -4.630552878679429    
  -4.618645862354246    
  -4.606557598909211    
  -4.594288562717752    
  -4.581839235247284    
  -4.569210105040299    
  -4.556401667695180    
  -4.543414425846782    
  -4.530248889146683    
  -4.516905574243204    
  -4.503385004761114    
  -4.489687711281090    
  -4.475814231318902    
  -4.461765109304317    
  -4.447540896559731    
  -4.433142151278529    
  -4.418569438503195    
  -4.403823330103117    
  -4.388904404752170    
  -4.373813247905983    
  -4.358550451778988    
  -4.343116615321161    
  -4.327512344194523    
  -4.311738250749387    
  -4.295794954000292    
  -4.279683079601752    
  -4.263403259823686    
  -4.246956133526605    
  -4.230342346136537    
  -4.213562549619706    
  -4.196617402456947    
  -4.179507569617869    
  -4.162233722534748    
  -4.144796539076193    
  -4.127196703520539    
  -4.109434906528980    
  -4.091511845118487    
  -4.073428222634447    
  -4.055184748723065    
  -4.036782139303505    
  -4.018221116539812    
  -3.999502408812547    
  -3.980626750690245    
  -3.961594882900544    
  -3.942407552301140    
  -3.923065511850484    
  -3.903569520578216    
  -3.883920343555390    
  -3.864118751864460    
  -3.844165522568989    
  -3.824061438683195    
  -3.803807289141193    
  -3.783403868766054    
  -3.762851978238596    
  -3.742152424065984    
  -3.721306018550074    
  -3.700313579755513    
  -3.679175931477672    
  -3.657893903210310    
  -3.636468330113001    
  -3.614900052978375    
  -3.593189918199124    
  -3.571338777734792    
  -3.549347489078329    
  -3.527216915222446    
  -3.504947924625764    
  -3.482541391178700    
  -3.459998194169211    
  -3.437319218248259    
  -3.414505353395119    
  -3.391557494882433    
  -3.368476543241089    
  -3.345263404224883    
  -3.321918988774969    
  -3.298444212984105    
  -3.274839998060732    
  -3.251107270292786    
  -3.227246961011372    
  -3.203260006554216    
  -3.179147348228900    
  -3.154909932275950    
  -3.130548709831689    
  -3.106064636890914    
  -3.081458674269373    
  -3.056731787566079    
  -3.031884947125390    
  -3.006919127998962    
  -2.981835309907472    
  -2.956634477202146    
  -2.931317618826177    
  -2.905885728275874    
  -2.880339803561725    
  -2.854680847169155    
  -2.828909866019288    
  -2.803027871429320    
  -2.777035879072931    
  -2.750934908940363    
  -2.724725985298444    
  -2.698410136650327    
  -2.671988395695197    
  -2.645461799287709    
  -2.618831388397300    
  -2.592098208067348    
  -2.565263307374162    
  -2.538327739385804    
  -2.511292561120773    
  -2.484158833506530    
  -2.456927621337833    
  -2.429599993235021    
  -2.402177021601986    
  -2.374659782584146    
  -2.347049356026239    
  -2.319346825429881    
  -2.291553277911076    
  -2.263669804157582    
  -2.235697498386067    
  -2.207637458299187    
  -2.179490785042525    
  -2.151258583161353    
  -2.122941960557298    
  -2.094542028444875    
  -2.066059901307860    
  -2.037496696855567    
  -2.008853535978993    
  -1.980131542706818    
  -1.951331844161299    
  -1.922455570514039    
  -1.893503854941652    
  -1.864477833581260    
  -1.835378645485943    
  -1.806207432580024    
  -1.776965339614244    
  -1.747653514120873    
  -1.718273106368648    
  -1.688825269317647    
  -1.659311158574033    
  -1.629731932344723    
  -1.600088751391926    
  -1.570382778987590    
  -1.540615180867752    
  -1.510787125186802    
  -1.480899782471631    
  -1.450954325575699    
  -1.420951929633013    
  -1.390893772012014    
  -1.360781032269359    
  -1.330614892103651    
  -1.300396535309054    
  -1.270127147728841    
  -1.239807917208863    
  -1.209440033550929    
  -1.179024688466131    
  -1.148563075528039    
  -1.118056390125909    
  -1.087505829417745    
  -1.056912592283327    
  -1.026277879277166    
 -0.9956028925813870    
 -0.9648888359585575    
 -0.9341369147044395    
 -0.9033483356007069    
 -0.8725243068675660    
 -0.8416660381163684    
 -0.8107747403021145    
 -0.7798516256759630    
 -0.7488979077376267    
 -0.7179148011877831    
 -0.6869035218803782    
 -0.6558652867749359    
 -0.6248013138887940    
 -0.5937128222492941    
 -0.5626010318459650    
 -0.5314671635826352    
 -0.5003124392295184    
 -0.4691380813752730    
 -0.4379453133790306    
 -0.4067353593223780    
 -0.3755094439613263    
 -0.3442687926782492    
 -0.3130146314337962    
 -0.2817481867187708    
 -0.2504706855060252    
 -0.2191833552022857    
 -0.1878874235999996    
 -0.1565841188291485    
 -0.1252746693090635    
 -0.9396030370019978E-01
 -0.6264225085594126E-01
 -0.3132173977436027E-01
  0.4500012803188013E-09
  0.3132174067436103E-01
  0.6264225175594502E-01
  0.9396030460020478E-01
  0.1252746702090668    
  0.1565841197291544    
  0.1878874245000034    
  0.2191833561022912    
  0.2504706864060278    
  0.2817481876187762    
  0.3130146323338026    
  0.3442687935782571    
  0.3755094448613304    
  0.4067353602223820    
  0.4379453142790317    
  0.4691380822752737    
  0.5003124401295168    
  0.5314671644826361    
  0.5626010327459670    
  0.5937128231492951    
  0.6248013147887925    
  0.6558652876749353    
  0.6869035227803781    
  0.7179148020877804    
  0.7488979086376248    
  0.7798516265759606    
  0.8107747412021132    
  0.8416660390163638    
  0.8725243077675623    
  0.9033483365007047    
  0.9341369156044385    
  0.9648888368585519    
  0.9956028934813821    
   1.026277880177161    
   1.056912593183323    
   1.087505830317740    
   1.118056391025905    
   1.148563076428036    
   1.179024689366128    
   1.209440034450933    
   1.239807918108862    
   1.270127148628839    
   1.300396536209050    
   1.330614893003650    
   1.360781033169362    
   1.390893772912017    
   1.420951930533018    
   1.450954326475699    
   1.480899783371630    
   1.510787126086802    
   1.540615181767750    
   1.570382779887589    
   1.600088752291924    
   1.629731933244724    
   1.659311159474031    
   1.688825270217644    
   1.718273107268649    
   1.747653515020875    
   1.776965340514246    
   1.806207433480020    
   1.835378646385945    
   1.864477834481259    
   1.893503855841649    
   1.922455571414041    
   1.951331845061298    
   1.980131543606819    
   2.008853536878997    
   2.037496697755568    
   2.066059902207861    
   2.094542029344876    
   2.122941961457301    
   2.151258584061354    
   2.179490785942527    
   2.207637459199186    
   2.235697499286065    
   2.263669805057583    
   2.291553278811080    
   2.319346826329882    
   2.347049356926244    
   2.374659783484156    
   2.402177022501984    
   2.429599994135023    
   2.456927622237838    
   2.484158834406528    
   2.511292562020777    
   2.538327740285803    
   2.565263308274161    
   2.592098208967350    
   2.618831389297302    
   2.645461800187709    
   2.671988396595199    
   2.698410137550328    
   2.724725986198441    
   2.750934909840368    
   2.777035879972930    
   2.803027872329320    
   2.828909866919284    
   2.854680848069164    
   2.880339804461725    
   2.905885729175883    
   2.931317619726179    
   2.956634478102148    
   2.981835310807474    
   3.006919128898967    
   3.031884948025394    
   3.056731788466077    
   3.081458675169375    
   3.106064637790915    
   3.130548710731691    
   3.154909933175950    
   3.179147349128900    
   3.203260007454212    
   3.227246961911372    
   3.251107271192783    
   3.274839998960732    
   3.298444213884109    
   3.321918989674966    
   3.345263405124883    
   3.368476544141087    
   3.391557495782433    
   3.414505354295118    
   3.437319219148256    
   3.459998195069206    
   3.482541392078697    
   3.504947925525761    
   3.527216916122446    
   3.549347489978327    
   3.571338778634791    
   3.593189919099123    
   3.614900053878371    
   3.636468331013000    
   3.657893904110313    
   3.679175932377674    
   3.700313580655511    
   3.721306019450068    
   3.742152424965986    
   3.762851979138596    
   3.783403869666058    
   3.803807290041195    
   3.824061439583201    
   3.844165523468994    
   3.864118752764461    
   3.883920344455393    
   3.903569521478216    
   3.923065512750483    
   3.942407553201142    
   3.961594883800542    
   3.980626751590245    
   3.999502409712549    
   4.018221117439808    
   4.036782140203506    
   4.055184749623065    
   4.073428223534445    
   4.091511846018483    
   4.109434907428978    
   4.127196704420535    
   4.144796539976194    
   4.162233723434749    
   4.179507570517868    
   4.196617403356946    
   4.213562550519703    
   4.230342347036537    
   4.246956134426608    
   4.263403260723689    
   4.279683080501756    
   4.295794954900289    
   4.311738251649385    
   4.327512345094527    
   4.343116616221161    
   4.358550452678991    
   4.373813248805984    
   4.388904405652172    
   4.403823331003116    
   4.418569439403194    
   4.433142152178530    
   4.447540897459730    
   4.461765110204316    
   4.475814232218901    
   4.489687712181087    
   4.503385005661110    
   4.516905575143202    
   4.530248890046685    
   4.543414426746780    
   4.556401668595179    
   4.569210105940296    
   4.581839236147285    
   4.594288563617752    
   4.606557599809208    
   4.618645863254245    
   4.630552879579431    
   4.642278181523907    
   4.653821308957745    
   4.665181808900000    
   4.676359235536481    
   4.687353150237246    
   4.698163121573814    
   4.708788725336110    
   4.719229544549090    
   4.729485169489116    
   4.739555197700039    
   4.749439234008975    
   4.759136890541843    
   4.768647786738554    
   4.777971549367958    
   4.787107812542500    
   4.796056217732568    
   4.804816413780556    
   4.813388056914665    
   4.821770810762383    
   4.829964346363671    
   4.837968342183901    
   4.845782484126447    
   4.853406465545039    
   4.860839987255763    
   4.868082757548843    
   4.875134492200049    
   4.881994914481880    
   4.888663755174417    
   4.895140752575881    
   4.901425652512919    
   4.907518208350566    
   4.913418181001942    
   4.919125338937623    
   4.924639458194736    
   4.929960322385772    
   4.935087722707049    
   4.940021457946949    
   4.944761334493806    
   4.949307166343531    
   4.953658775106930    
   4.957815990016726    
   4.961778647934319    
   4.965546593356224    
   4.969119678420258    
   4.972497762911450    
   4.975680714267724    
   4.978668407585301    
   4.981460725624005    
   4.984057558812414    
   4.986458805253099    
   4.988664370728156    
   4.990674168705621    
   4.992488120347850    
   4.994106154524249    
   4.995528207834333    
   4.996754224656513    
   4.997784157269357    
   4.998617966211575    
   4.999255621631023    
   4.999697110516358    
   4.999942513605502    
