   0.0000000000000000        1.0959143857670022     
   1.0000000000000000E-002   1.0901927874727015     
   2.0000000000000000E-002   1.0844995516824489     
   2.9999999999999999E-002   1.0788345410507560     
   4.0000000000000001E-002   1.0731976190398624     
   5.0000000000000003E-002   1.0675886499144298     
   6.0000000000000005E-002   1.0620074987362143     
   7.0000000000000007E-002   1.0564540313587381     
   8.0000000000000002E-002   1.0509281144219267     
   8.9999999999999997E-002   1.0454296153467422     
   9.9999999999999992E-002   1.0399584023297987     
  0.10999999999999999        1.0345143443379705     
  0.11999999999999998        1.0290973111029771     
  0.12999999999999998        1.0237071731159717     
  0.13999999999999999        1.0183438016221105     
  0.14999999999999999        1.0130070686151145     
  0.16000000000000000        1.0076968468318332     
  0.17000000000000001        1.0024130097467856     
  0.18000000000000002       0.99715543156671138     
  0.19000000000000003       0.99192398722510899     
  0.20000000000000004       0.98671855237677586     
  0.21000000000000005       0.98153900339233813     
  0.22000000000000006       0.97638521735279182     
  0.23000000000000007       0.97125707204403189     
  0.24000000000000007       0.96615444595139177     
  0.25000000000000006       0.96107721825418169     
  0.26000000000000006       0.95602526882022210     
  0.27000000000000007       0.95099847820039773     
  0.28000000000000008       0.94599672762320397     
  0.29000000000000009       0.94101989898930360     
  0.30000000000000010       0.93606787486609255     
  0.31000000000000011       0.93114053848226641     
  0.32000000000000012       0.92623777372241156     
  0.33000000000000013       0.92135946512159128     
  0.34000000000000014       0.91650549785994806     
  0.35000000000000014       0.91167575775732157     
  0.36000000000000015       0.90687013126787996     
  0.37000000000000016       0.90208850547475761     
  0.38000000000000017       0.89733076808471746     
  0.39000000000000018       0.89259680742282621     
  0.40000000000000019       0.88788651242714245     
  0.41000000000000020       0.88319977264343164     
  0.42000000000000021       0.87853647821988956     
  0.43000000000000022       0.87389651990189465     
  0.44000000000000022       0.86927978902677816     
  0.45000000000000023       0.86468617751861099     
  0.46000000000000024       0.86011557788302084     
  0.47000000000000025       0.85556788320202970     
  0.48000000000000026       0.85104298712891191     
  0.49000000000000027       0.84654078388308474     
  0.50000000000000022       0.84206116824501587     
  0.51000000000000023       0.83760403555116481     
  0.52000000000000024       0.83316928168895099     
  0.53000000000000025       0.82875680309174504     
  0.54000000000000026       0.82436649673389295     
  0.55000000000000027       0.81999826012577093     
  0.56000000000000028       0.81565199130886878     
  0.57000000000000028       0.81132758885090306     
  0.58000000000000029       0.80702495184096534     
  0.59000000000000030       0.80274397988470314     
  0.60000000000000031       0.79848457309952903     
  0.61000000000000032       0.79424663210986768     
  0.62000000000000033       0.79003005804244197     
  0.63000000000000034       0.78583475252158186     
  0.64000000000000035       0.78166061766458039     
  0.65000000000000036       0.77750755607708277     
  0.66000000000000036       0.77337547084850811     
  0.67000000000000037       0.76926426554751393     
  0.68000000000000038       0.76517384421749546     
  0.69000000000000039       0.76110411137212797     
  0.70000000000000040       0.75705497199093963     
  0.71000000000000041       0.75302633151493326     
  0.72000000000000042       0.74901809584224033     
  0.73000000000000043       0.74503017132382132     
  0.74000000000000044       0.74106246475920245     
  0.75000000000000044       0.73711488339225673     
  0.76000000000000045       0.73318733490702326     
  0.77000000000000046       0.72927972742357372     
  0.78000000000000047       0.72539196949391438     
  0.79000000000000048       0.72152397009793645     
  0.80000000000000049       0.71767563863940853     
  0.81000000000000050       0.71384688494200854     
  0.82000000000000051       0.71003761924540187     
  0.83000000000000052       0.70624775220136837     
  0.84000000000000052       0.70247719486996218     
  0.85000000000000053       0.69872585871572501     
  0.86000000000000054       0.69499365560394222     
  0.87000000000000055       0.69128049779694201     
  0.88000000000000056       0.68758629795044024     
  0.89000000000000057       0.68391096910992855     
  0.90000000000000058       0.68025442470711195     
  0.91000000000000059       0.67661657855639024     
  0.92000000000000060       0.67299734485138185     
  0.93000000000000060       0.66939663816149386     
  0.94000000000000061       0.66581437342854588     
  0.95000000000000062       0.66225046596342718     
  0.96000000000000063       0.65870483144280778     
  0.97000000000000064       0.65517738590589536     
  0.98000000000000065       0.65166804575123016     
  0.99000000000000066       0.64817672773353963     
   1.0000000000000007       0.64470334896062420     
   1.1000000000000008       0.61093822986680713     
   1.2000000000000008       0.57887836339251730     
   1.3000000000000009       0.54844624614119630     
   1.4000000000000010       0.51956734247834013     
   1.5000000000000011       0.49216989302718622     
   1.6000000000000012       0.46618476089279420     
   1.7000000000000013       0.44154531121657442     
   1.8000000000000014       0.41818731917775687     
   1.9000000000000015       0.39604890133221365     
   2.0000000000000013       0.37507046518959336     
   2.1000000000000014       0.35519467214485484     
   2.2000000000000015       0.33636640926207978     
   2.3000000000000016       0.31853276591564278     
   2.4000000000000017       0.30164301188497372     
   2.5000000000000018       0.28564857413468447     
   2.6000000000000019       0.27050301015585781     
   2.7000000000000020       0.25616197636635235     
   2.8000000000000020       0.24258319064332470     
   2.9000000000000021       0.22972638857165276     
   3.0000000000000022       0.21755327342562336     
   3.1000000000000023       0.20602746025198856     
   3.2000000000000024       0.19511441468951884     
   3.3000000000000025       0.18478138734675514     
   3.4000000000000026       0.17499734467265335     
   3.5000000000000027       0.16573289730323928     
   3.6000000000000028       0.15696022686182196     
   3.7000000000000028       0.14865301214184379     
   3.8000000000000029       0.14078635552108387     
   3.9000000000000030       0.13333671035399391     
   4.0000000000000027       0.12628180997464833     
   4.1000000000000023       0.11960059882406518     
   4.2000000000000020       0.11327316609882028     
   4.3000000000000016       0.10728068220794178     
   4.4000000000000012       0.10160533822540214     
   4.5000000000000009        9.6230288438413095E-002
   4.6000000000000005        9.1139596018137814E-002
   4.7000000000000002        8.6318181779621792E-002
   4.7999999999999998        8.1751775951074870E-002
   4.8999999999999995        7.7426872838117694E-002
   4.9999999999999991        7.3330688244798700E-002
   5.0999999999999988        6.9451119498563849E-002
   5.1999999999999984        6.5776707919274355E-002
   5.2999999999999980        6.2296603571274617E-002
   5.3999999999999977        5.9000532140939407E-002
   5.4999999999999973        5.5878763788806352E-002
   5.5999999999999970        5.2922083834214255E-002
   5.6999999999999966        5.0121765140414332E-002
   5.7999999999999963        4.7469542078692820E-002
   5.8999999999999959        4.4957585960583329E-002
   5.9999999999999956        4.2578481837381180E-002
   6.0999999999999952        4.0325206575632953E-002
   6.1999999999999948        3.8191108125922031E-002
   6.2999999999999945        3.6169885910027962E-002
   6.3999999999999941        3.4255572258412303E-002
   6.4999999999999938        3.2442514836002252E-002
   6.5999999999999934        3.0725359999487285E-002
   6.6999999999999931        2.9099037033883328E-002
   6.7999999999999927        2.7558743220057028E-002
   6.8999999999999924        2.6099929688315229E-002
   6.9999999999999920        2.4718288016148591E-002
   7.0999999999999917        2.3409737530836923E-002
   7.1999999999999913        2.2170413279953703E-002
   7.2999999999999909        2.0996654634895487E-002
   7.3999999999999906        1.9884994494460302E-002
   7.4999999999999902        1.8832149057240666E-002
   7.5999999999999899        1.7835008133212395E-002
   7.6999999999999895        1.6890625966411228E-002
   7.7999999999999892        1.5996212542012170E-002
   7.8999999999999888        1.5149125352473347E-002
   7.9999999999999885        1.4346861598686138E-002
   8.0999999999999890        1.3587050803292934E-002
   8.1999999999999886        1.2867447814495777E-002
   8.2999999999999883        1.2185926179789187E-002
   8.3999999999999879        1.1540471870109278E-002
   8.4999999999999876        1.0929177335899645E-002
   8.5999999999999872        1.0350235877557828E-002
   8.6999999999999869        9.8019363136407443E-003
   8.7999999999999865        9.2826579310797373E-003
   8.8999999999999861        8.7908657024833720E-003
   8.9999999999999858        8.3251057563925503E-003
   9.0999999999999854        7.8840010870993120E-003
   9.1999999999999851        7.4662474913481259E-003
   9.2999999999999847        7.0706097199100268E-003
   9.3999999999999844        6.6959178326556771E-003
   9.4999999999999840        6.3410637463564056E-003
   9.5999999999999837        6.0049979650128836E-003
   9.6999999999999833        5.6867264830516694E-003
   9.7999999999999829        5.3853078522421109E-003
   9.8999999999999826        5.0998504036706025E-003
   9.9999999999999822        4.8295096165684387E-003
