   0.0000000000000000       0.17052223117732690     
  0.10000000000000001       0.16979435586218458     
  0.20000000000000001       0.16772152001150348     
  0.30000000000000004       0.16456958056407883     
  0.40000000000000002       0.16068038962239692     
  0.50000000000000000       0.15639446820816874     
  0.59999999999999998       0.15198711628543887     
  0.69999999999999996       0.14763560925801789     
  0.79999999999999993       0.14342141380398318     
  0.89999999999999991       0.13935729816123588     
  0.99999999999999989       0.13542224605027853     
   1.0999999999999999       0.13158960045026008     
   1.2000000000000000       0.12784197438991907     
   1.3000000000000000       0.12417420716000641     
   1.4000000000000001       0.12058951864790975     
   1.5000000000000002       0.11709401536299027     
   1.6000000000000003       0.11369266584615054     
   1.7000000000000004       0.11038763151893925     
   1.8000000000000005       0.10717841306259973     
   1.9000000000000006       0.10406281794592528     
   2.0000000000000004       0.10103795509872782     
   2.1000000000000005        9.8100886084808950E-002
   2.2000000000000006        9.5248902169982316E-002
   2.3000000000000007        9.2479551156631229E-002
   2.4000000000000008        8.9790552707905896E-002
   2.5000000000000009        8.7179700552210970E-002
   2.6000000000000010        8.4644803730894572E-002
   2.7000000000000011        8.2183678222801579E-002
   2.8000000000000012        7.9794169552258626E-002
   2.9000000000000012        7.7474177094941366E-002
   3.0000000000000013        7.5221663863264010E-002
   3.1000000000000014        7.3034655305112273E-002
   3.2000000000000015        7.0911237563261120E-002
   3.3000000000000016        6.8849557943989961E-002
   3.4000000000000017        6.6847822766599840E-002
   3.5000000000000018        6.4904290701733564E-002
   3.6000000000000019        6.3017267001269570E-002
   3.7000000000000020        6.1185103924876583E-002
   3.8000000000000020        5.9406204831514799E-002
   3.9000000000000021        5.7679024662913421E-002
   4.0000000000000018        5.6002064361166864E-002
   4.1000000000000014        5.4373864547418153E-002
   4.2000000000000011        5.2793004341995534E-002
   4.3000000000000007        5.1258104388236032E-002
   4.4000000000000004        4.9767828318708560E-002
   4.5000000000000000        4.8320879953717616E-002
   4.5999999999999996        4.6915999522020906E-002
   4.6999999999999993        4.5551962924313766E-002
   4.7999999999999989        4.4227583171211844E-002
   4.8999999999999986        4.2941709870414249E-002
   4.9999999999999982        4.1693225473110260E-002
   5.0999999999999979        4.0481041736279033E-002
   5.1999999999999975        3.9304099877424649E-002
   5.2999999999999972        3.8161373212546090E-002
   5.3999999999999968        3.7051868016809576E-002
   5.4999999999999964        3.5974620825190588E-002
   5.5999999999999961        3.4928694858901897E-002
   5.6999999999999957        3.3913178879899517E-002
   5.7999999999999954        3.2927188190296330E-002
   5.8999999999999950        3.1969864830414502E-002
   5.9999999999999947        3.1040375675259475E-002
   6.0999999999999943        3.0137910408166189E-002
   6.1999999999999940        2.9261681597604401E-002
   6.2999999999999936        2.8410926102279407E-002
   6.3999999999999932        2.7584905046959395E-002
   6.4999999999999929        2.6782901386744457E-002
   6.5999999999999925        2.6004217184655436E-002
   6.6999999999999922        2.5248173038876175E-002
   6.7999999999999918        2.4514109338490336E-002
   6.8999999999999915        2.3801386927966538E-002
   6.9999999999999911        2.3109385915097872E-002
   7.0999999999999908        2.2437503930135997E-002
   7.1999999999999904        2.1785155634252304E-002
   7.2999999999999901        2.1151773265034597E-002
   7.3999999999999897        2.0536806464780906E-002
   7.4999999999999893        1.9939720686971925E-002
   7.5999999999999890        1.9359995570460371E-002
   7.6999999999999886        1.8797124875274088E-002
   7.7999999999999883        1.8250617604856786E-002
   7.8999999999999879        1.7719998451334651E-002
   7.9999999999999876        1.7204806627180463E-002
   8.0999999999999872        1.6704594174458083E-002
   8.1999999999999869        1.6218925314382699E-002
   8.2999999999999865        1.5747376869109538E-002
   8.3999999999999861        1.5289538440610612E-002
   8.4999999999999858        1.4845011607734156E-002
   8.5999999999999854        1.4413408933616843E-002
   8.6999999999999851        1.3994353879371689E-002
   8.7999999999999847        1.3587481422846822E-002
   8.8999999999999844        1.3192438130289282E-002
   8.9999999999999840        1.2808881087391153E-002
   9.0999999999999837        1.2436476572818274E-002
   9.1999999999999833        1.2074899681956981E-002
   9.2999999999999829        1.1723834896820351E-002
   9.3999999999999826        1.1382976486888307E-002
   9.4999999999999822        1.1052028015738921E-002
   9.5999999999999819        1.0730701471525600E-002
   9.6999999999999815        1.0418716936145541E-002
   9.7999999999999812        1.0115802826242739E-002
   9.8999999999999808        9.8216958907220760E-003
   9.9999999999999805        9.5361405116097444E-003
   10.099999999999980        9.2588878839775877E-003
   10.199999999999980        8.9896958993999805E-003
   10.299999999999979        8.7283296760603864E-003
   10.399999999999979        8.4745618548571627E-003
   10.499999999999979        8.2281720994905484E-003
   10.599999999999978        7.9889462431178854E-003
   10.699999999999978        7.7566758917275193E-003
   10.799999999999978        7.5311586138291572E-003
   10.899999999999977        7.3121980966998233E-003
   10.999999999999977        7.0996038136446372E-003
   11.099999999999977        6.8931905131875380E-003
   11.199999999999976        6.6927781119391593E-003
   11.299999999999976        6.4981919919689241E-003
   11.399999999999975        6.3092631028995420E-003
   11.499999999999975        6.1258274886320770E-003
   11.599999999999975        5.9477256050947660E-003
   11.699999999999974        5.7748020686479613E-003
   11.799999999999974        5.6069059277285864E-003
   11.899999999999974        5.4438909234463227E-003
   11.999999999999973        5.2856153006512509E-003
   12.099999999999973        5.1319413603992123E-003
   12.199999999999973        4.9827352422259540E-003
   12.299999999999972        4.8378670346240493E-003
   12.399999999999972        4.6972108242572469E-003
   12.499999999999972        4.5606443901223728E-003
   12.599999999999971        4.4280487746025578E-003
   12.699999999999971        4.2993081766457431E-003
   12.799999999999971        4.1743102131295987E-003
   12.899999999999970        4.0529461207246004E-003
   12.999999999999970        3.9351105514334973E-003
   13.099999999999969        3.8207011296592236E-003
   13.199999999999969        3.7096182054742943E-003
   13.299999999999969        3.6017649384376166E-003
   13.399999999999968        3.4970474171428898E-003
   13.499999999999968        3.3953745311168255E-003
   13.599999999999968        3.2966577039817849E-003
   13.699999999999967        3.2008108039028173E-003
   13.799999999999967        3.1077502901085256E-003
   13.899999999999967        3.0173953045684108E-003
   13.999999999999966        2.9296674667106722E-003
   14.099999999999966        2.8444905141359026E-003
   14.199999999999966        2.7617901361337385E-003
   14.299999999999965        2.6814941033926113E-003
   14.399999999999965        2.6035324370190702E-003
   14.499999999999964        2.5278373493731591E-003
   14.599999999999964        2.4543430119223150E-003
   14.699999999999964        2.3829854141898246E-003
   14.799999999999963        2.3137024120081363E-003
   14.899999999999963        2.2464337805559471E-003
   14.999999999999963        2.1811210853625658E-003
   15.099999999999962        2.1177074550692214E-003
   15.199999999999962        2.0561374990403017E-003
   15.299999999999962        1.9963574369548901E-003
   15.399999999999961        1.9383152329182807E-003
   15.499999999999961        1.8819605206665539E-003
   15.599999999999961        1.8272443714000466E-003
   15.699999999999960        1.7741191394645725E-003
   15.799999999999960        1.7225384955043351E-003
   15.899999999999959        1.6724575099338638E-003
   15.999999999999959        1.6238326123081228E-003
   16.099999999999959        1.5766214522270534E-003
   16.199999999999960        1.5307828333498744E-003
   16.299999999999962        1.4862767845150620E-003
   16.399999999999963        1.4430646289413916E-003
   16.499999999999964        1.4011089000648504E-003
   16.599999999999966        1.3603731508020128E-003
   16.699999999999967        1.3208218448590601E-003
   16.799999999999969        1.2824204163624402E-003
   16.899999999999970        1.2451353771243828E-003
   16.999999999999972        1.2089343094930443E-003
   17.099999999999973        1.1737857466891397E-003
   17.199999999999974        1.1396590825915455E-003
   17.299999999999976        1.1065245896303420E-003
   17.399999999999977        1.0743534607323027E-003
   17.499999999999979        1.0431177593531564E-003
   17.599999999999980        1.0127902991523116E-003
   17.699999999999982        9.8334458529012576E-004
   17.799999999999983        9.5475487728101491E-004
   17.899999999999984        9.2699627530904382E-004
   17.999999999999986        9.0004470017497596E-004
   18.099999999999987        8.7387677186170334E-004
   18.199999999999989        8.4846971316129025E-004
   18.299999999999990        8.2380135889744603E-004
   18.399999999999991        7.9985021056521691E-004
   18.499999999999993        7.7659543084501303E-004
   18.599999999999994        7.5401677217607312E-004
   18.699999999999996        7.3209453114827009E-004
   18.799999999999997        7.1080958132473267E-004
   18.899999999999999        6.9014342076741174E-004
   19.000000000000000        6.7007814156090498E-004
   19.100000000000001        6.5059632878255883E-004
   19.200000000000003        6.3168099051047748E-004
   19.300000000000004        6.1331558285745351E-004
   19.400000000000006        5.9548407632497267E-004
   19.500000000000007        5.7817096659820656E-004
   19.600000000000009        5.6136121402250146E-004
   19.700000000000010        5.4504018666312419E-004
   19.800000000000011        5.2919366391672809E-004
   19.900000000000013        5.1380786551656144E-004
