   0.0000000000000000       0.61716609020849600     
   1.0000000000000000E-002  0.61617010221868174     
   2.0000000000000000E-002  0.61487666550246922     
   2.9999999999999999E-002  0.61328887518121700     
   4.0000000000000001E-002  0.61141028825815669     
   5.0000000000000003E-002  0.60924491269764325     
   6.0000000000000005E-002  0.60679719547288380     
   7.0000000000000007E-002  0.60407200962368679     
   8.0000000000000002E-002  0.60107464036845770     
   8.9999999999999997E-002  0.59781077031726693     
   9.9999999999999992E-002  0.59428646383515116     
  0.10999999999999999       0.59050815060696793     
  0.11999999999999998       0.58648260845705735     
  0.12999999999999998       0.58221694547867531     
  0.13999999999999999       0.57771858152964506     
  0.14999999999999999       0.57299522915195422     
  0.16000000000000000       0.56805487397402021     
  0.17000000000000001       0.56290575465516990     
  0.18000000000000002       0.55755634243243890     
  0.19000000000000003       0.55201532033011791     
  0.20000000000000004       0.54629156209261276     
  0.21000000000000005       0.54039411090104306     
  0.22000000000000006       0.53433215793370525     
  0.23000000000000007       0.52811502082997863     
  0.24000000000000007       0.52175212211651001     
  0.25000000000000006       0.51525296765361506     
  0.26000000000000006       0.50862712515869324     
  0.27000000000000007       0.50188420286221302     
  0.28000000000000008       0.49503382835036625     
  0.29000000000000009       0.48808562764695601     
  0.30000000000000010       0.48104920458534262     
  0.31000000000000011       0.47393412051950701     
  0.32000000000000012       0.46674987442138027     
  0.33000000000000013       0.45950588340959486     
  0.34000000000000014       0.45221146375281640     
  0.35000000000000014       0.44487581238872143     
  0.36000000000000015       0.43750798899759952     
  0.37000000000000016       0.43011689866747882     
  0.38000000000000017       0.42271127518559015     
  0.39000000000000018       0.41529966498894810     
  0.40000000000000019       0.40789041180484503     
  0.41000000000000020       0.40049164201013221     
  0.42000000000000021       0.39311125073633041     
  0.43000000000000022       0.38575688874586639     
  0.44000000000000022       0.37843595010310194     
  0.45000000000000023       0.37115556066228700     
  0.46000000000000024       0.36392256739316753     
  0.47000000000000025       0.35674352856366415     
  0.48000000000000026       0.34962470479786034     
  0.49000000000000027       0.34257205102642824     
  0.50000000000000022       0.33559120934560643     
  0.51000000000000023       0.32868750279988262     
  0.52000000000000024       0.32186593010259801     
  0.53000000000000025       0.31513116130775237     
  0.54000000000000026       0.30848753444529442     
  0.55000000000000027       0.30193905313110792     
  0.56000000000000028       0.29548938516167611     
  0.57000000000000028       0.28914186210197523     
  0.58000000000000029       0.28289947987347724     
  0.59000000000000030       0.27676490034713180     
  0.60000000000000031       0.27074045394383961     
  0.61000000000000032       0.26482814324212772     
  0.62000000000000033       0.25902964758947483     
  0.63000000000000034       0.25334632870996238     
  0.64000000000000035       0.24777923729660870     
  0.65000000000000036       0.24232912057190781     
  0.66000000000000036       0.23699643079468188     
  0.67000000000000037       0.23178133468547477     
  0.68000000000000038       0.22668372373634527     
  0.69000000000000039       0.22170322536418105     
  0.70000000000000040       0.21683921485960980     
  0.71000000000000041       0.21209082807638360     
  0.72000000000000042       0.20745697479887473     
  0.73000000000000043       0.20293635271819577     
  0.74000000000000044       0.19852746194064000     
  0.75000000000000044       0.19422861994578330     
  0.76000000000000045       0.19003797690588339     
  0.77000000000000046       0.18595353127332656     
  0.78000000000000047       0.18197314553898603     
  0.79000000000000048       0.17809456206157703     
  0.80000000000000049       0.17431541886659110     
  0.81000000000000050       0.17063326531320031     
  0.82000000000000051       0.16704557752874150     
  0.83000000000000052       0.16354977351301264     
  0.84000000000000052       0.16014322781861426     
  0.85000000000000053       0.15682328571890156     
  0.86000000000000054       0.15358727678166698     
  0.87000000000000055       0.15043252777431679     
  0.88000000000000056       0.14735637483488642     
  0.89000000000000057       0.14435617485256200     
  0.90000000000000058       0.14142931601125916     
  0.91000000000000059       0.13857322746002232     
  0.92000000000000060       0.13578538808437107     
  0.93000000000000060       0.13306333436300169     
  0.94000000000000061       0.13040466730427824     
  0.95000000000000062       0.12780705846654597     
  0.96000000000000063       0.12526825507530348     
  0.97000000000000064       0.12278608425856119     
  0.98000000000000065       0.12035845642919309     
  0.99000000000000066       0.11798336784967235     
   1.0000000000000007       0.11565890242022357     
   1.1000000000000008        9.4839894136595493E-002
   1.2000000000000008        7.7597428162780799E-002
   1.3000000000000009        6.3205681276974623E-002
   1.4000000000000010        5.1270422057714225E-002
   1.5000000000000011        4.1491962375753200E-002
   1.6000000000000012        3.3565775750617255E-002
   1.7000000000000013        2.7177385128840510E-002
   1.8000000000000014        2.2031598519553244E-002
   1.9000000000000015        1.7876872345610102E-002
   2.0000000000000013        1.4512371724415354E-002
   2.1000000000000014        1.1782175297125415E-002
   2.2000000000000015        9.5650514473363778E-003
   2.3000000000000016        7.7650939411047287E-003
   2.4000000000000017        6.3048303999649830E-003
   2.5000000000000018        5.1207120521657096E-003
   2.6000000000000019        4.1604280873334468E-003
   2.7000000000000020        3.3812571761817154E-003
   2.8000000000000020        2.7486688929442373E-003
   2.9000000000000021        2.2348357384167033E-003
   3.0000000000000022        1.8172456470813196E-003
   3.1000000000000023        1.4776803331718301E-003
   3.2000000000000024        1.2014996330971344E-003
   3.3000000000000025        9.7697388154433331E-004
   3.4000000000000026        7.9458522432916288E-004
   3.5000000000000027        6.4646600497775286E-004
   3.6000000000000028        5.2610349355830511E-004
   3.7000000000000028        4.2820584704119464E-004
   3.8000000000000029        3.4853741814372537E-004
   3.9000000000000030        2.8368372701444665E-004
   4.0000000000000027        2.3085655130763695E-004
   4.1000000000000023        1.8780347404022225E-004
   4.2000000000000020        1.5274908258904933E-004
   4.3000000000000016        1.2428054153571807E-004
   4.4000000000000012        1.0120635294797535E-004
   4.5000000000000009        8.2483417111812391E-005
   4.6000000000000005        6.7234405552911051E-005
   4.7000000000000002        5.4777591117520411E-005
   4.7999999999999998        4.4599548708371523E-005
   4.8999999999999995        3.6291077508721814E-005
   4.9999999999999991        2.9509779956056566E-005
