   0.0000000000000000       0.32304785948113746     
   1.0000000000000000E-002  0.32276438515684530     
   2.0000000000000000E-002  0.32246011595572333     
   2.9999999999999999E-002  0.32213511816922646     
   4.0000000000000001E-002  0.32178946231028938     
   5.0000000000000003E-002  0.32142322308950577     
   6.0000000000000005E-002  0.32103647939013902     
   7.0000000000000007E-002  0.32062931424197721     
   8.0000000000000002E-002  0.32020181479404664     
   8.9999999999999997E-002  0.31975407228619029     
   9.9999999999999992E-002  0.31928618201952963     
  0.10999999999999999       0.31879824332581558     
  0.11999999999999998       0.31829035953568968     
  0.12999999999999998       0.31776263794585835     
  0.13999999999999999       0.31721518978520635     
  0.14999999999999999       0.31664813017985116     
  0.16000000000000000       0.31606157811716090     
  0.17000000000000001       0.31545565640874768     
  0.18000000000000002       0.31483049165245219     
  0.19000000000000003       0.31418621419333304     
  0.20000000000000004       0.31352295808367620     
  0.21000000000000005       0.31284086104204750     
  0.22000000000000006       0.31214006441139125     
  0.23000000000000007       0.31142071311620584     
  0.24000000000000007       0.31068295561880160     
  0.25000000000000006       0.30992694387466685     
  0.26000000000000006       0.30915283328695004     
  0.27000000000000007       0.30836078266008599     
  0.28000000000000008       0.30755095415257561     
  0.29000000000000009       0.30672351322894281     
  0.30000000000000010       0.30587862861088111     
  0.31000000000000011       0.30501647222761397     
  0.32000000000000012       0.30413721916548514     
  0.33000000000000013       0.30324104761679710     
  0.34000000000000014       0.30232813882791654     
  0.35000000000000014       0.30139867704667084     
  0.36000000000000015       0.30045284946904283     
  0.37000000000000016       0.29949084618520094     
  0.38000000000000017       0.29851286012486877     
  0.39000000000000018       0.29751908700206053     
  0.40000000000000019       0.29650972525920172     
  0.41000000000000020       0.29548497601065693     
  0.42000000000000021       0.29444504298567870     
  0.43000000000000022       0.29339013247080376     
  0.44000000000000022       0.29232045325171530     
  0.45000000000000023       0.29123621655458704     
  0.46000000000000024       0.29013763598693626     
  0.47000000000000025       0.28902492747800140     
  0.48000000000000026       0.28789830921866616     
  0.49000000000000027       0.28675800160094950     
  0.50000000000000022       0.28560422715708411     
  0.51000000000000023       0.28443721049819870     
  0.52000000000000024       0.28325717825263186     
  0.53000000000000025       0.28206435900389037     
  0.54000000000000026       0.28085898322827735     
  0.55000000000000027       0.27964128323220483     
  0.56000000000000028       0.27841149308921942     
  0.57000000000000028       0.27716984857675131     
  0.58000000000000029       0.27591658711261324     
  0.59000000000000030       0.27465194769126500     
  0.60000000000000031       0.27337617081986720     
  0.61000000000000032       0.27208949845414021     
  0.62000000000000033       0.27079217393404598     
  0.63000000000000034       0.26948444191932153     
  0.64000000000000035       0.26816654832486730     
  0.65000000000000036       0.26683874025602644     
  0.66000000000000036       0.26550126594375789     
  0.67000000000000037       0.26415437467973446     
  0.68000000000000038       0.26279831675137405     
  0.69000000000000039       0.26143334337682950     
  0.70000000000000040       0.26005970663994915     
  0.71000000000000041       0.25867765942522825     
  0.72000000000000042       0.25728745535276848     
  0.73000000000000043       0.25588934871325941     
  0.74000000000000044       0.25448359440300511     
  0.75000000000000044       0.25307044785900196     
  0.76000000000000045       0.25165016499409237     
  0.77000000000000046       0.25022300213220711     
  0.78000000000000047       0.24878921594370806     
  0.79000000000000048       0.24734906338085322     
  0.80000000000000049       0.24590280161339076     
  0.81000000000000050       0.24445068796430161     
  0.82000000000000051       0.24299297984570153     
  0.83000000000000052       0.24152993469491765     
  0.84000000000000052       0.24006180991075204     
  0.85000000000000053       0.23858886278994132     
  0.86000000000000054       0.23711135046383219     
  0.87000000000000055       0.23562952983527513     
  0.88000000000000056       0.23414365751575331     
  0.89000000000000057       0.23265398976275833     
  0.90000000000000058       0.23116078241741730     
  0.91000000000000059       0.22966429084238635     
  0.92000000000000060       0.22816476986001777     
  0.93000000000000060       0.22666247369080997     
  0.94000000000000061       0.22515765589214720     
  0.95000000000000062       0.22365056929734101     
  0.96000000000000063       0.22214146595497461     
  0.97000000000000064       0.22063059706856278     
  0.98000000000000065       0.21911821293653103     
  0.99000000000000066       0.21760456289251864     
   1.0000000000000007       0.21608989524601560     
   1.1000000000000008       0.20094102932177804     
   1.2000000000000008       0.18595371139400277     
   1.3000000000000009       0.17135043284461146     
   1.4000000000000010       0.15733132748608850     
   1.5000000000000011       0.14406919155408898     
   1.6000000000000012       0.13170485086007377     
   1.7000000000000013       0.12034296261146207     
   1.8000000000000014       0.11004851369847339     
   1.9000000000000015       0.10084453205143930     
   2.0000000000000013        9.2711781060512116E-002
   2.1000000000000014        8.5591291930995211E-002
   2.2000000000000015        7.9390312695365603E-002
   2.3000000000000016        7.3991547625946619E-002
   2.4000000000000017        6.9264628012838655E-002
   2.5000000000000018        6.5078025963763220E-002
   2.6000000000000019        6.1309486524751669E-002
   2.7000000000000020        5.7853568708242750E-002
   2.8000000000000020        5.4625754608091222E-002
   2.9000000000000021        5.1563396858898547E-002
   3.0000000000000022        4.8624266713603599E-002
   3.1000000000000023        4.5783604266926410E-002
   3.2000000000000024        4.3030469359019850E-002
   3.3000000000000025        4.0363984438944393E-002
   3.4000000000000026        3.7789847745453430E-002
   3.5000000000000027        3.5317323855361696E-002
   3.6000000000000028        3.2956799794132248E-002
   3.7000000000000028        3.0717921205175032E-002
   3.8000000000000029        2.8608281568127034E-002
   3.9000000000000030        2.6632615680202525E-002
   4.0000000000000027        2.4792436889963649E-002
   4.1000000000000023        2.3086049553051755E-002
   4.2000000000000020        2.1508860812566755E-002
   4.3000000000000016        2.0053908990509264E-002
   4.4000000000000012        1.8712521660532465E-002
   4.5000000000000009        1.7475017715291228E-002
   4.6000000000000005        1.6331376508486921E-002
   4.7000000000000002        1.5271813474085514E-002
   4.7999999999999998        1.4287223219225495E-002
   4.8999999999999995        1.3369474138994027E-002
   4.9999999999999991        1.2511559151547410E-002
   5.0999999999999988        1.1707622352805844E-002
   5.1999999999999984        1.0952890105609778E-002
   5.2999999999999980        1.0243537755924806E-002
   5.3999999999999977        9.5765212526669682E-003
   5.4999999999999973        8.9493982079985289E-003
   5.5999999999999970        8.3601569662228852E-003
   5.6999999999999966        7.8070662225968781E-003
   5.7999999999999963        7.2885523573089023E-003
   5.8999999999999959        6.8031072542626570E-003
   5.9999999999999956        6.3492260335570559E-003
   6.0999999999999952        5.9253717736671239E-003
   6.1999999999999948        5.5299628079431068E-003
   6.2999999999999945        5.1613774115949551E-003
   6.3999999999999941        4.8179705183575847E-003
   6.4999999999999938        4.4980973981360054E-003
   6.5999999999999934        4.2001398697036115E-003
   6.6999999999999931        3.9225314973922142E-003
   6.7999999999999927        3.6637792098653519E-003
   6.8999999999999924        3.4224797719601429E-003
   6.9999999999999920        3.1973304434189547E-003
   7.0999999999999917        2.9871339028386470E-003
   7.1999999999999913        2.7907980634913209E-003
   7.2999999999999909        2.6073317519880799E-003
   7.3999999999999906        2.4358373780708829E-003
   7.4999999999999902        2.2755017278785362E-003
   7.5999999999999899        2.1255859055752790E-003
   7.6999999999999895        1.9854152714176448E-003
   7.7999999999999892        1.8543700154153430E-003
   7.8999999999999888        1.7318767941501027E-003
   7.9999999999999885        1.6174016648314719E-003
   8.0999999999999890        1.5104443879996794E-003
   8.1999999999999886        1.4105340444328170E-003
   8.2999999999999883        1.3172258236866874E-003
   8.3999999999999879        1.2300987886579785E-003
   8.4999999999999876        1.1487543977601832E-003
   8.5999999999999872        1.0728155677040964E-003
   8.6999999999999869        1.0019260790641337E-003
   8.7999999999999865        9.3575015757302673E-004
   8.8999999999999861        8.7397210082733323E-004
   8.9999999999999858        8.1629585811479578E-004
   9.0999999999999854        7.6244450676691319E-004
   9.1999999999999851        7.1215959928574936E-004
   9.2999999999999847        6.6520038004514858E-004
   9.3999999999999844        6.2134288811382585E-004
   9.4999999999999840        5.8037897392714357E-004
   9.5999999999999837        5.4211526292113768E-004
   9.6999999999999833        5.0637209993385605E-004
   9.7999999999999829        4.7298250540462830E-004
   9.8999999999999826        4.4179116937219127E-004
   9.9999999999999822        4.1265350306661378E-004
