   0.0000000000000000        7.1588061412800764E-003
   1.0000000000000000E-002   7.1585762248236101E-003
   2.0000000000000000E-002   7.1580582695054910E-003
   2.9999999999999999E-002   7.1572523177240400E-003
   4.0000000000000001E-002   7.1561584349029341E-003
   5.0000000000000003E-002   7.1547767094857825E-003
   6.0000000000000005E-002   7.1531072529286942E-003
   7.0000000000000007E-002   7.1511501996910703E-003
   8.0000000000000002E-002   7.1489057072245303E-003
   8.9999999999999997E-002   7.1463739559599537E-003
   9.9999999999999992E-002   7.1435551492927260E-003
  0.10999999999999999        7.1404495135660648E-003
  0.11999999999999998        7.1370572980525987E-003
  0.12999999999999998        7.1333787749339678E-003
  0.13999999999999999        7.1294142392787493E-003
  0.14999999999999999        7.1251640090183969E-003
  0.16000000000000000        7.1206284249214543E-003
  0.17000000000000001        7.1158078505658999E-003
  0.18000000000000002        7.1107026723096932E-003
  0.19000000000000003        7.1053132992594846E-003
  0.20000000000000004        7.0996401632375337E-003
  0.21000000000000005        7.0936837187468241E-003
  0.22000000000000006        7.0874444429343837E-003
  0.23000000000000007        7.0809228355528343E-003
  0.24000000000000007        7.0741194189201193E-003
  0.25000000000000006        7.0670347378774959E-003
  0.26000000000000006        7.0596693597457863E-003
  0.27000000000000007        7.0520238742798032E-003
  0.28000000000000008        7.0440988936210586E-003
  0.29000000000000009        7.0358950522488020E-003
  0.30000000000000010        7.0274130069292434E-003
  0.31000000000000011        7.0186534366630882E-003
  0.32000000000000012        7.0096170426314089E-003
  0.33000000000000013        7.0003045481397365E-003
  0.34000000000000014        6.9907166985605906E-003
  0.35000000000000014        6.9808542612741801E-003
  0.36000000000000015        6.9707180256076140E-003
  0.37000000000000016        6.9603088027723496E-003
  0.38000000000000017        6.9496274258000305E-003
  0.39000000000000018        6.9386747494767703E-003
  0.40000000000000019        6.9274516502757077E-003
  0.41000000000000020        6.9159590262881160E-003
  0.42000000000000021        6.9041977971528150E-003
  0.43000000000000022        6.8921689039841069E-003
  0.44000000000000022        6.8798733092981105E-003
  0.45000000000000023        6.8673119969375977E-003
  0.46000000000000024        6.8544859719952920E-003
  0.47000000000000025        6.8413962607357711E-003
  0.48000000000000026        6.8280439105156921E-003
  0.49000000000000027        6.8144299897027862E-003
  0.50000000000000022        6.8005555875932594E-003
  0.51000000000000023        6.7864218143278421E-003
  0.52000000000000024        6.7720298008064009E-003
  0.53000000000000025        6.7573806986012432E-003
  0.54000000000000026        6.7424756798689358E-003
  0.55000000000000027        6.7273159372609106E-003
  0.56000000000000028        6.7119026838327323E-003
  0.57000000000000028        6.6962371529519895E-003
  0.58000000000000029        6.6803205982050107E-003
  0.59000000000000030        6.6641542933023046E-003
  0.60000000000000031        6.6477395319827701E-003
  0.61000000000000032        6.6310776279167221E-003
  0.62000000000000033        6.6141699146077433E-003
  0.63000000000000034        6.5970177452934139E-003
  0.64000000000000035        6.5796224928448581E-003
  0.65000000000000036        6.5619855496653161E-003
  0.66000000000000036        6.5441083275875420E-003
  0.67000000000000037        6.5259922577702648E-003
  0.68000000000000038        6.5076387905935763E-003
  0.69000000000000039        6.4890493955533949E-003
  0.70000000000000040        6.4702255611549893E-003
  0.71000000000000041        6.4511687948055783E-003
  0.72000000000000042        6.4318806227060691E-003
  0.73000000000000043        6.4123625897419692E-003
  0.74000000000000044        6.3926162593734874E-003
  0.75000000000000044        6.3726432135248600E-003
  0.76000000000000045        6.3524450524729695E-003
  0.77000000000000046        6.3320233947352549E-003
  0.78000000000000047        6.3113798769569608E-003
  0.79000000000000048        6.2905161537978324E-003
  0.80000000000000049        6.2694338978181554E-003
  0.81000000000000050        6.2481347993643315E-003
  0.82000000000000051        6.2266205664539276E-003
  0.83000000000000052        6.2048929246603301E-003
  0.84000000000000052        6.1829536169969689E-003
  0.85000000000000053        6.1608044038011763E-003
  0.86000000000000054        6.1384470626178068E-003
  0.87000000000000055        6.1158833880825200E-003
  0.88000000000000056        6.0931151918049917E-003
  0.89000000000000057        6.0701443022518255E-003
  0.90000000000000058        6.0469725646294771E-003
  0.91000000000000059        6.0236018407670922E-003
  0.92000000000000060        6.0000340089994032E-003
  0.93000000000000060        5.9762709640496601E-003
  0.94000000000000061        5.9523146169127017E-003
  0.95000000000000062        5.9281668947382795E-003
  0.96000000000000063        5.9038297407145715E-003
  0.97000000000000064        5.8793051139520739E-003
  0.98000000000000065        5.8545949893678484E-003
  0.99000000000000066        5.8297013575703046E-003
   1.0000000000000007        5.8046262247444403E-003
   1.1000000000000008        5.5443446117811272E-003
   1.2000000000000008        5.2682310793270362E-003
   1.3000000000000009        4.9785319783579281E-003
   1.4000000000000010        4.6776278301111493E-003
   1.5000000000000011        4.3680276479534990E-003
   1.6000000000000012        4.0523683471688759E-003
   1.7000000000000013        3.7334220796951811E-003
   1.8000000000000014        3.4141157126192810E-003
   1.9000000000000015        3.0975687706625145E-003
   2.0000000000000013        2.7871592334634742E-003
   2.1000000000000014        2.4866306019286719E-003
   2.2000000000000015        2.2002573114888752E-003
   2.3000000000000016        1.9330830299667935E-003
   2.4000000000000017        1.6912186204946888E-003
   2.5000000000000018        1.4820847765762990E-003
   2.6000000000000019        1.3142283830127159E-003
   2.7000000000000020        1.1959682144158743E-003
   2.8000000000000020        1.1322830831612413E-003
   2.9000000000000021        1.1212091671869192E-003
   3.0000000000000022        1.1531499052854421E-003
   3.1000000000000023        1.2143457822731034E-003
   3.2000000000000024        1.2913144885306801E-003
   3.3000000000000025        1.3732543505366613E-003
   3.4000000000000026        1.4523945202775746E-003
   3.5000000000000027        1.5234542818115177E-003
   3.6000000000000028        1.5829773095703352E-003
   3.7000000000000028        1.6287994567868189E-003
   3.8000000000000029        1.6596764734606831E-003
   3.9000000000000030        1.6750350255322461E-003
   4.0000000000000027        1.6748072711663970E-003
   4.1000000000000023        1.6593196523027921E-003
   4.2000000000000020        1.6292167018366254E-003
   4.3000000000000016        1.5854079873464796E-003
   4.4000000000000012        1.5290311899221819E-003
   4.5000000000000009        1.4614275761806483E-003
   4.6000000000000005        1.3841284512400335E-003
   4.7000000000000002        1.2988530712216661E-003
   4.7999999999999998        1.2075202651348085E-003
   4.8999999999999995        1.1122777651174213E-003
   4.9999999999999991        1.0155545474352988E-003
   5.0999999999999988        9.2014047602789588E-004
   5.1999999999999984        8.2928862771109943E-004
   5.2999999999999980        7.4680553883301598E-004
   5.3999999999999977        6.7702162912296659E-004
   5.4999999999999973        6.2441880095718194E-004
   5.5999999999999970        5.9266775711930059E-004
   5.6999999999999966        5.8322117525128915E-004
   5.7999999999999963        5.9438286610903049E-004
   5.8999999999999959        6.2178936490815771E-004
   5.9999999999999956        6.5994922287962411E-004
   6.0999999999999952        7.0364866949615868E-004
   6.1999999999999948        7.4861955065603039E-004
   6.2999999999999945        7.9163051575797938E-004
   6.3999999999999941        8.3033497330235132E-004
   6.4999999999999938        8.6307664389352579E-004
   6.5999999999999934        8.8872559569590757E-004
   6.6999999999999931        9.0655704178492470E-004
   6.7999999999999927        9.1616588104042934E-004
   6.8999999999999924        9.1740705435834375E-004
   6.9999999999999920        9.1035361624983494E-004
   7.0999999999999917        8.9526690929845232E-004
   7.1999999999999913        8.7257529965452450E-004
   7.2999999999999909        8.4285948247368801E-004
   7.3999999999999906        8.0684354024559914E-004
   7.4999999999999902        7.6539190017212264E-004
   7.5999999999999899        7.1951321000031702E-004
   7.6999999999999895        6.7037295483383930E-004
   7.7999999999999892        6.1931714295205002E-004
   7.8999999999999888        5.6790873032518975E-004
   7.9999999999999885        5.1797423938499190E-004
   8.0999999999999890        4.7164489751518176E-004
   8.1999999999999886        4.3134617194735033E-004
   8.2999999999999883        3.9964084226643676E-004
   8.3999999999999879        3.7880814847095012E-004
   8.4999999999999876        3.7016896344374409E-004
   8.5999999999999872        3.7349158649134718E-004
   8.6999999999999869        3.8696926155414735E-004
   8.7999999999999865        4.0783446040151524E-004
   8.8999999999999861        4.3313765737244581E-004
   8.9999999999999858        4.6025920386974707E-004
   9.0999999999999854        4.8709212344366464E-004
   9.1999999999999851        5.1203065406648350E-004
   9.2999999999999847        5.3389009198275179E-004
   9.3999999999999844        5.5182118870959578E-004
   9.4999999999999840        5.6523998533203942E-004
   9.5999999999999837        5.7377553235201306E-004
   9.6999999999999833        5.7723227209349336E-004
   9.7999999999999829        5.7556316679361426E-004
   9.8999999999999826        5.6885043125966164E-004
   9.9999999999999822        5.5729171819446789E-004
   10.099999999999982        5.4119046080517450E-004
   10.199999999999982        5.2094976570557212E-004
   10.299999999999981        4.9706981738830054E-004
   10.399999999999981        4.7014925138772574E-004
   10.499999999999980        4.4089137429762442E-004
   10.599999999999980        4.1011631950258604E-004
   10.699999999999980        3.7877976641999332E-004
   10.799999999999979        3.4799652812239320E-004
   10.899999999999979        3.1906061230377558E-004
   10.999999999999979        2.9343853746969937E-004
   11.099999999999978        2.7268930081236358E-004
   11.199999999999978        2.5825102004486548E-004
   11.299999999999978        2.5108485818935194E-004
   11.399999999999977        2.5131653521040287E-004
   11.499999999999977        2.5813040057939954E-004
   11.599999999999977        2.7002433834669284E-004
   11.699999999999976        2.8524032889995331E-004
   11.799999999999976        3.0211267330522532E-004
   11.899999999999975        3.1923713740451538E-004
   11.999999999999975        3.3550517358523364E-004
   12.099999999999975        3.5007521171144334E-004
   12.199999999999974        3.6232731068410856E-004
   12.299999999999974        3.7182102583971154E-004
   12.399999999999974        3.7826197474571005E-004
   12.499999999999973        3.8147690373911252E-004
   12.599999999999973        3.8139550491712951E-004
   12.699999999999973        3.7803722321711446E-004
   12.799999999999972        3.7150171889733846E-004
   12.899999999999972        3.6196212171878681E-004
   12.999999999999972        3.4966062579796131E-004
   13.099999999999971        3.3490632191404023E-004
   13.199999999999971        3.1807545933786410E-004
   13.299999999999971        2.9961456089334460E-004
   13.399999999999970        2.8004689661580026E-004
   13.499999999999970        2.5998248851074869E-004
   13.599999999999969        2.4013043191018150E-004
   13.699999999999969        2.2130860443133233E-004
   13.799999999999969        2.0443802031229916E-004
   13.899999999999968        1.9049714765243436E-004
   13.999999999999968        1.8040433748851595E-004
   14.099999999999968        1.7481959788763062E-004
   14.199999999999967        1.7393041935794213E-004
   14.299999999999967        1.7735589629807197E-004
   14.399999999999967        1.8425253035896571E-004
   14.499999999999966        1.9355172792064339E-004
   14.599999999999966        2.0418449619110738E-004
   14.699999999999966        2.1521275204663119E-004
   14.799999999999965        2.2587342592421525E-004
   14.899999999999965        2.3557361114878052E-004
   14.999999999999964        2.4386767155813361E-004
   15.099999999999964        2.5043219247174430E-004
   15.199999999999964        2.5504459442163096E-004
   15.299999999999963        2.5756651287859396E-004
   15.399999999999963        2.5793136990121570E-004
   15.499999999999963        2.5613521279872845E-004
   15.599999999999962        2.5223001509721085E-004
   15.699999999999962        2.4631887594419167E-004
   15.799999999999962        2.3855279576484803E-004
   15.899999999999961        2.2912891815619828E-004
   15.999999999999961        2.1829030551634261E-004
   16.099999999999962        2.0632744459854013E-004
   16.199999999999964        1.9358170094978730E-004
   16.299999999999965        1.8045070040931211E-004
   16.399999999999967        1.6739475377696702E-004
   16.499999999999968        1.5494128810887356E-004
   16.599999999999969        1.4367995003937309E-004
   16.699999999999971        1.3423475204408871E-004
   16.799999999999972        1.2719597051348295E-004
   16.899999999999974        1.2300612312421102E-004
   16.999999999999975        1.2183199793674095E-004
   17.099999999999977        1.2349459404360785E-004
   17.199999999999978        1.2751168860694679E-004
   17.299999999999979        1.3322862494244785E-004
   17.399999999999981        1.3995898111954894E-004
   17.499999999999982        1.4707859103274814E-004
   17.599999999999984        1.5406580524069094E-004
   17.699999999999985        1.6050674189159884E-004
   17.799999999999986        1.6608489210769326E-004
   17.899999999999988        1.7056666408373611E-004
   17.999999999999989        1.7378791477612736E-004
   18.099999999999991        1.7564297868967956E-004
   18.199999999999992        1.7607622313034669E-004
   18.299999999999994        1.7507570431217156E-004
   18.399999999999995        1.7266846377144939E-004
   18.499999999999996        1.6891710973203057E-004
   18.599999999999998        1.6391746266283618E-004
   18.699999999999999        1.5779717077274736E-004
   18.800000000000001        1.5071530686666559E-004
   18.900000000000002        1.4286302862240354E-004
   19.000000000000004        1.3446538151541700E-004
   19.100000000000005        1.2578415166187521E-004
   19.200000000000006        1.1712113098254220E-004
   19.300000000000008        1.0881988183257490E-004
   19.400000000000009        1.0126167086807749E-004
   19.500000000000011        9.4847870375911272E-005
   19.600000000000012        8.9959320722461214E-005
   19.700000000000014        8.6889380298896352E-005
   19.800000000000015        8.5767246038598451E-005
   19.900000000000016        8.6510565010038901E-005
