   0.0000000000000000        2.4550129493602236E-002
   1.0000000000000000E-002   2.4547744795796182E-002
   2.0000000000000000E-002   2.4543403387283110E-002
   2.9999999999999999E-002   2.4537106176765505E-002
   4.0000000000000001E-002   2.4528854459778801E-002
   5.0000000000000003E-002   2.4518649918295620E-002
   6.0000000000000005E-002   2.4506494620217468E-002
   7.0000000000000007E-002   2.4492391018754559E-002
   8.0000000000000002E-002   2.4476341951693670E-002
   8.9999999999999997E-002   2.4458350640554474E-002
   9.9999999999999992E-002   2.4438420689634980E-002
  0.10999999999999999        2.4416556084945602E-002
  0.11999999999999998        2.4392761193033456E-002
  0.12999999999999998        2.4367040759696222E-002
  0.13999999999999999        2.4339399908586995E-002
  0.14999999999999999        2.4309844139709932E-002
  0.16000000000000000        2.4278379327807766E-002
  0.17000000000000001        2.4245011720641772E-002
  0.18000000000000002        2.4209747937164450E-002
  0.19000000000000003        2.4172594965586418E-002
  0.20000000000000004        2.4133560161337175E-002
  0.21000000000000005        2.4092651244921846E-002
  0.22000000000000006        2.4049876299673503E-002
  0.23000000000000007        2.4005243769402718E-002
  0.24000000000000007        2.3958762455945033E-002
  0.25000000000000006        2.3910441516607348E-002
  0.26000000000000006        2.3860290461513944E-002
  0.27000000000000007        2.3808319150853751E-002
  0.28000000000000008        2.3754537792029237E-002
  0.29000000000000009        2.3698956936708565E-002
  0.30000000000000010        2.3641587477781997E-002
  0.31000000000000011        2.3582440646223481E-002
  0.32000000000000012        2.3521528007859081E-002
  0.33000000000000013        2.3458861460043109E-002
  0.34000000000000014        2.3394453228243423E-002
  0.35000000000000014        2.3328315862537207E-002
  0.36000000000000015        2.3260462234018488E-002
  0.37000000000000016        2.3190905531119074E-002
  0.38000000000000017        2.3119659255843628E-002
  0.39000000000000018        2.3046737219921398E-002
  0.40000000000000019        2.2972153540874930E-002
  0.41000000000000020        2.2895922638008197E-002
  0.42000000000000021        2.2818059228314987E-002
  0.43000000000000022        2.2738578322309955E-002
  0.44000000000000022        2.2657495219782699E-002
  0.45000000000000023        2.2574825505477663E-002
  0.46000000000000024        2.2490585044701115E-002
  0.47000000000000025        2.2404789978856608E-002
  0.48000000000000026        2.2317456720910650E-002
  0.49000000000000027        2.2228601950791096E-002
  0.50000000000000022        2.2138242610718686E-002
  0.51000000000000023        2.2046395900474851E-002
  0.52000000000000024        2.1953079272606413E-002
  0.53000000000000025        2.1858310427570030E-002
  0.54000000000000026        2.1762107308817332E-002
  0.55000000000000027        2.1664488097823315E-002
  0.56000000000000028        2.1565471209059307E-002
  0.57000000000000028        2.1465075284912930E-002
  0.58000000000000029        2.1363319190556479E-002
  0.59000000000000030        2.1260222008765973E-002
  0.60000000000000031        2.1155803034692819E-002
  0.61000000000000032        2.1050081770589885E-002
  0.62000000000000033        2.0943077920493960E-002
  0.63000000000000034        2.0834811384866876E-002
  0.64000000000000035        2.0725302255197024E-002
  0.65000000000000036        2.0614570808563371E-002
  0.66000000000000036        2.0502637502164037E-002
  0.67000000000000037        2.0389522967811432E-002
  0.68000000000000038        2.0275248006395952E-002
  0.69000000000000039        2.0159833582320649E-002
  0.70000000000000040        2.0043300817908411E-002
  0.71000000000000041        1.9925670987784135E-002
  0.72000000000000042        1.9806965513233736E-002
  0.73000000000000043        1.9687205956542411E-002
  0.74000000000000044        1.9566414015313949E-002
  0.75000000000000044        1.9444611516773163E-002
  0.76000000000000045        1.9321820412054085E-002
  0.77000000000000046        1.9198062770475265E-002
  0.78000000000000047        1.9073360773804886E-002
  0.79000000000000048        1.8947736710517724E-002
  0.80000000000000049        1.8821212970045749E-002
  0.81000000000000050        1.8693812037024988E-002
  0.82000000000000051        1.8565556485540397E-002
  0.83000000000000052        1.8436468973371048E-002
  0.84000000000000052        1.8306572236237655E-002
  0.85000000000000053        1.8175889082054825E-002
  0.86000000000000054        1.8044442385189926E-002
  0.87000000000000055        1.7912255080730584E-002
  0.88000000000000056        1.7779350158763415E-002
  0.89000000000000057        1.7645750658665676E-002
  0.90000000000000058        1.7511479663412079E-002
  0.91000000000000059        1.7376560293899088E-002
  0.92000000000000060        1.7241015703288492E-002
  0.93000000000000060        1.7104869071372750E-002
  0.94000000000000061        1.6968143598963731E-002
  0.95000000000000062        1.6830862502307604E-002
  0.96000000000000063        1.6693049007527355E-002
  0.97000000000000064        1.6554726345095416E-002
  0.98000000000000065        1.6415917744338489E-002
  0.99000000000000066        1.6276646427976427E-002
   1.0000000000000007        1.6136935606697614E-002
   1.1000000000000008        1.4720741717763747E-002
   1.2000000000000008        1.3285838302533094E-002
   1.3000000000000009        1.1854440791985450E-002
   1.4000000000000010        1.0447599161557748E-002
   1.5000000000000011        9.0848433796087355E-003
   1.6000000000000012        7.7839413407641313E-003
   1.7000000000000013        6.5608061292579756E-003
   1.8000000000000014        5.4296128780839652E-003
   1.9000000000000015        4.4032348459039456E-003
   2.0000000000000013        3.4942029032318704E-003
   2.1000000000000014        2.7165232751861319E-003
   2.2000000000000015        2.0885557549275204E-003
   2.3000000000000016        1.6349810223301804E-003
   2.4000000000000017        1.3774860121934631E-003
   2.5000000000000018        1.3023638531175111E-003
   2.6000000000000019        1.3444704297414145E-003
   2.7000000000000020        1.4291762876851985E-003
   2.8000000000000020        1.5083999832765063E-003
   2.9000000000000021        1.5596632451555007E-003
   3.0000000000000022        1.5753515728171624E-003
   3.1000000000000023        1.5553727870892054E-003
   3.2000000000000024        1.5033007746624921E-003
   3.3000000000000025        1.4244040479480886E-003
   3.4000000000000026        1.3245967107895116E-003
   3.5000000000000027        1.2098520248934555E-003
   3.6000000000000028        1.0858651601342035E-003
   3.7000000000000028        9.5786351390827324E-004
   3.8000000000000029        8.3051442413787670E-004
   3.9000000000000030        7.0790496065769768E-004
   4.0000000000000027        5.9358069891041914E-004
   4.1000000000000023        4.9063291663186456E-004
   4.2000000000000020        4.0180738646116869E-004
   4.3000000000000016        3.2954323488994795E-004
   4.4000000000000012        2.7570422856369281E-004
   4.5000000000000009        2.4068940054970252E-004
   4.6000000000000005        2.2223469941485606E-004
   4.7000000000000002        2.1542325854023451E-004
   4.7999999999999998        2.1456687470688558E-004
   4.8999999999999995        2.1514142257089851E-004
   4.9999999999999991        2.1437574997569132E-004
   5.0999999999999988        2.1093059327150588E-004
   5.1999999999999984        2.0440111543679410E-004
   5.2999999999999980        1.9493014792498005E-004
   5.3999999999999977        1.8295660186413583E-004
   5.4999999999999973        1.6906045381052340E-004
   5.5999999999999970        1.5386857165492301E-004
   5.6999999999999966        1.3799812086097443E-004
   5.7999999999999963        1.2202367915242292E-004
   5.8999999999999959        1.0645980672473864E-004
   5.9999999999999956        9.1753842778782648E-005
   6.0999999999999952        7.8284950749510368E-005
   6.1999999999999948        6.6365124037445238E-005
   6.2999999999999945        5.6235870413384793E-005
   6.3999999999999941        4.8051520314102552E-005
   6.4999999999999938        4.1842037350651303E-005
   6.5999999999999934        3.7466211068821211E-005
   6.6999999999999931        3.4597892827943767E-005
   6.7999999999999927        3.2787474760013132E-005
   6.8999999999999924        3.1576470639873506E-005
   6.9999999999999920        3.0592734081179857E-005
   7.0999999999999917        2.9585980265360850E-005
   7.1999999999999913        2.8417173444542243E-005
   7.2999999999999909        2.7030421737726898E-005
   7.3999999999999906        2.5425053289194548E-005
   7.4999999999999902        2.3633810816551059E-005
   7.5999999999999899        2.1707455185864896E-005
   7.6999999999999895        1.9704425374318031E-005
   7.7999999999999892        1.7684123249009162E-005
   7.8999999999999888        1.5702703697239924E-005
   7.9999999999999885        1.3810556122067018E-005
   8.0999999999999890        1.2050867422679164E-005
   8.1999999999999886        1.0458756288518477E-005
   8.2999999999999883        9.0604934776367628E-006
   8.3999999999999879        7.8723542748404415E-006
   8.4999999999999876        6.8988740875471162E-006
   8.5999999999999872        6.1309426214940705E-006
   8.6999999999999869        5.5451848177882431E-006
   8.7999999999999865        5.1064497988833211E-006
   8.8999999999999861        4.7737598659126817E-006
   8.9999999999999858        4.5075682152336831E-006
   9.0999999999999854        4.2753042766775554E-006
   9.1999999999999851        4.0537401193181297E-006
   9.2999999999999847        3.8286882554519807E-006
   9.3999999999999844        3.5933187816773365E-006
   9.4999999999999840        3.3461394912508347E-006
   9.5999999999999837        3.0891790957468388E-006
   9.6999999999999833        2.8265505629961605E-006
   9.7999999999999829        2.5633932166091271E-006
   9.8999999999999826        2.3051291732171195E-006
   9.9999999999999822        2.0569590635488259E-006
