   0.0000000000000000       0.17005985810867072     
  0.10000000000000001       0.16899185053262053     
  0.20000000000000001       0.16661710568471250     
  0.30000000000000004       0.16321861518086533     
  0.40000000000000002       0.15914828080193516     
  0.50000000000000000       0.15474786766233917     
  0.59999999999999998       0.15028535172707425     
  0.69999999999999996       0.14592465294062415     
  0.79999999999999993       0.14173182662007000     
  0.89999999999999991       0.13770595215683820     
  0.99999999999999989       0.13381626412743003     
   1.0999999999999999       0.13003060553034815     
   1.2000000000000000       0.12632932560448826     
   1.3000000000000000       0.12270680534576892     
   1.4000000000000001       0.11916644243333403     
   1.5000000000000002       0.11571451016694076     
   1.6000000000000003       0.11235594205463771     
   1.7000000000000004       0.10909272388022008     
   1.8000000000000005       0.10592416440689076     
   1.9000000000000006       0.10284794631666706     
   2.0000000000000004        9.9861141311426621E-002
   2.1000000000000005        9.6960840552728161E-002
   2.2000000000000006        9.4144398615930824E-002
   2.3000000000000007        9.1409432752000530E-002
   2.4000000000000008        8.8753722437252464E-002
   2.5000000000000009        8.6175107180571420E-002
   2.6000000000000010        8.3671430991381954E-002
   2.7000000000000011        8.1240539564199521E-002
   2.8000000000000012        7.8880306517623747E-002
   2.9000000000000012        7.6588658462427350E-002
   3.0000000000000013        7.4363584584368619E-002
   3.1000000000000014        7.2203136032789647E-002
   3.2000000000000015        7.0105425153751399E-002
   3.3000000000000016        6.8068625878267466E-002
   3.4000000000000017        6.6090970320893727E-002
   3.5000000000000018        6.4170741184935418E-002
   3.6000000000000019        6.2306266465254848E-002
   3.7000000000000020        6.0495921035386833E-002
   3.8000000000000020        5.8738131130221166E-002
   3.9000000000000021        5.7031374205644081E-002
   4.0000000000000018        5.5374172839692495E-002
   4.1000000000000014        5.3765088793529356E-002
   4.2000000000000011        5.2202722474372028E-002
   4.3000000000000007        5.0685715776391783E-002
   4.4000000000000004        4.9212752602324016E-002
   4.5000000000000000        4.7782555533880937E-002
   4.5999999999999996        4.6393882642205050E-002
   4.6999999999999993        4.5045527741509939E-002
   4.7999999999999989        4.3736322041101110E-002
   4.8999999999999986        4.2465132946384584E-002
   4.9999999999999982        4.1230859696369519E-002
   5.0999999999999979        4.0032430002299384E-002
   5.1999999999999975        3.8868800728443044E-002
   5.2999999999999972        3.7738960563727136E-002
   5.3999999999999968        3.6641930394408155E-002
   5.4999999999999964        3.5576760382285577E-002
   5.5999999999999961        3.4542526881215618E-002
   5.6999999999999957        3.3538331935025222E-002
   5.7999999999999954        3.2563304247972220E-002
   5.8999999999999950        3.1616598700740087E-002
   5.9999999999999947        3.0697393949355802E-002
   6.0999999999999943        2.9804890645194954E-002
   6.1999999999999940        2.8938312106327382E-002
   6.2999999999999936        2.8096905914010671E-002
   6.3999999999999932        2.7279943567073854E-002
   6.4999999999999929        2.6486717797497034E-002
   6.5999999999999925        2.5716540072048006E-002
   6.6999999999999922        2.4968740376903269E-002
   6.7999999999999918        2.4242668398476060E-002
   6.8999999999999915        2.3537693713180648E-002
   6.9999999999999911        2.2853204334902618E-002
   7.0999999999999908        2.2188605299138381E-002
   7.1999999999999904        2.1543318711136759E-002
   7.2999999999999901        2.0916784421683716E-002
   7.3999999999999897        2.0308459497176891E-002
   7.4999999999999893        1.9717816293896365E-002
   7.5999999999999890        1.9144340919905280E-002
   7.6999999999999886        1.8587533465528217E-002
   7.7999999999999883        1.8046909170023571E-002
   7.8999999999999879        1.7521998617925454E-002
   7.9999999999999876        1.7012346438673179E-002
   8.0999999999999872        1.6517509863093510E-002
   8.1999999999999869        1.6037058425071159E-002
   8.2999999999999865        1.5570574389651818E-002
   8.3999999999999861        1.5117652571881959E-002
   8.4999999999999858        1.4677899247532338E-002
   8.5999999999999854        1.4250931274987113E-002
   8.6999999999999851        1.3836376337898920E-002
   8.7999999999999847        1.3433873691903474E-002
   8.8999999999999844        1.3043074070025501E-002
   8.9999999999999840        1.2663638458726555E-002
   9.0999999999999837        1.2295236871534273E-002
   9.1999999999999833        1.1937548172272871E-002
   9.2999999999999829        1.1590260627047612E-002
   9.3999999999999826        1.1253072053105339E-002
   9.4999999999999822        1.0925689162347046E-002
   9.5999999999999819        1.0607826847202512E-002
   9.6999999999999815        1.0299208150159708E-002
   9.7999999999999812        9.9995645998821082E-003
   9.8999999999999808        9.7086360208492282E-003
   9.9999999999999805        9.4261696323097010E-003
   10.099999999999980        9.1519192538548604E-003
   10.199999999999980        8.8856453535535434E-003
   10.299999999999979        8.6271156231899349E-003
   10.399999999999979        8.3761051443929872E-003
   10.499999999999979        8.1323957974937834E-003
   10.599999999999978        7.8957755245353031E-003
   10.699999999999978        7.6660381317333803E-003
   10.799999999999978        7.4429835042946332E-003
   10.899999999999977        7.2264175711007966E-003
   10.999999999999977        7.0161517949210023E-003
   11.099999999999977        6.8120027033604638E-003
   11.199999999999976        6.6137919657672985E-003
   11.299999999999976        6.4213467811815254E-003
   11.399999999999975        6.2344998968885349E-003
   11.499999999999975        6.0530890346392231E-003
   11.599999999999975        5.8769562463219698E-003
   11.699999999999974        5.7059477758552909E-003
   11.799999999999974        5.5399143383190056E-003
   11.899999999999974        5.3787112464045743E-003
   11.999999999999973        5.2221981147861155E-003
   12.099999999999973        5.0702384811769918E-003
   12.199999999999973        4.9226997587350661E-003
   12.299999999999972        4.7794534181258130E-003
   12.399999999999972        4.6403749407340610E-003
   12.499999999999972        4.5053433876018224E-003
   12.599999999999971        4.3742409679408348E-003
   12.699999999999971        4.2469530245817433E-003
   12.799999999999971        4.1233683349776711E-003
   12.899999999999970        4.0033792468601725E-003
   12.999999999999970        3.8868814113948609E-003
   13.099999999999969        3.7737733915118544E-003
   13.199999999999969        3.6639565293293342E-003
   13.299999999999969        3.5573350594618617E-003
   13.399999999999968        3.4538161280443999E-003
   13.499999999999968        3.3533095538344627E-003
   13.599999999999968        3.2557275695203995E-003
   13.699999999999967        3.1609848354072819E-003
   13.799999999999967        3.0689986501330211E-003
   13.899999999999967        2.9796890031257373E-003
   13.999999999999966        2.8929783048946382E-003
   14.099999999999966        2.8087910372694342E-003
   14.199999999999966        2.7270536514731104E-003
   14.299999999999965        2.6476947135016548E-003
   14.399999999999965        2.5706450029372606E-003
   14.499999999999964        2.4958373844911671E-003
   14.599999999999964        2.4232066024276909E-003
   14.699999999999964        2.3526892361937115E-003
   14.799999999999963        2.2842238012635032E-003
   14.899999999999963        2.2177507553514018E-003
   14.999999999999963        2.1532122920138860E-003
   15.099999999999962        2.0905521007796237E-003
   15.199999999999962        2.0297153358274024E-003
   15.299999999999962        1.9706487769847267E-003
   15.399999999999961        1.9133009318944895E-003
   15.499999999999961        1.8576219199112922E-003
   15.599999999999961        1.8035632599060834E-003
   15.699999999999960        1.7510777812558978E-003
   15.799999999999960        1.7001196834198983E-003
   15.899999999999959        1.6506445680902185E-003
   15.999999999999959        1.6026093295919196E-003
   16.099999999999959        1.5559720103772712E-003
   16.199999999999960        1.5106917923826851E-003
   16.299999999999962        1.4667291127607735E-003
   16.399999999999963        1.4240457168533580E-003
   16.499999999999964        1.3826045336263887E-003
   16.599999999999966        1.3423694827534387E-003
   16.699999999999967        1.3033054020155093E-003
   16.799999999999969        1.2653781227659467E-003
   16.899999999999970        1.2285545416029031E-003
   16.999999999999972        1.1928025690197323E-003
   17.099999999999973        1.1580910170369849E-003
   17.199999999999974        1.1243895635025063E-003
   17.299999999999976        1.0916688073054979E-003
   17.399999999999977        1.0599002892124850E-003
   17.499999999999979        1.0290563946154132E-003
   17.599999999999980        9.9911021885016682E-004
   17.699999999999982        9.7003553596497179E-004
   17.799999999999983        9.4180688475787840E-004
   17.899999999999984        9.1439964105121275E-004
   17.999999999999986        8.8778997121299007E-004
   18.099999999999987        8.6195471636774763E-004
   18.199999999999989        8.3687133288423015E-004
   18.299999999999990        8.1251792243835759E-004
   18.399999999999991        7.8887326157222508E-004
   18.499999999999993        7.6591675378679205E-004
   18.599999999999994        7.4362834865510856E-004
   18.699999999999996        7.2198852739917112E-004
   18.799999999999997        7.0097836595112162E-004
   18.899999999999999        6.8057957757460463E-004
   19.000000000000000        6.6077445768945614E-004
   19.100000000000001        6.4154577682873414E-004
   19.200000000000003        6.2287673021475646E-004
   19.300000000000004        6.0475097581802657E-004
   19.400000000000006        5.8715268354027491E-004
   19.500000000000007        5.7006651841605372E-004
   19.600000000000009        5.5347757935218073E-004
   19.700000000000010        5.3737137241359945E-004
   19.800000000000011        5.2173384007218849E-004
   19.900000000000013        5.0655138205246925E-004
