   0.0000000000000000        2.9945671780675996E-002
   1.0000000000000000E-002   2.9942740186691279E-002
   2.0000000000000000E-002   2.9938707387123446E-002
   2.9999999999999999E-002   2.9933573728320409E-002
   4.0000000000000001E-002   2.9927339658040075E-002
   5.0000000000000003E-002   2.9920005725414738E-002
   6.0000000000000005E-002   2.9911572580909138E-002
   7.0000000000000007E-002   2.9902040976272488E-002
   8.0000000000000002E-002   2.9891411764484350E-002
   8.9999999999999997E-002   2.9879685899694433E-002
   9.9999999999999992E-002   2.9866864437156464E-002
  0.10999999999999999        2.9852948533155604E-002
  0.11999999999999998        2.9837939444930406E-002
  0.12999999999999998        2.9821838530588132E-002
  0.13999999999999999        2.9804647249014698E-002
  0.14999999999999999        2.9786367159778109E-002
  0.16000000000000000        2.9766999923026248E-002
  0.17000000000000001        2.9746547299378777E-002
  0.18000000000000002        2.9725011149813154E-002
  0.19000000000000003        2.9702393435544414E-002
  0.20000000000000004        2.9678696217899828E-002
  0.21000000000000005        2.9653921658187345E-002
  0.22000000000000006        2.9628072017558276E-002
  0.23000000000000007        2.9601149656864549E-002
  0.24000000000000007        2.9573157036510148E-002
  0.25000000000000006        2.9544096716296920E-002
  0.26000000000000006        2.9513971355264956E-002
  0.27000000000000007        2.9482783711527554E-002
  0.28000000000000008        2.9450536642100376E-002
  0.29000000000000009        2.9417233102725458E-002
  0.30000000000000010        2.9382876147690241E-002
  0.31000000000000011        2.9347468929640370E-002
  0.32000000000000012        2.9311014699388238E-002
  0.33000000000000013        2.9273516805715868E-002
  0.34000000000000014        2.9234978695172834E-002
  0.35000000000000014        2.9195403911869190E-002
  0.36000000000000015        2.9154796097263253E-002
  0.37000000000000016        2.9113158989944717E-002
  0.38000000000000017        2.9070496425413140E-002
  0.39000000000000018        2.9026812335850815E-002
  0.40000000000000019        2.8982110749892230E-002
  0.41000000000000020        2.8936395792387961E-002
  0.42000000000000021        2.8889671684164585E-002
  0.43000000000000022        2.8841942741779796E-002
  0.44000000000000022        2.8793213377273624E-002
  0.45000000000000023        2.8743488097915104E-002
  0.46000000000000024        2.8692771505944792E-002
  0.47000000000000025        2.8641068298313442E-002
  0.48000000000000026        2.8588383266416512E-002
  0.49000000000000027        2.8534721295824898E-002
  0.50000000000000022        2.8480087366011753E-002
  0.51000000000000023        2.8424486550075883E-002
  0.52000000000000024        2.8367924014461417E-002
  0.53000000000000025        2.8310405018673948E-002
  0.54000000000000026        2.8251934914993556E-002
  0.55000000000000027        2.8192519148184318E-002
  0.56000000000000028        2.8132163255200768E-002
  0.57000000000000028        2.8070872864891627E-002
  0.58000000000000029        2.8008653697700114E-002
  0.59000000000000030        2.7945511565361850E-002
  0.60000000000000031        2.7881452370600024E-002
  0.61000000000000032        2.7816482106817933E-002
  0.62000000000000033        2.7750606857789271E-002
  0.63000000000000034        2.7683832797345806E-002
  0.64000000000000035        2.7616166189063283E-002
  0.65000000000000036        2.7547613385945195E-002
  0.66000000000000036        2.7478180830104393E-002
  0.67000000000000037        2.7407875052443274E-002
  0.68000000000000038        2.7336702672332257E-002
  0.69000000000000039        2.7264670397286559E-002
  0.70000000000000040        2.7191785022642093E-002
  0.71000000000000041        2.7118053431229666E-002
  0.72000000000000042        2.7043482593048441E-002
  0.73000000000000043        2.6968079564938404E-002
  0.74000000000000044        2.6891851490252156E-002
  0.75000000000000044        2.6814805598525879E-002
  0.76000000000000045        2.6736949205150306E-002
  0.77000000000000046        2.6658289711040780E-002
  0.78000000000000047        2.6578834602307769E-002
  0.79000000000000048        2.6498591449926983E-002
  0.80000000000000049        2.6417567909409984E-002
  0.81000000000000050        2.6335771720474885E-002
  0.82000000000000051        2.6253210706717694E-002
  0.83000000000000052        2.6169892775284337E-002
  0.84000000000000052        2.6085825916543504E-002
  0.85000000000000053        2.6001018203760353E-002
  0.86000000000000054        2.5915477792771622E-002
  0.87000000000000055        2.5829212921661994E-002
  0.88000000000000056        2.5742231910441827E-002
  0.89000000000000057        2.5654543160726750E-002
  0.90000000000000058        2.5566155155418990E-002
  0.91000000000000059        2.5477076458390764E-002
  0.92000000000000060        2.5387315714169849E-002
  0.93000000000000060        2.5296881647627424E-002
  0.94000000000000061        2.5205783063668667E-002
  0.95000000000000062        2.5114028846925700E-002
  0.96000000000000063        2.5021627961453713E-002
  0.97000000000000064        2.4928589450429854E-002
  0.98000000000000065        2.4834922435855607E-002
  0.99000000000000066        2.4740636118262185E-002
   1.0000000000000007        2.4645739776419751E-002
   1.1000000000000008        2.3665321731501810E-002
   1.2000000000000008        2.2634678315891135E-002
   1.3000000000000009        2.1564338449810237E-002
   1.4000000000000010        2.0465561987112985E-002
   1.5000000000000011        1.9350324100761016E-002
   1.6000000000000012        1.8231302619099051E-002
   1.7000000000000013        1.7121862136071218E-002
   1.8000000000000014        1.6036021734604847E-002
   1.9000000000000015        1.4988381988343701E-002
   2.0000000000000013        1.3993970686007023E-002
   2.1000000000000014        1.3067946593538103E-002
   2.2000000000000015        1.2225082826610841E-002
   2.3000000000000016        1.1478951758786776E-002
   2.4000000000000017        1.0840778315219898E-002
   2.5000000000000018        1.0318043938599896E-002
   2.6000000000000019        9.9131016373321876E-003
   2.7000000000000020        9.6222220221516778E-003
   2.8000000000000020        9.4354901981005806E-003
   2.9000000000000021        9.3377292043738437E-003
   3.0000000000000022        9.3102389654615616E-003
   3.1000000000000023        9.3328543650835066E-003
   3.2000000000000024        9.3858087251690071E-003
   3.3000000000000025        9.4510905628818614E-003
   3.4000000000000026        9.5132288742517269E-003
   3.5000000000000027        9.5596060154488141E-003
   3.6000000000000028        9.5804530358042043E-003
   3.7000000000000028        9.5686678832870454E-003
   3.8000000000000029        9.5195565839951632E-003
   3.9000000000000030        9.4305579860295783E-003
   4.0000000000000027        9.3009835947352373E-003
   4.1000000000000023        9.1317857703663921E-003
   4.2000000000000020        8.9253572717687430E-003
   4.3000000000000016        8.6853597294850246E-003
   4.4000000000000012        8.4165757275675816E-003
   4.5000000000000009        8.1247771112583390E-003
   4.6000000000000005        7.8165998083699600E-003
   4.7000000000000002        7.4994121512692215E-003
   4.7999999999999998        7.1811591674845379E-003
   4.8999999999999995        6.8701601265878315E-003
   4.9999999999999991        6.5748328149201288E-003
   5.0999999999999988        6.3033197960619212E-003
   5.1999999999999984        6.0630056702046286E-003
   5.2999999999999980        5.8599459318856486E-003
   5.3999999999999977        5.6982762838594407E-003
   5.4999999999999973        5.5797201883921533E-003
   5.5999999999999970        5.5033313912000760E-003
   5.6999999999999966        5.4655697635992290E-003
   5.7999999999999963        5.4607168471140907E-003
   5.8999999999999959        5.4815353866665313E-003
   5.9999999999999956        5.5200187490258108E-003
   6.0999999999999952        5.5680841195456920E-003
   6.1999999999999948        5.6181179615423810E-003
   6.2999999999999945        5.6633456440731778E-003
   6.3999999999999941        5.6980424996183367E-003
   6.4999999999999938        5.7176241330136775E-003
   6.5999999999999934        5.7186558462553215E-003
   6.6999999999999931        5.6988138533223542E-003
   6.7999999999999927        5.6568213859306158E-003
   6.8999999999999924        5.5923742889781979E-003
   6.9999999999999920        5.5060643246856765E-003
   7.0999999999999917        5.3993039889983349E-003
   7.1999999999999913        5.2742536111591767E-003
   7.2999999999999909        5.1337492355309506E-003
   7.3999999999999906        4.9812277589315846E-003
   7.4999999999999902        4.8206436714000687E-003
   7.5999999999999899        4.6563694249422746E-003
   7.6999999999999895        4.4930692342924818E-003
   7.7999999999999892        4.3355349247746625E-003
   7.8999999999999888        4.1884740269630830E-003
   7.9999999999999885        4.0562470421359360E-003
   8.0999999999999890        3.9425645723376625E-003
   8.1999999999999886        3.8501750186284225E-003
   8.2999999999999883        3.7805938243412871E-003
   8.3999999999999879        3.7339347676337681E-003
   8.4999999999999876        3.7088920712080248E-003
   8.5999999999999872        3.7028881359107211E-003
   8.6999999999999869        3.7123585725137554E-003
   8.7999999999999865        3.7331139850271242E-003
   8.8999999999999861        3.7607099155752754E-003
   8.9999999999999858        3.7907710253809405E-003
   9.0999999999999854        3.8192409473821430E-003
   9.1999999999999851        3.8425527497285765E-003
   9.2999999999999847        3.8577299999593942E-003
   9.3999999999999844        3.8624346051877893E-003
   9.4999999999999840        3.8549776783920985E-003
   9.5999999999999837        3.8343067704857351E-003
   9.6999999999999833        3.7999791063499104E-003
   9.7999999999999829        3.7521270851877228E-003
   9.8999999999999826        3.6914196080982536E-003
   9.9999999999999822        3.6190207349858119E-003
   10.099999999999982        3.5365455512923940E-003
   10.199999999999982        3.4460117297876835E-003
   10.299999999999981        3.3497839544937656E-003
   10.399999999999981        3.2505071122943385E-003
   10.499999999999980        3.1510231409439763E-003
   10.599999999999980        3.0542661362829848E-003
   10.699999999999980        2.9631315890733738E-003
   10.799999999999979        2.8803194483922345E-003
   10.899999999999979        2.8081577552297246E-003
   10.999999999999979        2.7484232396450653E-003
   11.099999999999978        2.7021847365249437E-003
   11.199999999999978        2.6696997798560740E-003
   11.299999999999978        2.6503897580827350E-003
   11.399999999999977        2.6429038055899275E-003
   11.499999999999977        2.6452611642422382E-003
   11.599999999999977        2.6550445946676650E-003
   11.699999999999976        2.6696102948306683E-003
   11.799999999999976        2.6862837292282635E-003
   11.899999999999975        2.7025216195086729E-003
   11.999999999999975        2.7160323672086985E-003
   12.099999999999975        2.7248563643593802E-003
   12.199999999999974        2.7274127113415757E-003
   12.299999999999974        2.7225204411545760E-003
   12.399999999999974        2.7094017732354116E-003
   12.499999999999973        2.6876733806711467E-003
   12.599999999999973        2.6573299154407748E-003
   12.699999999999973        2.6187224606769831E-003
   12.799999999999972        2.5725332673785595E-003
   12.899999999999972        2.5197470532812324E-003
   12.999999999999972        2.4616182202211899E-003
   13.099999999999971        2.3996325290302628E-003
   13.199999999999971        2.3354610692328599E-003
   13.299999999999971        2.2709038954519868E-003
   13.399999999999970        2.2078207394196072E-003
   13.499999999999970        2.1480471524474311E-003
   13.599999999999969        2.0932967295292574E-003
   13.699999999999969        2.0450539182077085E-003
   13.799999999999969        2.0044668767047274E-003
   13.899999999999968        1.9722544822078675E-003
   13.999999999999968        1.9486436535501187E-003
   14.099999999999968        1.9333505906736839E-003
   14.199999999999967        1.9256119929666623E-003
   14.299999999999967        1.9242619950959007E-003
   14.399999999999967        1.9278413478431640E-003
   14.499999999999966        1.9347206615324371E-003
   14.599999999999966        1.9432203317601205E-003
   14.699999999999966        1.9517145782478153E-003
   14.799999999999965        1.9587132084502505E-003
   14.899999999999965        1.9629200562268322E-003
   14.999999999999964        1.9632704998258097E-003
   15.099999999999964        1.9589520276418514E-003
   15.199999999999964        1.9494120183741104E-003
   15.299999999999963        1.9343563403574405E-003
   15.399999999999963        1.9137415142345471E-003
   15.499999999999963        1.8877622926349337E-003
   15.599999999999962        1.8568357067310283E-003
   15.699999999999962        1.8215819380955564E-003
   15.799999999999962        1.7828017829371972E-003
   15.899999999999961        1.7414499740301035E-003
   15.999999999999961        1.6986032349353810E-003
   16.099999999999962        1.6554217388449891E-003
   16.199999999999964        1.6131027771810595E-003
   16.299999999999965        1.5728261129716178E-003
   16.399999999999967        1.5356918909889754E-003
   16.499999999999968        1.5026541379020695E-003
   16.599999999999969        1.4744555074828320E-003
   16.699999999999971        1.4515712410848327E-003
   16.799999999999972        1.4341712186487210E-003
   16.899999999999974        1.4221075162500483E-003
   16.999999999999975        1.4149309263494865E-003
   17.099999999999977        1.4119344829217726E-003
   17.199999999999978        1.4122170296541902E-003
   17.299999999999979        1.4147569880067394E-003
   17.399999999999981        1.4184863967040761E-003
   17.499999999999982        1.4223574614320223E-003
   17.599999999999984        1.4253970458864267E-003
   17.699999999999985        1.4267475738255577E-003
   17.799999999999986        1.4256950095350050E-003
   17.899999999999988        1.4216857859982255E-003
   17.999999999999989        1.4143349364522391E-003
   18.099999999999991        1.4034275480895848E-003
   18.199999999999992        1.3889152573341435E-003
   18.299999999999994        1.3709090207263484E-003
   18.399999999999995        1.3496689189404568E-003
   18.499999999999996        1.3255913228428977E-003
   18.599999999999998        1.2991933810647842E-003
   18.699999999999999        1.2710944855474778E-003
   18.800000000000001        1.2419941565110343E-003
   18.900000000000002        1.2126457101042051E-003
   19.000000000000004        1.1838252107978138E-003
   19.100000000000005        1.1562956651539385E-003
   19.200000000000006        1.1307672607790285E-003
   19.300000000000008        1.1078556764855751E-003
   19.400000000000009        1.0880418901806725E-003
   19.500000000000011        1.0716380736478441E-003
   19.600000000000012        1.0587645355105591E-003
   19.700000000000014        1.0493418056791643E-003
   19.800000000000015        1.0430998047170940E-003
   19.900000000000016        1.0396031326770632E-003
   20.000000000000018        1.0382887628608191E-003
   20.100000000000019        1.0385107107097641E-003
   20.200000000000021        1.0395859719789500E-003
   20.300000000000022        1.0408369990102565E-003
   20.400000000000023        1.0416276354561402E-003
   20.500000000000025        1.0413911395587773E-003
   20.600000000000026        1.0396502763020765E-003
   20.700000000000028        1.0360302961340657E-003
   20.800000000000029        1.0302659855742640E-003
   20.900000000000031        1.0222040058413819E-003
   21.000000000000032        1.0118015704376315E-003
   21.100000000000033        9.9912225963679825E-004
   21.200000000000035        9.8432949667258819E-004
   21.300000000000036        9.6767795274605708E-004
   21.400000000000038        9.4950292318894734E-004
   21.500000000000039        9.3020753765758616E-004
   21.600000000000041        9.1024755106645786E-004
   21.700000000000042        8.9011343935535006E-004
   21.800000000000043        8.7030963834654879E-004
   21.900000000000045        8.5133106182854574E-004
   22.000000000000046        8.3363754396877196E-004
   22.100000000000048        8.1762754233028780E-004
   22.200000000000049        8.0361318852993516E-004
   22.300000000000050        7.9179935743556155E-004
   22.400000000000052        7.8226956282935283E-004
   22.500000000000053        7.7498096379381644E-004
   22.600000000000055        7.6976957508336093E-004
   22.700000000000056        7.6636518474466192E-004
   22.800000000000058        7.6441395559468371E-004
   22.900000000000059        7.6350567492681706E-004
   23.000000000000060        7.6320235401004192E-004
   23.100000000000062        7.6306530847570196E-004
   23.200000000000063        7.6267870394268499E-004
   23.300000000000065        7.6166850628409436E-004
   23.400000000000066        7.5971658861173391E-004
   23.500000000000068        7.5657030173196605E-004
   23.600000000000069        7.5204810573681932E-004
   23.700000000000070        7.4604194330596125E-004
   23.800000000000072        7.3851698307197207E-004
   23.900000000000073        7.2950923750595028E-004
   24.000000000000075        7.1912140897982698E-004
   24.100000000000076        7.0751716748399635E-004
   24.200000000000077        6.9491393030444147E-004
   24.300000000000079        6.8157410991946763E-004
   24.400000000000080        6.6779473507750807E-004
   24.500000000000082        6.5389534995236281E-004
   24.600000000000083        6.4020418041296062E-004
   24.700000000000085        6.2704274625865195E-004
   24.800000000000086        6.1470940082895104E-004
   24.900000000000087        6.0346266917148843E-004
   25.000000000000089        5.9350565870208000E-004
   25.100000000000090        5.8497310873193342E-004
   25.200000000000092        5.7792268443415435E-004
   25.300000000000093        5.7233180409622453E-004
   25.400000000000095        5.6810061971740596E-004
   25.500000000000096        5.6506089007128321E-004
   25.600000000000097        5.6298962865742653E-004
   25.700000000000099        5.6162581195354298E-004
   25.800000000000100        5.6068823043296280E-004
   25.900000000000102        5.5989274540789089E-004
   26.000000000000103        5.5896765363864273E-004
   26.100000000000104        5.5766639216353424E-004
   26.200000000000106        5.5577729846076297E-004
   26.300000000000107        5.5313049748191188E-004
   26.400000000000109        5.4960219856350424E-004
   26.500000000000110        5.4511677191269642E-004
   26.600000000000112        5.3964697234798551E-004
   26.700000000000113        5.3321262312897488E-004
   26.800000000000114        5.2587799325080843E-004
   26.900000000000116        5.1774801699082970E-004
   27.000000000000117        5.0896342780421358E-004
   27.100000000000119        4.9969481977609918E-004
   27.200000000000120        4.9013561848897309E-004
   27.300000000000122        4.8049395054978409E-004
   27.400000000000123        4.7098345921131721E-004
   27.500000000000124        4.6181323184683268E-004
   27.600000000000126        4.5317718316172171E-004
   27.700000000000127        4.4524345709973318E-004
   27.800000000000129        4.3814462639473606E-004
   27.900000000000130        4.3196961453324041E-004
   28.000000000000131        4.2675826699870945E-004
   28.100000000000133        4.2249930727318959E-004
   28.200000000000134        4.1913203362208413E-004
   28.300000000000136        4.1655161892609677E-004
   28.400000000000137        4.1461739022513291E-004
   28.500000000000139        4.1316311146946514E-004
   28.600000000000140        4.1200814874967263E-004
   28.700000000000141        4.1096846607139681E-004
   28.800000000000143        4.0986662369025748E-004
   28.900000000000144        4.0854024422317721E-004
   29.000000000000146        4.0684869568016746E-004
   29.100000000000147        4.0467796500896585E-004
   29.200000000000149        4.0194384214907648E-004
   29.300000000000150        3.9859360784498006E-004
   29.400000000000151        3.9460643545031462E-004
   29.500000000000153        3.8999269726773522E-004
   29.600000000000154        3.8479232674891613E-004
   29.700000000000156        3.7907234215768569E-004
   29.800000000000157        3.7292359455775372E-004
   29.900000000000158        3.6645677060878704E-004
   30.000000000000160        3.5979766534517232E-004
   30.100000000000161        3.5308174862089568E-004
   30.200000000000163        3.4644808753222432E-004
   30.300000000000164        3.4003275964624439E-004
   30.400000000000166        3.3396199587994413E-004
   30.500000000000167        3.2834541462703617E-004
   30.600000000000168        3.2326982448337914E-004
   30.700000000000170        3.1879414512913105E-004
   30.800000000000171        3.1494598646949882E-004
   30.900000000000173        3.1172031059780093E-004
   31.000000000000174        3.0908038396560095E-004
   31.100000000000176        3.0696094750955606E-004
   31.200000000000177        3.0527325458521440E-004
   31.300000000000178        3.0391141668275630E-004
   31.400000000000180        3.0275939862384990E-004
   31.500000000000181        3.0169802536505764E-004
   31.600000000000183        3.0061147537921283E-004
   31.700000000000184        2.9939289676815387E-004
   31.800000000000185        2.9794894803071185E-004
   31.900000000000187        2.9620320470456578E-004
   32.000000000000185        2.9409847130317315E-004
   32.100000000000186        2.9159809414070295E-004
   32.200000000000188        2.8868639203852758E-004
   32.300000000000189        2.8536831887156851E-004
   32.400000000000190        2.8166845452199182E-004
   32.500000000000192        2.7762939742389045E-004
   32.600000000000193        2.7330960902568444E-004
   32.700000000000195        2.6878074336448828E-004
   32.800000000000196        2.6412448803212672E-004
   32.900000000000198        2.5942895018445507E-004
   33.000000000000199        2.5478464619556709E-004
   33.100000000000200        2.5028019743388594E-004
   33.200000000000202        2.4599789498928621E-004
   33.300000000000203        2.4200936479112770E-004
   33.400000000000205        2.3837162653713825E-004
   33.500000000000206        2.3512387525221928E-004
   33.600000000000207        2.3228530319351206E-004
   33.700000000000209        2.2985421008534781E-004
   33.800000000000210        2.2780852436971358E-004
   33.900000000000212        2.2610769825926310E-004
   34.000000000000213        2.2469577888082289E-004
   34.100000000000215        2.2350533241557977E-004
   34.200000000000216        2.2246183275361831E-004
   34.300000000000217        2.2148812717923588E-004
   34.400000000000219        2.2050864738690340E-004
   34.500000000000220        2.1945312219121352E-004
   34.600000000000222        2.1825964446128447E-004
   34.700000000000223        2.1687703030416887E-004
   34.800000000000225        2.1526647294678035E-004
   34.900000000000226        2.1340253449966083E-004
   35.000000000000227        2.1127353849573527E-004
   35.100000000000229        2.0888143000934059E-004
   35.200000000000230        2.0624116402876211E-004
   35.300000000000232        2.0337967177191463E-004
   35.400000000000233        2.0033444310152773E-004
   35.500000000000234        1.9715175462755243E-004
   35.600000000000236        1.9388457043241757E-004
   35.700000000000237        1.9059014807693193E-004
   35.800000000000239        1.8732739837606647E-004
   35.900000000000240        1.8415407374148057E-004
   36.000000000000242        1.8112389474386515E-004
   36.100000000000243        1.7828376283241694E-004
   36.200000000000244        1.7567124029802350E-004
   36.300000000000246        1.7331249565896568E-004
   36.400000000000247        1.7122090317650256E-004
   36.500000000000249        1.6939644306796100E-004
   36.600000000000250        1.6782597613035219E-004
   36.700000000000252        1.6648437420930951E-004
   36.800000000000253        1.6533639443352258E-004
   36.900000000000254        1.6433910981583614E-004
   37.000000000000256        1.6344466594537440E-004
   37.100000000000257        1.6260312789261600E-004
   37.200000000000259        1.6176520823527496E-004
   37.300000000000260        1.6088471487470419E-004
   37.400000000000261        1.5992061278006803E-004
   37.500000000000263        1.5883864580900245E-004
   37.600000000000264        1.5761250632899892E-004
   37.700000000000266        1.5622456884593607E-004
   37.800000000000267        1.5466621985951105E-004
   37.900000000000269        1.5293782220843108E-004
   38.000000000000270        1.5104835142814622E-004
   38.100000000000271        1.4901473725187464E-004
   38.200000000000273        1.4686093809063641E-004
   38.300000000000274        1.4461677243467471E-004
   38.400000000000276        1.4231653053306192E-004
   38.500000000000277        1.3999739392280613E-004
   38.600000000000279        1.3769770032068463E-004
   38.700000000000280        1.3545510707518922E-004
   38.800000000000281        1.3330472644720645E-004
   38.900000000000283        1.3127732732194097E-004
   39.000000000000284        1.2939771564781071E-004
   39.100000000000286        1.2768341394470709E-004
   39.200000000000287        1.2614375303474207E-004
   39.300000000000288        1.2477946360972864E-004
   39.400000000000290        1.2358281255476976E-004
   39.500000000000291        1.2253827522112651E-004
   39.600000000000293        1.2162367990299237E-004
   39.700000000000294        1.2081171528869547E-004
   39.800000000000296        1.2007166381516272E-004
   39.900000000000297        1.1937121702114002E-004
   40.000000000000298        1.1867824128265736E-004
   40.100000000000300        1.1796238798452574E-004
   40.200000000000301        1.1719647399465293E-004
   40.300000000000303        1.1635758971655452E-004
   40.400000000000304        1.1542791848097325E-004
   40.500000000000306        1.1439527044541520E-004
   40.600000000000307        1.1325334631604374E-004
   40.700000000000308        1.1200175218899268E-004
   40.800000000000310        1.1064578833271074E-004
   40.900000000000311        1.0919603363931123E-004
   41.000000000000313        1.0766774546786677E-004
   41.100000000000314        1.0608009316218984E-004
   41.200000000000315        1.0445524386073778E-004
   41.300000000000317        1.0281732223731982E-004
   41.400000000000318        1.0119127202303709E-004
   41.500000000000320        9.9601656480920227E-005
   41.600000000000321        9.8071446538154736E-005
   41.700000000000323        9.6620857152416814E-005
   41.800000000000324        9.5266301895186034E-005
   41.900000000000325        9.4019539362663075E-005
   42.000000000000327        9.2887079874811877E-005
   42.100000000000328        9.1869905388145977E-005
   42.200000000000330        9.0963530340986773E-005
   42.300000000000331        9.0158399613859296E-005
   42.400000000000333        8.9440587270886906E-005
   42.500000000000334        8.8792732150237884E-005
   42.600000000000335        8.8195128415145696E-005
   42.700000000000337        8.7626883102651557E-005
   42.800000000000338        8.7067057911494243E-005
   42.900000000000340        8.6495726103749559E-005
   43.000000000000341        8.5894893530213430E-005
   43.100000000000342        8.5249251629182629E-005
   43.200000000000344        8.4546746942970244E-005
   43.300000000000345        8.3778964664820270E-005
   43.400000000000347        8.2941332546484779E-005
   43.500000000000348        8.2033156574291922E-005
   43.600000000000350        8.1057502035625060E-005
   43.700000000000351        8.0020933998442670E-005
   43.800000000000352        7.8933130849710663E-005
   43.900000000000354        7.7806384306610766E-005
   44.000000000000355        7.6654999987920636E-005
   44.100000000000357        7.5494614766558480E-005
   44.200000000000358        7.4341451001768197E-005
   44.300000000000360        7.3211533282335718E-005
   44.400000000000361        7.2119899933546593E-005
   44.500000000000362        7.1079848138279553E-005
   44.600000000000364        7.0102256498452903E-005
   44.700000000000365        6.9195030380900192E-005
   44.800000000000367        6.8362711831106395E-005
   44.900000000000368        6.7606286357694531E-005
   45.000000000000369        6.6923203909353510E-005
   45.100000000000371        6.6307612718136076E-005
   45.200000000000372        6.5750785303771730E-005
   45.300000000000374        6.5241699110639830E-005
   45.400000000000375        6.4767722713610079E-005
   45.500000000000377        6.4315353735648829E-005
   45.600000000000378        6.3870956477950618E-005
   45.700000000000379        6.3421454381963860E-005
   45.800000000000381        6.2954942708582563E-005
   45.900000000000382        6.2461198048175106E-005
   46.000000000000384        6.1932071704836055E-005
   46.100000000000385        6.1361762533271617E-005
   46.200000000000387        6.0746971017012583E-005
   46.300000000000388        6.0086940356852784E-005
   46.400000000000389        5.9383392514585664E-005
   46.500000000000391        5.8640368111986078E-005
   46.600000000000392        5.7863979430350128E-005
   46.700000000000394        5.7062086059458039E-005
   46.800000000000395        5.6243903475461271E-005
   46.900000000000396        5.5419556325661122E-005
   47.000000000000398        5.4599590626248630E-005
   47.100000000000399        5.3794462371141727E-005
   47.200000000000401        5.3014023856279492E-005
   47.300000000000402        5.2267032692702169E-005
   47.400000000000404        5.1560711101026317E-005
   47.500000000000405        5.0900383630120594E-005
   47.600000000000406        5.0289219037970208E-005
   47.700000000000408        4.9728096268688363E-005
   47.800000000000409        4.9215605496601658E-005
   47.900000000000411        4.8748184100388297E-005
   48.000000000000412        4.8320375798509964E-005
   48.100000000000414        4.7925190867654844E-005
   48.200000000000415        4.7554537967130918E-005
   48.300000000000416        4.7199694530582873E-005
   48.400000000000418        4.6851783051256496E-005
   48.500000000000419        4.6502224216829602E-005
   48.600000000000421        4.6143143614321365E-005
   48.700000000000422        4.5767715379592245E-005
   48.800000000000423        4.5370432634221336E-005
   48.900000000000425        4.4947300104696615E-005
   49.000000000000426        4.4495948597744280E-005
   49.100000000000428        4.4015673978209889E-005
   49.200000000000429        4.3507405151226006E-005
   49.300000000000431        4.2973606600837666E-005
   49.400000000000432        4.2418121636746241E-005
   49.500000000000433        4.1845962991157068E-005
   49.600000000000435        4.1263058074966427E-005
   49.700000000000436        4.0675957255753078E-005
   49.800000000000438        4.0091515053366608E-005
   49.900000000000439        3.9516556119867217E-005
   50.000000000000441        3.8957540068044823E-005
   50.100000000000442        3.8420241256730734E-005
   50.200000000000443        3.7909461012004226E-005
   50.300000000000445        3.7428789890272969E-005
   50.400000000000446        3.6980435986256004E-005
   50.500000000000448        3.6565131716137976E-005
   50.600000000000449        3.6182126103736767E-005
   50.700000000000450        3.5829262927330500E-005
   50.800000000000452        3.5503138052218680E-005
   50.900000000000453        3.5199322922657838E-005
   51.000000000000455        3.4912636444434528E-005
   51.100000000000456        3.4637444940370396E-005
   51.200000000000458        3.4367969634198913E-005
   51.300000000000459        3.4098582909468345E-005
   51.400000000000460        3.3824077800681852E-005
   51.500000000000462        3.3539899096810429E-005
   51.600000000000463        3.3242328426324268E-005
   51.700000000000465        3.2928619270154003E-005
   51.800000000000466        3.2597080749246014E-005
   51.900000000000468        3.2247111180963021E-005
   52.000000000000469        3.1879183865522922E-005
   52.100000000000470        3.1494788510667317E-005
   52.200000000000472        3.1096332328941399E-005
   52.300000000000473        3.0687005349265680E-005
   52.400000000000475        3.0270615045936916E-005
   52.500000000000476        2.9851396129520837E-005
   52.600000000000477        2.9433802322979343E-005
   52.700000000000479        2.9022288135144966E-005
   52.800000000000480        2.8621089918074332E-005
   52.900000000000482        2.8234016633765184E-005
   53.000000000000483        2.7864261463213876E-005
   53.100000000000485        2.7514245346408887E-005
   53.200000000000486        2.7185502477585004E-005
   53.300000000000487        2.6878615566709977E-005
   53.400000000000489        2.6593205396075213E-005
   53.500000000000490        2.6327975167576101E-005
   53.600000000000492        2.6080805857545575E-005
   53.700000000000493        2.5848894869252979E-005
   53.800000000000495        2.5628927238848693E-005
   53.900000000000496        2.5417266876166383E-005
   54.000000000000497        2.5210154921172253E-005
   54.100000000000499        2.5003903139442692E-005
   54.200000000000500        2.4795072051097960E-005
   54.300000000000502        2.4580625788196380E-005
   54.400000000000503        2.4358058120970997E-005
   54.500000000000504        2.4125486379329658E-005
   54.600000000000506        2.3881711933466211E-005
   54.700000000000507        2.3626247410469648E-005
   54.800000000000509        2.3359311929387601E-005
   54.900000000000510        2.3081796411665194E-005
   55.000000000000512        2.2795201578486295E-005
   55.100000000000513        2.2501551695496460E-005
   55.200000000000514        2.2203287573444178E-005
   55.300000000000516        2.1903142854568093E-005
   55.400000000000517        2.1604008244276954E-005
   55.500000000000519        2.1308789069806680E-005
   55.600000000000520        2.1020262288956737E-005
   55.700000000000522        2.0740939705590202E-005
   55.800000000000523        2.0472944506032938E-005
   55.900000000000524        2.0217908132084753E-005
   56.000000000000526        1.9976893803961779E-005
   56.100000000000527        1.9750351630066988E-005
   56.200000000000529        1.9538108237900405E-005
   56.300000000000530        1.9339391409220840E-005
   56.400000000000531        1.9152887590454452E-005
   56.500000000000533        1.8976827715404107E-005
   56.600000000000534        1.8809094840793143E-005
   56.700000000000536        1.8647345881882837E-005
   56.800000000000537        1.8489139335173718E-005
   56.900000000000539        1.8332061237693712E-005
   57.000000000000540        1.8173842573664248E-005
   57.100000000000541        1.8012462678269605E-005
   57.200000000000543        1.7846234676437511E-005
   57.300000000000544        1.7673870442157458E-005
   57.400000000000546        1.7494523841960083E-005
   57.500000000000547        1.7307812070665292E-005
   57.600000000000549        1.7113815692039385E-005
   57.700000000000550        1.6913058595804592E-005
   57.800000000000551        1.6706469532212768E-005
   57.900000000000553        1.6495327253024518E-005
   58.000000000000554        1.6281191631490951E-005
   58.100000000000556        1.6065823500809495E-005
   58.200000000000557        1.5851096358796584E-005
   58.300000000000558        1.5638903530438132E-005
   58.400000000000560        1.5431064814689692E-005
   58.500000000000561        1.5229236996939641E-005
   58.600000000000563        1.5034832787096968E-005
   58.700000000000564        1.4848952645442911E-005
   58.800000000000566        1.4672333500632032E-005
   58.900000000000567        1.4505317509685211E-005
   59.000000000000568        1.4347842784669235E-005
   59.100000000000570        1.4199456515740211E-005
   59.200000000000571        1.4059349318351645E-005
   59.300000000000573        1.3926408118268525E-005
   59.400000000000574        1.3799283649274356E-005
   59.500000000000576        1.3676467815385176E-005
   59.600000000000577        1.3556375827091016E-005
   59.700000000000578        1.3437428146081394E-005
   59.800000000000580        1.3318127781699715E-005
   59.900000000000581        1.3197129253058214E-005
   60.000000000000583        1.3073296429848551E-005
   60.100000000000584        1.2945747374637603E-005
   60.200000000000585        1.2813885144416183E-005
   60.300000000000587        1.2677414219409299E-005
   60.400000000000588        1.2536342800091241E-005
   60.500000000000590        1.2390971658986782E-005
   60.600000000000591        1.2241870582458225E-005
   60.700000000000593        1.2089843724851292E-005
   60.800000000000594        1.1935885456451272E-005
   60.900000000000595        1.1781128545819583E-005
   61.000000000000597        1.1626786787335305E-005
   61.100000000000598        1.1474094462462159E-005
   61.200000000000600        1.1324245284144082E-005
   61.300000000000601        1.1178333676642358E-005
   61.400000000000603        1.1037301333363596E-005
   61.500000000000604        1.0901891916022209E-005
   61.600000000000605        1.0772616463623576E-005
   61.700000000000607        1.0649731547247312E-005
   61.800000000000608        1.0533231452640079E-005
   61.900000000000610        1.0422854753592881E-005
   62.000000000000611        1.0318104648622762E-005
   62.100000000000612        1.0218281483505042E-005
   62.200000000000614        1.0122525085499838E-005
   62.300000000000615        1.0029863977721131E-005
   62.400000000000617        9.9392682707423034E-006
   62.500000000000618        9.8497030438268041E-006
   62.600000000000620        9.7601792896194800E-006
   62.700000000000621        9.6697999362942897E-006
   62.800000000000622        9.5777990025134388E-006
   62.900000000000624        9.4835725105285263E-006
   63.000000000000625        9.3867003257975650E-006
   63.100000000000627        9.2869585704088997E-006
   63.200000000000628        9.1843226598812188E-006
   63.300000000000630        9.0789613372430278E-006
   63.400000000000631        8.9712223413254650E-006
   63.500000000000632        8.8616105638182985E-006
   63.600000000000634        8.7507597438946416E-006
   63.700000000000635        8.6393989324549259E-006
   63.800000000000637        8.5283151409276481E-006
   63.900000000000638        8.4183137665262646E-006
   64.000000000000639        8.3101785457752156E-006
   64.100000000000634        8.2046329055476657E-006
   64.200000000000628        8.1023046253769844E-006
   64.300000000000622        8.0036956639815775E-006
   64.400000000000617        7.9091588106704129E-006
   64.500000000000611        7.8188824863782917E-006
   64.600000000000605        7.7328845490807848E-006
   64.700000000000600        7.6510153873888594E-006
   64.800000000000594        7.5729699674971509E-006
   64.900000000000588        7.4983078998556293E-006
   65.000000000000583        7.4264800776153504E-006
   65.100000000000577        7.3568600659949835E-006
   65.200000000000571        7.2887782185370781E-006
   65.300000000000566        7.2215564706440189E-006
   65.400000000000560        7.1545418917635870E-006
   65.500000000000554        7.0871373290663122E-006
   65.600000000000549        7.0188278015416623E-006
   65.700000000000543        6.9492016607537687E-006
   65.800000000000537        6.8779658858760632E-006
   65.900000000000531        6.8049552019273186E-006
   66.000000000000526        6.7301349877042428E-006
   66.100000000000520        6.6535981727551983E-006
   66.200000000000514        6.5755565144782888E-006
   66.300000000000509        6.4963268087334693E-006
   66.400000000000503        6.4163127283171244E-006
   66.500000000000497        6.3359831142121093E-006
   66.600000000000492        6.2558476668179892E-006
   66.700000000000486        6.1764310980267228E-006
   66.800000000000480        6.0982469030750919E-006
   66.900000000000475        6.0217719771630132E-006
   67.000000000000469        5.9474233217706596E-006
   67.100000000000463        5.8755380386330572E-006
   67.200000000000458        5.8063576816899991E-006
   67.300000000000452        5.7400178240718178E-006
   67.400000000000446        5.6765434016308117E-006
   67.500000000000441        5.6158500390612384E-006
   67.600000000000435        5.5577511783903180E-006
   67.700000000000429        5.5019704530758453E-006
   67.800000000000423        5.4481584224824741E-006
   67.900000000000418        5.3959125361328555E-006
   68.000000000000412        5.3447990523109276E-006
   68.100000000000406        5.2943756012001272E-006
   68.200000000000401        5.2442131453805764E-006
   68.300000000000395        5.1939162334023104E-006
   68.400000000000389        5.1431406375045545E-006
   68.500000000000384        5.0916076884980948E-006
   68.600000000000378        5.0391148458256582E-006
   68.700000000000372        4.9855422530607177E-006
   68.800000000000367        4.9308552168813817E-006
   68.900000000000361        4.8751027106840985E-006
   69.000000000000355        4.8184121393498962E-006
   69.100000000000350        4.7609807190260190E-006
   69.200000000000344        4.7030639258367553E-006
   69.300000000000338        4.6449615577354183E-006
   69.400000000000333        4.5870020354450948E-006
   69.500000000000327        4.5295256413413870E-006
   69.600000000000321        4.4728674539648997E-006
   69.700000000000315        4.4173407745776103E-006
   69.800000000000310        4.3632218487908489E-006
   69.900000000000304        4.3107366535478448E-006
   70.000000000000298        4.2600504364799334E-006
   70.100000000000293        4.2112605609554251E-006
   70.200000000000287        4.1643930269254167E-006
   70.300000000000281        4.1194028179318966E-006
   70.400000000000276        4.0761779857033153E-006
   70.500000000000270        4.0345471485805441E-006
   70.600000000000264        3.9942898716425272E-006
   70.700000000000259        3.9551492354854892E-006
   70.800000000000253        3.9168457996779594E-006
   70.900000000000247        3.8790921319415044E-006
   71.000000000000242        3.8416071000841634E-006
   71.100000000000236        3.8041292019230043E-006
   71.200000000000230        3.7664283220337675E-006
   71.300000000000225        3.7283154397266096E-006
   71.400000000000219        3.6896499541702930E-006
   71.500000000000213        3.6503444296424539E-006
   71.600000000000207        3.6103666900449316E-006
   71.700000000000202        3.5697393014832840E-006
   71.800000000000196        3.5285365784482775E-006
   71.900000000000190        3.4868793297010514E-006
   72.000000000000185        3.4449276321095587E-006
   72.100000000000179        3.4028719827220645E-006
   72.200000000000173        3.3609232353057988E-006
   72.300000000000168        3.3193017753152457E-006
   72.400000000000162        3.2782264255981080E-006
   72.500000000000156        3.2379035990357397E-006
   72.600000000000151        3.1985172186411797E-006
   72.700000000000145        3.1602199047476315E-006
   72.800000000000139        3.1231258780289358E-006
   72.900000000000134        3.0873059446149015E-006
   73.000000000000128        3.0527848173953328E-006
   73.100000000000122        3.0195408917400792E-006
   73.200000000000117        2.9875084454803213E-006
   73.300000000000111        2.9565820836105546E-006
   73.400000000000105        2.9266231149965743E-006
   73.500000000000099        2.8974674389297750E-006
   73.600000000000094        2.8689344483741037E-006
   73.700000000000088        2.8408364230427829E-006
   73.800000000000082        2.8129878920097139E-006
   73.900000000000077        2.7852144851069421E-006
   74.000000000000071        2.7573608573053196E-006
   74.100000000000065        2.7292973518524613E-006
   74.200000000000060        2.7009251569353768E-006
   74.300000000000054        2.6721797991465948E-006
   74.400000000000048        2.6430329014518258E-006
   74.500000000000043        2.6134922089624790E-006
   74.600000000000037        2.5835999531565193E-006
   74.700000000000031        2.5534296837355412E-006
   74.800000000000026        2.5230817484573058E-006
   74.900000000000020        2.4926776466218843E-006
   75.000000000000014        2.4623535211193251E-006
   75.100000000000009        2.4322530879720251E-006
   75.200000000000003        2.4025203283047175E-006
   75.299999999999997        2.3732922851006649E-006
   75.399999999999991        2.3446923099886803E-006
   75.499999999999986        2.3168240935820540E-006
   75.599999999999980        2.2897667804489328E-006
   75.699999999999974        2.2635714187836788E-006
   75.799999999999969        2.2382589232661166E-006
   75.899999999999963        2.2138196435143511E-006
   75.999999999999957        2.1902145350045254E-006
   76.099999999999952        2.1673778323908149E-006
   76.199999999999946        2.1452210362768937E-006
   76.299999999999940        2.1236379504394683E-006
   76.399999999999935        2.1025104545674894E-006
   76.499999999999929        2.0817146705110886E-006
   76.599999999999923        2.0611271774300872E-006
   76.699999999999918        2.0406309517622658E-006
   76.799999999999912        2.0201207462859202E-006
   76.899999999999906        1.9995076722192447E-006
   76.999999999999901        1.9787228068016957E-006
   77.099999999999895        1.9577197063136593E-006
   77.199999999999889        1.9364757631538253E-006
   77.299999999999883        1.9149923973856877E-006
   77.399999999999878        1.8932941217449129E-006
   77.499999999999872        1.8714265609327802E-006
   77.599999999999866        1.8494535433715846E-006
   77.699999999999861        1.8274534160896716E-006
   77.799999999999855        1.8055147614159247E-006
   77.899999999999849        1.7837317175440111E-006
   77.999999999999844        1.7621991228709458E-006
   78.099999999999838        1.7410077145151917E-006
   78.199999999999832        1.7202396131331590E-006
   78.299999999999827        1.6999643167445055E-006
   78.399999999999821        1.6802354044119313E-006
   78.499999999999815        1.6610881160384800E-006
   78.599999999999810        1.6425379274297985E-006
   78.699999999999804        1.6245801831457461E-006
   78.799999999999798        1.6071907876035296E-006
   78.899999999999793        1.5903278913809498E-006
   78.999999999999787        1.5739344518775854E-006
   79.099999999999781        1.5579414984824678E-006
   79.199999999999775        1.5422718976228397E-006
   79.299999999999770        1.5268443942071220E-006
   79.399999999999764        1.5115777026893134E-006
   79.499999999999758        1.4963944328476292E-006
   79.599999999999753        1.4812246593861525E-006
   79.699999999999747        1.4660089763351381E-006
   79.799999999999741        1.4507009148616579E-006
   79.899999999999736        1.4352686421126588E-006
   79.999999999999730        1.4196958973449961E-006
   80.099999999999724        1.4039821574729457E-006
   80.199999999999719        1.3881420571111450E-006
   80.299999999999713        1.3722041173544197E-006
   80.399999999999707        1.3562088627086962E-006
   80.499999999999702        1.3402064277029812E-006
   80.599999999999696        1.3242537731296419E-006
   80.699999999999690        1.3084116461803532E-006
   80.799999999999685        1.2927414295677638E-006
   80.899999999999679        1.2773020298924349E-006
   80.999999999999673        1.2621469549639654E-006
   81.099999999999667        1.2473217221878549E-006
   81.199999999999662        1.2328617244350613E-006
   81.299999999999656        1.2187906572772735E-006
   81.399999999999650        1.2051195808731440E-006
   81.499999999999645        1.1918466543752443E-006
   81.599999999999639        1.1789575419443029E-006
   81.699999999999633        1.1664264504102587E-006
   81.799999999999628        1.1542177231713492E-006
   81.899999999999622        1.1422878847460104E-006
   81.999999999999616        1.1305880088597034E-006
   82.099999999999611        1.1190662709135446E-006
   82.199999999999605        1.1076705430681647E-006
   82.299999999999599        1.0963508970761875E-006
   82.399999999999594        1.0850618935725252E-006
   82.499999999999588        1.0737645567232272E-006
   82.599999999999582        1.0624279549057890E-006
   82.699999999999577        1.0510303337671374E-006
   82.799999999999571        1.0395597706832053E-006
   82.899999999999565        1.0280143439225455E-006
   82.999999999999559        1.0164018296886245E-006
   83.099999999999554        1.0047389594217479E-006
   83.199999999999548        9.9305028595558238E-007
   83.299999999999542        9.8136672071636395E-007
   83.399999999999537        9.6972381607546471E-007
   83.499999999999531        9.5815987571144396E-007
   83.599999999999525        9.4671398227994553E-007
   83.699999999999520        9.3542403508207730E-007
   83.799999999999514        9.2432488970984279E-007
   83.899999999999508        9.1344668771126634E-007
   83.999999999999503        9.0281345514899538E-007
   84.099999999999497        8.9244203574958545E-007
   84.199999999999491        8.8234140719364525E-007
   84.299999999999486        8.7251240817490280E-007
   84.399999999999480        8.6294788159559151E-007
   84.499999999999474        8.5363321558048424E-007
   84.599999999999469        8.4454724321379194E-007
   84.699999999999463        8.3566344177154627E-007
   84.799999999999457        8.2695135911727672E-007
   84.899999999999451        8.1837818460356860E-007
   84.999999999999446        8.0991037887032807E-007
   85.099999999999440        8.0151527828439810E-007
   85.199999999999434        7.9316259618980477E-007
   85.299999999999429        7.8482575317678278E-007
   85.399999999999423        7.7648298152583053E-007
   85.499999999999417        7.6811816214591998E-007
   85.599999999999412        7.5972136811754987E-007
   85.699999999999406        7.5128910188583264E-007
   85.799999999999400        7.4282422764859760E-007
   85.899999999999395        7.3433561230205715E-007
   85.999999999999389        7.2583749959206902E-007
   86.099999999999383        7.1734865198731609E-007
   86.199999999999378        7.0889130330937434E-007
   86.299999999999372        7.0048997222050539E-007
   86.399999999999366        6.9217019216584417E-007
   86.499999999999361        6.8395721700662005E-007
   86.599999999999355        6.7587476299226817E-007
   86.699999999999349        6.6794384674846268E-007
   86.799999999999343        6.6018177485139951E-007
   86.899999999999338        6.5260133365454278E-007
   86.999999999999332        6.4521021843600723E-007
   87.099999999999326        6.3801072776225493E-007
   87.199999999999321        6.3099973577948934E-007
   87.299999999999315        6.2416893859529631E-007
   87.399999999999309        6.1750535666309484E-007
   87.499999999999304        6.1099206068738984E-007
   87.599999999999298        6.0460907715522800E-007
   87.699999999999292        5.9833442102128200E-007
   87.799999999999287        5.9214519814253591E-007
   87.899999999999281        5.8601871908298362E-007
   87.999999999999275        5.7993356765478956E-007
   88.099999999999270        5.7387057322390438E-007
   88.199999999999264        5.6781364287851910E-007
   88.299999999999258        5.6175041898091655E-007
   88.399999999999253        5.5567273708772585E-007
   88.499999999999247        5.4957686980255943E-007
   88.599999999999241        5.4346355205937022E-007
   88.699999999999235        5.3733779290892110E-007
   88.799999999999230        5.3120848781208137E-007
   88.899999999999224        5.2508785358288545E-007
   88.999999999999218        5.1899071546485117E-007
   89.099999999999213        5.1293368158796102E-007
   89.199999999999207        5.0693424535511580E-007
   89.299999999999201        5.0100985954488934E-007
   89.399999999999196        4.9517702748120570E-007
   89.499999999999190        4.8945045656790604E-007
   89.599999999999184        4.8384231640089255E-007
   89.699999999999179        4.7836163922973515E-007
   89.799999999999173        4.7301389245311668E-007
   89.899999999999167        4.6780074435882861E-007
   89.999999999999162        4.6272003249497314E-007
   90.099999999999156        4.5776593321231312E-007
   90.199999999999150        4.5292931870711119E-007
   90.299999999999145        4.4819827772953492E-007
   90.399999999999139        4.4355876705619339E-007
   90.499999999999133        4.3899535433847879E-007
   90.599999999999127        4.3449200950178301E-007
   90.699999999999122        4.3003290080543874E-007
   90.799999999999116        4.2560315382966374E-007
   90.899999999999110        4.2118953539609022E-007
   90.999999999999105        4.1678103094569744E-007
   91.099999999999099        4.1236929032966342E-007
   91.199999999999093        4.0794892559062979E-007
   91.299999999999088        4.0351765141277218E-007
   91.399999999999082        3.9907626762738678E-007
   91.499999999999076        3.9462848985931445E-007
   91.599999999999071        3.9018064148335883E-007
   91.699999999999065        3.8574122571976753E-007
   91.799999999999059        3.8132040198957647E-007
   91.899999999999054        3.7692939424655271E-007
   91.999999999999048        3.7257986214002751E-007
   92.099999999999042        3.6828326706215269E-007
   92.199999999999037        3.6405026534529138E-007
   92.299999999999031        3.5989015911573845E-007
   92.399999999999025        3.5581043233555129E-007
   92.499999999999019        3.5181639467307576E-007
   92.599999999999014        3.4791094975877598E-007
   92.699999999999008        3.4409449706880249E-007
   92.799999999999002        3.4036496924948390E-007
   92.899999999998997        3.3671799828375064E-007
   92.999999999998991        3.3314719728920700E-007
   93.099999999998985        3.2964453788590766E-007
   93.199999999998980        3.2620079872161270E-007
   93.299999999998974        3.2280605776618504E-007
   93.399999999998968        3.1945019968150534E-007
   93.499999999998963        3.1612341087994127E-007
   93.599999999998957        3.1281663667162607E-007
   93.699999999998951        3.0952197915917535E-007
   93.799999999998946        3.0623301849777172E-007
   93.899999999998940        3.0294504588521504E-007
   93.999999999998934        2.9965520115084432E-007
   94.099999999998929        2.9636251371927624E-007
   94.199999999998923        2.9306784963704008E-007
   94.299999999998917        2.8977377227996478E-007
   94.399999999998911        2.8648432748251918E-007
   94.499999999998906        2.8320476703016600E-007
   94.599999999998900        2.7994122622626839E-007
   94.699999999998894        2.7670037331647667E-007
   94.799999999998889        2.7348904821670262E-007
   94.899999999998883        2.7031390869001668E-007
   94.999999999998877        2.6718110056198890E-007
   95.099999999998872        2.6409596709352061E-007
   95.199999999998866        2.6106280997062396E-007
   95.299999999998860        2.5808471171640139E-007
   95.399999999998855        2.5516342544085688E-007
   95.499999999998849        2.5229933454217395E-007
   95.599999999998843        2.4949148083813086E-007
   95.699999999998838        2.4673765680122246E-007
   95.799999999998832        2.4403455355705211E-007
   95.899999999998826        2.4137795466367943E-007
   95.999999999998820        2.3876296350389255E-007
   96.099999999998815        2.3618425165068815E-007
   96.199999999998809        2.3363631455353565E-007
   96.299999999998803        2.3111372277691623E-007
   96.399999999998798        2.2861135690964573E-007
   96.499999999998792        2.2612461692684834E-007
   96.599999999998786        2.2364959820368503E-007
   96.699999999998781        2.2118322833038434E-007
   96.799999999998775        2.1872336194980105E-007
   96.899999999998769        2.1626883117783127E-007
   96.999999999998764        2.1381945283756030E-007
   97.099999999998758        2.1137599392010277E-007
   97.199999999998752        2.0894009882341216E-007
   97.299999999998747        2.0651418287121284E-007
   97.399999999998741        2.0410129747958436E-007
   97.499999999998735        2.0170497314595381E-007
   97.599999999998730        1.9932904697906522E-007
   97.699999999998724        1.9697748169152834E-007
   97.799999999998718        1.9465418341801679E-007
   97.899999999998712        1.9236282530832649E-007
   97.999999999998707        1.9010668404902657E-007
   98.099999999998701        1.8788849567661713E-007
   98.199999999998695        1.8571033645730090E-007
   98.299999999998690        1.8357353368191605E-007
   98.399999999998684        1.8147861020451470E-007
   98.499999999998678        1.7942526478797970E-007
   98.599999999998673        1.7741238928571166E-007
   98.699999999998667        1.7543812169517527E-007
   98.799999999998661        1.7349993286645203E-007
   98.899999999998656        1.7159474255566141E-007
   98.999999999998650        1.6971906002986772E-007
   99.099999999998644        1.6786914232633561E-007
   99.199999999998639        1.6604116319355341E-007
   99.299999999998633        1.6423138490154444E-007
   99.399999999998627        1.6243632514445223E-007
   99.499999999998622        1.6065291136332618E-007
   99.599999999998616        1.5887861546931865E-007
   99.699999999998610        1.5711156287707640E-007
   99.799999999998604        1.5535061072552902E-007
   99.899999999998599        1.5359539142339170E-007
   99.999999999998593        1.5184631962411041E-007
