   0.0000000000000000       0.32323208081492028     
   1.0000000000000000E-002  0.32322002344722917     
   2.0000000000000000E-002  0.32318390933727370     
   2.9999999999999999E-002  0.32312382900957098     
   4.0000000000000001E-002  0.32303987766577874     
   5.0000000000000003E-002  0.32293215513944451     
   6.0000000000000005E-002  0.32280076584943118     
   7.0000000000000007E-002  0.32264581875245002     
   8.0000000000000002E-002  0.32246742729448258     
   8.9999999999999997E-002  0.32226570936130922     
   9.9999999999999992E-002  0.32204078722767826     
  0.10999999999999999       0.32179278750601892     
  0.11999999999999998       0.32152184109376664     
  0.12999999999999998       0.32122808312016710     
  0.13999999999999999       0.32091165289176204     
  0.14999999999999999       0.32057269383722281     
  0.16000000000000000       0.32021135345145363     
  0.17000000000000001       0.31982778323868533     
  0.18000000000000002       0.31942213865457486     
  0.19000000000000003       0.31899457904806328     
  0.20000000000000004       0.31854526760201901     
  0.21000000000000005       0.31807437127325944     
  0.22000000000000006       0.31758206073207246     
  0.23000000000000007       0.31706851030068811     
  0.24000000000000007       0.31653389789141906     
  0.25000000000000006       0.31597840494402746     
  0.26000000000000006       0.31540221636243065     
  0.27000000000000007       0.31480552045097282     
  0.28000000000000008       0.31418850885002875     
  0.29000000000000009       0.31355137647110370     
  0.30000000000000010       0.31289432143133983     
  0.31000000000000011       0.31221754498770726     
  0.32000000000000012       0.31152125147068482     
  0.33000000000000013       0.31080564821727180     
  0.34000000000000014       0.31007094550387210     
  0.35000000000000014       0.30931735647875086     
  0.36000000000000015       0.30854509709396477     
  0.37000000000000016       0.30775438603704963     
  0.38000000000000017       0.30694544466238322     
  0.39000000000000018       0.30611849692232634     
  0.40000000000000019       0.30527376929789224     
  0.41000000000000020       0.30441149072928247     
  0.42000000000000021       0.30353189254633944     
  0.43000000000000022       0.30263520839851882     
  0.44000000000000022       0.30172167418473839     
  0.45000000000000023       0.30079152798332381     
  0.46000000000000024       0.29984500998146674     
  0.47000000000000025       0.29888236240476823     
  0.48000000000000026       0.29790382944660720     
  0.49000000000000027       0.29690965719746426     
  0.50000000000000022       0.29590009357411440     
  0.51000000000000023       0.29487538824892578     
  0.52000000000000024       0.29383579257898740     
  0.53000000000000025       0.29278155953535545     
  0.54000000000000026       0.29171294363217182     
  0.55000000000000027       0.29063020085598101     
  0.56000000000000028       0.28953358859502226     
  0.57000000000000028       0.28842336556857018     
  0.58000000000000029       0.28729979175647657     
  0.59000000000000030       0.28616312832864194     
  0.60000000000000031       0.28501363757485676     
  0.61000000000000032       0.28385158283442374     
  0.62000000000000033       0.28267722842642556     
  0.63000000000000034       0.28149083957973398     
  0.64000000000000035       0.28029268236340538     
  0.65000000000000036       0.27908302361723314     
  0.66000000000000036       0.27786213088258066     
  0.67000000000000037       0.27663027233343662     
  0.68000000000000038       0.27538771670747703     
  0.69000000000000039       0.27413473323791399     
  0.70000000000000040       0.27287159158498897     
  0.71000000000000041       0.27159856176828884     
  0.72000000000000042       0.27031591409894890     
  0.73000000000000043       0.26902391911248824     
  0.74000000000000044       0.26772284750177727     
  0.75000000000000044       0.26641297005032905     
  0.76000000000000045       0.26509455756608696     
  0.77000000000000046       0.26376788081537228     
  0.78000000000000047       0.26243321045738838     
  0.79000000000000048       0.26109081697892528     
  0.80000000000000049       0.25974097062952989     
  0.81000000000000050       0.25838394135712506     
  0.82000000000000051       0.25701999874388592     
  0.83000000000000052       0.25564941194263585     
  0.84000000000000052       0.25427244961358153     
  0.85000000000000053       0.25288937986156862     
  0.86000000000000054       0.25150047017366733     
  0.87000000000000055       0.25010598735721462     
  0.88000000000000056       0.24870619747838704     
  0.89000000000000057       0.24730136580107273     
  0.90000000000000058       0.24589175672630548     
  0.91000000000000059       0.24447763373215473     
  0.92000000000000060       0.24305925931398023     
  0.93000000000000060       0.24163689492536441     
  0.94000000000000061       0.24021080091919439     
  0.95000000000000062       0.23878123648957378     
  0.96000000000000063       0.23734845961393117     
  0.97000000000000064       0.23591272699586552     
  0.98000000000000065       0.23447429400818490     
  0.99000000000000066       0.23303341463674795     
   1.0000000000000007       0.23159034142457849     
   1.1000000000000008       0.21709336669508136     
   1.2000000000000008       0.20264202813066634     
   1.3000000000000009       0.18845687919131129     
   1.4000000000000010       0.17473316539929645     
   1.5000000000000011       0.16163673062265352     
   1.6000000000000012       0.14930058100952737     
   1.7000000000000013       0.13782226788117366     
   1.8000000000000014       0.12726234840997996     
   1.9000000000000015       0.11764427060543771     
   2.0000000000000013       0.10895605254577564     
   2.1000000000000014       0.10115402273619627     
   2.2000000000000015        9.4168625237765896E-002
   2.3000000000000016        8.7911906510783636E-002
   2.4000000000000017        8.2285910072844928E-002
   2.5000000000000018        7.7190966324950469E-002
   2.6000000000000019        7.2532885081441345E-002
   2.7000000000000020        6.8228329924019115E-002
   2.8000000000000020        6.4208062822520007E-002
   2.9000000000000021        6.0418145976238985E-002
   3.0000000000000022        5.6819467939299165E-002
   3.1000000000000023        5.3386088607582288E-002
   3.2000000000000024        5.0102897604263223E-002
   3.3000000000000025        4.6963003376239709E-002
   3.4000000000000026        4.3965163522919647E-002
   3.5000000000000027        4.1111462515591245E-002
   3.6000000000000028        3.8405356606445971E-002
   3.7000000000000028        3.5850141215042652E-002
   3.8000000000000029        3.3447850886396818E-002
   3.9000000000000030        3.1198571155840311E-002
   4.0000000000000027        2.9100120533446006E-002
   4.1000000000000023        2.7148045855380554E-002
   4.2000000000000020        2.5335863698638283E-002
   4.3000000000000016        2.3655474241283590E-002
   4.4000000000000012        2.2097672633033135E-002
   4.5000000000000009        2.0652687439343276E-002
   4.6000000000000005        1.9310686094129417E-002
   4.7000000000000002        1.8062202404487047E-002
   4.7999999999999998        1.6898458789525606E-002
   4.8999999999999995        1.5811573420474508E-002
   4.9999999999999991        1.4794657348559573E-002
   5.0999999999999988        1.3841817496269145E-002
   5.1999999999999984        1.2948087538374153E-002
   5.2999999999999980        1.2109310617736131E-002
   5.3999999999999977        1.1321996499826400E-002
   5.4999999999999973        1.0583172332556947E-002
   5.5999999999999970        9.8902417165167168E-003
   5.6999999999999966        9.2408621323425873E-003
   5.7999999999999963        8.6328464665261194E-003
   5.8999999999999959        8.0640907289997715E-003
   5.9999999999999956        7.5325271940246520E-003
   6.0999999999999952        7.0361001338355260E-003
   6.1999999999999948        6.5727600041019648E-003
   6.2999999999999945        6.1404712973228718E-003
   6.3999999999999941        5.7372292040699276E-003
   6.4999999999999938        5.3610805960107840E-003
   6.5999999999999934        5.0101455444831917E-003
   6.6999999999999931        4.6826364837835102E-003
   6.7999999999999927        4.3768730948270740E-003
   6.8999999999999924        4.0912919119539919E-003
   6.9999999999999920        3.8244504585001932E-003
   7.0999999999999917        3.5750263411708600E-003
   7.1999999999999913        3.3418121567718464E-003
   7.2999999999999909        3.1237072931162000E-003
   7.3999999999999906        2.9197077652053098E-003
   7.4999999999999902        2.7288951560423456E-003
   7.5999999999999899        2.5504255712674407E-003
   7.6999999999999895        2.3835193078443570E-003
   7.7999999999999892        2.2274517130831720E-003
   7.8999999999999888        2.0815454976146229E-003
   7.9999999999999885        1.9451645809764936E-003
   8.0999999999999890        1.8177094024887596E-003
   8.1999999999999886        1.6986135255501686E-003
   8.2999999999999883        1.5873413005097899E-003
   8.3999999999999879        1.4833863245249264E-003
   8.4999999999999876        1.3862704405683778E-003
   8.5999999999999872        1.2955430438176170E-003
   8.6999999999999869        1.2107805043761154E-003
   8.7999999999999865        1.1315855634513054E-003
   8.8999999999999861        1.0575866092488305E-003
   8.9999999999999858        9.8843678412415675E-004
   9.0999999999999854        9.2381291253436229E-004
   9.1999999999999851        8.6341426830643020E-004
   9.2999999999999847        8.0696121899959984E-004
   9.3999999999999844        7.5419379543927630E-004
   9.4999999999999840        7.0487023700334470E-004
   9.5999999999999837        6.5876555977567033E-004
   9.6999999999999833        6.1567018710442095E-004
   9.7999999999999829        5.7538867221961626E-004
   9.8999999999999826        5.3773853195092109E-004
   9.9999999999999822        5.0254920042170042E-004
