   0.0000000000000000       0.23049708651812795     
  0.10000000000000001       0.22988321997920028     
  0.20000000000000001       0.22811840770537578     
  0.30000000000000004       0.22536672475344774     
  0.40000000000000002       0.22183474562942176     
  0.50000000000000000       0.21774170918092589     
  0.59999999999999998       0.21329302139559422     
  0.69999999999999996       0.20866141457279361     
  0.79999999999999993       0.20397760166235138     
  0.89999999999999991       0.19932978668387413     
  0.99999999999999989       0.19476960026216947     
   1.0999999999999999       0.19032130475850156     
   1.2000000000000000       0.18599141176909020     
   1.3000000000000000       0.18177679008884040     
   1.4000000000000001       0.17767042350133405     
   1.5000000000000002       0.17366483557571571     
   1.6000000000000003       0.16975368322918419     
   1.7000000000000004       0.16593216587433157     
   1.8000000000000005       0.16219682306726846     
   1.9000000000000006       0.15854512462579548     
   2.0000000000000004       0.15497508069587684     
   2.1000000000000005       0.15148496160078900     
   2.2000000000000006       0.14807313344348866     
   2.3000000000000007       0.14473797968814606     
   2.4000000000000008       0.14147787472592332     
   2.5000000000000009       0.13829118443101454     
   2.6000000000000010       0.13517627834975876     
   2.7000000000000011       0.13213154416979961     
   2.8000000000000012       0.12915539881687982     
   2.9000000000000012       0.12624629399192752     
   3.0000000000000013       0.12340271717730672     
   3.1000000000000014       0.12062319070456849     
   3.2000000000000015       0.11790627082746175     
   3.3000000000000016       0.11525054709199348     
   3.4000000000000017       0.11265464140326498     
   3.5000000000000018       0.11011720662470076     
   3.6000000000000019       0.10763692535367562     
   3.7000000000000020       0.10521250951062115     
   3.8000000000000020       0.10284270049921836     
   3.9000000000000021       0.10052626898839562     
   4.0000000000000018        9.8262013712958229E-002
   4.1000000000000014        9.6048759774007800E-002
   4.2000000000000011        9.3885357564245819E-002
   4.3000000000000007        9.1770682897703473E-002
   4.4000000000000004        8.9703637704781944E-002
   4.5000000000000000        8.7683150024620043E-002
   4.5999999999999996        8.5708172677538344E-002
   4.6999999999999993        8.3777681312357022E-002
   4.7999999999999989        8.1890673184441515E-002
   4.8999999999999986        8.0046167351404171E-002
   4.9999999999999982        7.8243205617671827E-002
   5.0999999999999979        7.6480852843214098E-002
   5.1999999999999975        7.4758195852901388E-002
   5.2999999999999972        7.3074341531851744E-002
   5.3999999999999968        7.1428415463941700E-002
   5.4999999999999964        6.9819561940467498E-002
   5.5999999999999961        6.8246944869281304E-002
   5.6999999999999957        6.6709748299329685E-002
   5.7999999999999954        6.5207175690842875E-002
   5.8999999999999950        6.3738448269286430E-002
   5.9999999999999947        6.2302803639365564E-002
   6.0999999999999943        6.0899495543278004E-002
   6.1999999999999940        5.9527794556065883E-002
   6.2999999999999936        5.8186988674664299E-002
   6.3999999999999932        5.6876382930275027E-002
   6.4999999999999929        5.5595298110666880E-002
   6.5999999999999925        5.4343069488088931E-002
   6.6999999999999922        5.3119046381242145E-002
   6.7999999999999918        5.1922592565324679E-002
   6.8999999999999915        5.0753086785175518E-002
   6.9999999999999911        4.9609922607725891E-002
   7.0999999999999908        4.8492507521966634E-002
   7.1999999999999904        4.7400261884864854E-002
   7.2999999999999901        4.6332618394263468E-002
   7.3999999999999897        4.5289022232133450E-002
   7.4999999999999893        4.4268931413696533E-002
   7.5999999999999890        4.3271816754805931E-002
   7.6999999999999886        4.2297161286590154E-002
   7.7999999999999883        4.1344459464299751E-002
   7.8999999999999879        4.0413216659179026E-002
   7.9999999999999876        3.9502949109368232E-002
   8.0999999999999872        3.8613184079688806E-002
   8.1999999999999869        3.7743459838602653E-002
   8.2999999999999865        3.6893325289032275E-002
   8.3999999999999861        3.6062339427159841E-002
   8.4999999999999858        3.5250070929465506E-002
   8.5999999999999854        3.4456098004498566E-002
   8.6999999999999851        3.3680008389823775E-002
   8.7999999999999847        3.2921399274784581E-002
   8.8999999999999844        3.2179877047807857E-002
   8.9999999999999840        3.1455056952001625E-002
   9.0999999999999837        3.0746562799718647E-002
   9.1999999999999833        3.0054026807447169E-002
   9.2999999999999829        2.9377089486070790E-002
   9.3999999999999826        2.8715399490074796E-002
   9.4999999999999822        2.8068613404024233E-002
   9.5999999999999819        2.7436395525355178E-002
   9.6999999999999815        2.6818417699484381E-002
   9.7999999999999812        2.6214359191963008E-002
   9.8999999999999808        2.5623906534435543E-002
   9.9999999999999805        2.5046753314980717E-002
   10.099999999999980        2.4482599959109366E-002
   10.199999999999980        2.3931153574783259E-002
   10.299999999999979        2.3392127875821272E-002
   10.399999999999979        2.2865243113249327E-002
   10.499999999999979        2.2350225927722147E-002
   10.599999999999978        2.1846809113529389E-002
   10.699999999999978        2.1354731380602843E-002
   10.799999999999978        2.0873737214960317E-002
   10.899999999999977        2.0403576849404272E-002
   10.999999999999977        1.9944006249581196E-002
   11.099999999999977        1.9494787002895708E-002
   11.199999999999976        1.9055686090816610E-002
   11.299999999999976        1.8626475640429439E-002
   11.399999999999975        1.8206932776287137E-002
   11.499999999999975        1.7796839602273570E-002
   11.599999999999975        1.7395983222367347E-002
   11.699999999999974        1.7004155674668255E-002
   11.799999999999974        1.6621153737662549E-002
   11.899999999999974        1.6246778690172138E-002
   11.999999999999973        1.5880836150537432E-002
   12.099999999999973        1.5523136046334613E-002
   12.199999999999973        1.5173492645742991E-002
   12.299999999999972        1.4831724529141844E-002
   12.399999999999972        1.4497654441200263E-002
   12.499999999999972        1.4171109077911038E-002
   12.599999999999971        1.3851918921934190E-002
   12.699999999999971        1.3539918191479915E-002
   12.799999999999971        1.3234944862725244E-002
   12.899999999999970        1.2936840663215710E-002
   12.999999999999970        1.2645450968460556E-002
   13.099999999999969        1.2360624627962622E-002
   13.199999999999969        1.2082213810312886E-002
   13.299999999999969        1.1810073934366278E-002
   13.399999999999968        1.1544063672138468E-002
   13.499999999999968        1.1284044947492512E-002
   13.599999999999968        1.1029882867022552E-002
   13.699999999999967        1.0781445587825018E-002
   13.799999999999967        1.0538604184145952E-002
   13.899999999999967        1.0301232570633392E-002
   13.999999999999966        1.0069207484416330E-002
   14.099999999999966        9.8424084770289237E-003
   14.199999999999966        9.6207178658696008E-003
   14.299999999999965        9.4040206385564967E-003
   14.399999999999965        9.1922043474010080E-003
   14.499999999999964        8.9851590358056184E-003
   14.599999999999964        8.7827772050319500E-003
   14.699999999999964        8.5849537939223231E-003
   14.799999999999963        8.3915861384681323E-003
   14.899999999999963        8.2025739029414832E-003
   14.999999999999963        8.0178190021543520E-003
   15.099999999999962        7.8372255394316588E-003
   15.199999999999962        7.6606997666606230E-003
   15.299999999999962        7.4881500524809751E-003
   15.399999999999961        7.3194868416474566E-003
   15.499999999999961        7.1546226021626403E-003
   15.599999999999961        6.9934717703842887E-003
   15.699999999999960        6.8359507044932653E-003
   15.799999999999960        6.6819776460520881E-003
   15.899999999999959        6.5314726813089138E-003
   15.999999999999959        6.3843576969901681E-003
   16.099999999999959        6.2405563345922883E-003
   16.199999999999960        6.0999939510038891E-003
   16.299999999999962        5.9625975869425233E-003
   16.399999999999963        5.8282959356092635E-003
   16.499999999999964        5.6970193030883047E-003
   16.599999999999966        5.5686995612981311E-003
   16.699999999999967        5.4432701040467487E-003
   16.799999999999969        5.3206658159202598E-003
   16.899999999999970        5.2008230520931356E-003
   16.999999999999972        5.0836796162234219E-003
   17.099999999999973        4.9691747250482695E-003
   17.199999999999974        4.8572489615697550E-003
   17.299999999999976        4.7478442310209933E-003
   17.399999999999977        4.6409037326125627E-003
   17.499999999999979        4.5363719459156227E-003
   17.599999999999980        4.4341946171428843E-003
   17.699999999999982        4.3343187308862562E-003
   17.799999999999983        4.2366924671022712E-003
   17.899999999999984        4.1412651577750308E-003
   17.999999999999986        4.0479872586691992E-003
   18.099999999999987        3.9568103379430042E-003
   18.199999999999989        3.8676870681314058E-003
   18.299999999999990        3.7805712055724826E-003
   18.399999999999991        3.6954175538490459E-003
   18.499999999999993        3.6121819232228874E-003
   18.599999999999994        3.5308211018986388E-003
   18.699999999999996        3.4512928440039643E-003
   18.799999999999997        3.3735558641075944E-003
   18.899999999999999        3.2975698230145538E-003
   19.000000000000000        3.2232952987328810E-003
   19.100000000000001        3.1506937507846037E-003
   19.200000000000003        3.0797274920396642E-003
   19.300000000000004        3.0103596749715051E-003
   19.400000000000006        2.9425542861253114E-003
   19.500000000000007        2.8762761360093189E-003
   19.600000000000009        2.8114908371007869E-003
   19.700000000000010        2.7481647743123234E-003
   19.800000000000011        2.6862650790397788E-003
   19.900000000000013        2.6257596140617273E-003
