   0.0000000000000000        3.2970943168630140E-002
   1.0000000000000000E-002   3.2970369359002973E-002
   2.0000000000000000E-002   3.2968648255239173E-002
   2.9999999999999999E-002   3.2965780427479288E-002
   4.0000000000000001E-002   3.2961766555653430E-002
   5.0000000000000003E-002   3.2956607429518607E-002
   6.0000000000000005E-002   3.2950303948476221E-002
   7.0000000000000007E-002   3.2942857121457808E-002
   8.0000000000000002E-002   3.2934268066776323E-002
   8.9999999999999997E-002   3.2924538012128329E-002
   9.9999999999999992E-002   3.2913668294241333E-002
  0.10999999999999999        3.2901660359021569E-002
  0.11999999999999998        3.2888515761118883E-002
  0.12999999999999998        3.2874236163962768E-002
  0.13999999999999999        3.2858823339663119E-002
  0.14999999999999999        3.2842279168661122E-002
  0.16000000000000000        3.2824605639677894E-002
  0.17000000000000001        3.2805804849557071E-002
  0.18000000000000002        3.2785879003068209E-002
  0.19000000000000003        3.2764830412738484E-002
  0.20000000000000004        3.2742661498633342E-002
  0.21000000000000005        3.2719374788240586E-002
  0.22000000000000006        3.2694972916200812E-002
  0.23000000000000007        3.2669458624187145E-002
  0.24000000000000007        3.2642834760630436E-002
  0.25000000000000006        3.2615104280539903E-002
  0.26000000000000006        3.2586270245326551E-002
  0.27000000000000007        3.2556335822516644E-002
  0.28000000000000008        3.2525304285563279E-002
  0.29000000000000009        3.2493179013649218E-002
  0.30000000000000010        3.2459963491451999E-002
  0.31000000000000011        3.2425661308789225E-002
  0.32000000000000012        3.2390276160557806E-002
  0.33000000000000013        3.2353811846333923E-002
  0.34000000000000014        3.2316272270277217E-002
  0.35000000000000014        3.2277661440721570E-002
  0.36000000000000015        3.2237983469995214E-002
  0.37000000000000016        3.2197242574134463E-002
  0.38000000000000017        3.2155443072615704E-002
  0.39000000000000018        3.2112589388142973E-002
  0.40000000000000019        3.2068686046287584E-002
  0.41000000000000020        3.2023737675226975E-002
  0.42000000000000021        3.1977749005483849E-002
  0.43000000000000022        3.1930724869634809E-002
  0.44000000000000022        3.1882670201972128E-002
  0.45000000000000023        3.1833590038257399E-002
  0.46000000000000024        3.1783489515406202E-002
  0.47000000000000025        3.1732373871129795E-002
  0.48000000000000026        3.1680248443781076E-002
  0.49000000000000027        3.1627118671837706E-002
  0.50000000000000022        3.1572990093674931E-002
  0.51000000000000023        3.1517868347336060E-002
  0.52000000000000024        3.1461759170021183E-002
  0.53000000000000025        3.1404668397929436E-002
  0.54000000000000026        3.1346601965819190E-002
  0.55000000000000027        3.1287565906721583E-002
  0.56000000000000028        3.1227566351613195E-002
  0.57000000000000028        3.1166609529001306E-002
  0.58000000000000029        3.1104701764672758E-002
  0.59000000000000030        3.1041849481296419E-002
  0.60000000000000031        3.0978059198062267E-002
  0.61000000000000032        3.0913337530380725E-002
  0.62000000000000033        3.0847691189403413E-002
  0.63000000000000034        3.0781126981844736E-002
  0.64000000000000035        3.0713651809445200E-002
  0.65000000000000036        3.0645272668746799E-002
  0.66000000000000036        3.0575996650555538E-002
  0.67000000000000037        3.0505830939783977E-002
  0.68000000000000038        3.0434782814903086E-002
  0.69000000000000039        3.0362859647617629E-002
  0.70000000000000040        3.0290068902517696E-002
  0.71000000000000041        3.0216418136667970E-002
  0.72000000000000042        3.0141914999209655E-002
  0.73000000000000043        3.0066567231028473E-002
  0.74000000000000044        2.9990382664276401E-002
  0.75000000000000044        2.9913369222091091E-002
  0.76000000000000045        2.9835534918082177E-002
  0.77000000000000046        2.9756887856024736E-002
  0.78000000000000047        2.9677436229447889E-002
  0.79000000000000048        2.9597188321178223E-002
  0.80000000000000049        2.9516152502987312E-002
  0.81000000000000050        2.9434337235180585E-002
  0.82000000000000051        2.9351751066214883E-002
  0.83000000000000052        2.9268402632182104E-002
  0.84000000000000052        2.9184300656530850E-002
  0.85000000000000053        2.9099453949604722E-002
  0.86000000000000054        2.9013871408163874E-002
  0.87000000000000055        2.8927562015061890E-002
  0.88000000000000056        2.8840534838792113E-002
  0.89000000000000057        2.8752799033051397E-002
  0.90000000000000058        2.8664363836315338E-002
  0.91000000000000059        2.8575238571430479E-002
  0.92000000000000060        2.8485432645197265E-002
  0.93000000000000060        2.8394955547866703E-002
  0.94000000000000061        2.8303816852851778E-002
  0.95000000000000062        2.8212026216146185E-002
  0.96000000000000063        2.8119593375944160E-002
  0.97000000000000064        2.8026528152244878E-002
  0.98000000000000065        2.7932840446347466E-002
  0.99000000000000066        2.7838540240413275E-002
   1.0000000000000007        2.7743637597073344E-002
   1.1000000000000008        2.6763747486866645E-002
   1.2000000000000008        2.5735262059871689E-002
   1.3000000000000009        2.4669497344513562E-002
   1.4000000000000010        2.3578464017516267E-002
   1.5000000000000011        2.2474804870492589E-002
   1.6000000000000012        2.1371715285149466E-002
   1.7000000000000013        2.0282835222366659E-002
   1.8000000000000014        1.9222095854068800E-002
   1.9000000000000015        1.8203498020042081E-002
   2.0000000000000013        1.7240794898138102E-002
   2.1000000000000014        1.6347051118335704E-002
   2.2000000000000015        1.5534060504887386E-002
   2.3000000000000016        1.4811630929496000E-002
   2.4000000000000017        1.4186790411223523E-002
   2.5000000000000018        1.3663026734480391E-002
   2.6000000000000019        1.3239721497597272E-002
   2.7000000000000020        1.2911946106960970E-002
   2.8000000000000020        1.2670728192969664E-002
   2.9000000000000021        1.2503781867897700E-002
   3.0000000000000022        1.2396571626876839E-002
   3.1000000000000023        1.2333504877641519E-002
   3.2000000000000024        1.2299050095545381E-002
   3.3000000000000025        1.2278640489661350E-002
   3.4000000000000026        1.2259306270580691E-002
   3.5000000000000027        1.2230046763456666E-002
   3.6000000000000028        1.2181991823499740E-002
   3.7000000000000028        1.2108413080904124E-002
   3.8000000000000029        1.2004639770455907E-002
   3.9000000000000030        1.1867921147994938E-002
   4.0000000000000027        1.1697264076045370E-002
   4.1000000000000023        1.1493263133835706E-002
   4.2000000000000020        1.1257932242041831E-002
   4.3000000000000016        1.0994540886808603E-002
   4.4000000000000012        1.0707453866396349E-002
   4.5000000000000009        1.0401970384638248E-002
   4.6000000000000005        1.0084155823247272E-002
   4.7000000000000002        9.7606574879724583E-003
   4.7999999999999998        9.4384942940397600E-003
   4.8999999999999995        9.1248104704481567E-003
   4.9999999999999991        8.8265861372682306E-003
   5.0999999999999988        8.5503044820462795E-003
   5.1999999999999984        8.3015871514266343E-003
   5.2999999999999980        8.0848255467787598E-003
   5.3999999999999977        7.9028521432021482E-003
   5.4999999999999973        7.7567058926603510E-003
   5.5999999999999970        7.6455418123236767E-003
   5.6999999999999966        7.5667136737073357E-003
   5.7999999999999963        7.5160249577930164E-003
   5.8999999999999959        7.4881088009661730E-003
   5.9999999999999956        7.4768754412340849E-003
   6.0999999999999952        7.4759623572237428E-003
   6.1999999999999948        7.4791355068488585E-003
   6.2999999999999945        7.4806114969312139E-003
   6.3999999999999941        7.4752914336491168E-003
   6.4999999999999938        7.4589123086630038E-003
   6.5999999999999934        7.4281297892747171E-003
   6.6999999999999931        7.3805485317083117E-003
   6.7999999999999927        7.3147148098893274E-003
   6.8999999999999924        7.2300832762542165E-003
   6.9999999999999920        7.1269663048490611E-003
   7.0999999999999917        7.0064712521905274E-003
   7.1999999999999913        6.8704283220945477E-003
   7.2999999999999909        6.7213095379789123E-003
   7.3999999999999906        6.5621375464362955E-003
   7.4999999999999902        6.3963815828375426E-003
   7.5999999999999899        6.2278370317215273E-003
   7.6999999999999895        6.0604848930077195E-003
   7.7999999999999892        5.8983285755649859E-003
   7.8999999999999888        5.7452083151564720E-003
   7.9999999999999885        5.6045984946735553E-003
   8.0999999999999890        5.4793999611671539E-003
   8.1999999999999886        5.3717467496456495E-003
   8.2999999999999883        5.2828519418345573E-003
   8.3999999999999879        5.2129177192651787E-003
   8.4999999999999876        5.1611280284727780E-003
   8.5999999999999872        5.1257292756014070E-003
   8.6999999999999869        5.1041887561408166E-003
   8.7999999999999865        5.0934073118017158E-003
   8.8999999999999861        5.0899561448039246E-003
   8.9999999999999858        5.0903089317767391E-003
   9.0999999999999854        5.0910474137554999E-003
   9.1999999999999851        5.0890280445335546E-003
   9.2999999999999847        5.0815059462451023E-003
   9.3999999999999844        5.0662186111730201E-003
   9.4999999999999840        5.0414351563200805E-003
   9.5999999999999837        5.0059780050826655E-003
   9.6999999999999833        4.9592234468227702E-003
   9.7999999999999829        4.9010863363901586E-003
   9.8999999999999826        4.8319927451324594E-003
   9.9999999999999822        4.7528429426101412E-003
   10.099999999999982        4.6649658031705163E-003
   10.199999999999982        4.5700646442951498E-003
   10.299999999999981        4.4701536522388065E-003
   10.399999999999981        4.3674835103627895E-003
   10.499999999999980        4.2644547572811605E-003
   10.599999999999980        4.1635179764515674E-003
   10.699999999999980        4.0670613848468370E-003
   10.799999999999979        3.9772888830773142E-003
   10.899999999999979        3.8960950088811957E-003
   10.999999999999979        3.8249468964069956E-003
   11.099999999999978        3.7647861647447855E-003
   11.199999999999978        3.7159642635074472E-003
   11.299999999999978        3.6782221507255038E-003
   11.399999999999977        3.6507192700554600E-003
   11.499999999999977        3.6321089934287084E-003
   11.599999999999977        3.6206503059558275E-003
   11.699999999999976        3.6143407364168157E-003
   11.799999999999976        3.6110544805881741E-003
   11.899999999999975        3.6086719709276837E-003
   11.999999999999975        3.6051914439603236E-003
   12.099999999999975        3.5988177534299762E-003
   12.199999999999974        3.5880275972230932E-003
   12.299999999999974        3.5716129436261647E-003
   12.399999999999974        3.5487057627786767E-003
   12.499999999999973        3.5187874914412208E-003
   12.599999999999973        3.4816863459416736E-003
   12.699999999999973        3.4375649617730984E-003
   12.799999999999972        3.3869000902517453E-003
   12.899999999999972        3.3304553487696550E-003
   12.999999999999972        3.2692473757324936E-003
   13.099999999999971        3.2045052285289781E-003
   13.199999999999971        3.1376225460317884E-003
   13.299999999999971        3.0701019500855072E-003
   13.399999999999970        3.0034914937072570E-003
   13.499999999999970        2.9393137803847952E-003
   13.599999999999969        2.8789897294492048E-003
   13.699999999999969        2.8237607587395367E-003
   13.799999999999969        2.7746150828120010E-003
   13.899999999999968        2.7322253305969062E-003
   13.999999999999968        2.6969050903222361E-003
   14.099999999999968        2.6685907535359838E-003
   14.199999999999967        2.6468520831552976E-003
   14.299999999999967        2.6309308468259905E-003
   14.399999999999967        2.6198027202559413E-003
   14.499999999999966        2.6122546286447838E-003
   14.599999999999966        2.6069684832992260E-003
   14.699999999999966        2.6026029267059787E-003
   14.799999999999965        2.5978666767647917E-003
   14.899999999999965        2.5915795710640672E-003
   14.999999999999964        2.5827197584940812E-003
   15.099999999999964        2.5704572568997154E-003
   15.199999999999964        2.5541751738021460E-003
   15.299999999999963        2.5334803543329101E-003
   15.399999999999963        2.5082052453012089E-003
   15.499999999999963        2.4784025212642538E-003
   15.599999999999962        2.4443336469689206E-003
   15.699999999999962        2.4064521458303013E-003
   15.799999999999962        2.3653819703109520E-003
   15.899999999999961        2.3218910688088830E-003
   15.999999999999961        2.2768600616074933E-003
   16.099999999999962        2.2312459195413074E-003
   16.199999999999964        2.1860407422566513E-003
   16.299999999999965        2.1422262067884164E-003
   16.399999999999967        2.1007250163248277E-003
   16.499999999999968        2.0623516643990688E-003
   16.599999999999969        2.0277658687664060E-003
   16.699999999999971        1.9974328333606712E-003
   16.799999999999972        1.9715947178641281E-003
   16.899999999999974        1.9502570541310507E-003
   16.999999999999975        1.9331922918798274E-003
   17.099999999999977        1.9199604449406588E-003
   17.199999999999978        1.9099444766076793E-003
   17.299999999999979        1.9023962103484290E-003
   17.399999999999981        1.8964876178742117E-003
   17.499999999999982        1.8913624246408068E-003
   17.599999999999984        1.8861838765594568E-003
   17.699999999999985        1.8801758408820786E-003
   17.799999999999986        1.8726557810426862E-003
   17.899999999999988        1.8630592765910086E-003
   17.999999999999989        1.8509565325747436E-003
   18.099999999999991        1.8360617397823020E-003
   18.199999999999992        1.8182362819233102E-003
   18.299999999999994        1.7974867228802377E-003
   18.399999999999995        1.7739583398090268E-003
   18.499999999999996        1.7479247536835083E-003
   18.599999999999998        1.7197740005367582E-003
   18.699999999999999        1.6899912146930731E-003
   18.800000000000001        1.6591379941319042E-003
   18.900000000000002        1.6278285148367282E-003
   19.000000000000004        1.5967025876605506E-003
   19.100000000000005        1.5663961311401190E-003
   19.200000000000006        1.5375099676302275E-003
   19.300000000000008        1.5105783987254214E-003
   19.400000000000009        1.4860395823428436E-003
   19.500000000000011        1.4642101617076584E-003
   19.600000000000012        1.4452667053779886E-003
   19.700000000000014        1.4292361613437172E-003
   19.800000000000015        1.4159966746264217E-003
   19.900000000000016        1.4052888938004126E-003
   20.000000000000018        1.3967365647507509E-003
   20.100000000000019        1.3898741001107777E-003
   20.200000000000021        1.3841781693175383E-003
   20.300000000000022        1.3791002714724403E-003
   20.400000000000023        1.3740976539566335E-003
   20.500000000000025        1.3686606389652774E-003
   20.600000000000026        1.3623352020242067E-003
   20.700000000000028        1.3547403454225982E-003
   20.800000000000029        1.3455803311690862E-003
   20.900000000000031        1.3346521586579938E-003
   21.000000000000032        1.3218488198303937E-003
   21.100000000000033        1.3071588790173638E-003
   21.200000000000035        1.2906628616130092E-003
   21.300000000000036        1.2725268296963723E-003
   21.400000000000038        1.2529934118023537E-003
   21.500000000000039        1.2323704601915270E-003
   21.600000000000041        1.2110174545655209E-003
   21.700000000000042        1.1893297761613214E-003
   21.800000000000043        1.1677210551110466E-003
   21.900000000000045        1.1466039610153367E-003
   22.000000000000046        1.1263700557340103E-003
   22.100000000000048        1.1073696358696069E-003
   22.200000000000049        1.0898928014574766E-003
   22.300000000000050        1.0741532146166972E-003
   22.400000000000052        1.0602760599447236E-003
   22.500000000000053        1.0482915115488948E-003
   22.600000000000055        1.0381345317839320E-003
   22.700000000000056        1.0296511378359956E-003
   22.800000000000058        1.0226105120438910E-003
   22.900000000000059        1.0167216699343321E-003
   23.000000000000060        1.0116529798014082E-003
   23.100000000000062        1.0070527120417095E-003
   23.200000000000063        1.0025689665139113E-003
   23.300000000000065        9.9786768822982355E-004
   23.400000000000066        9.9264792432003104E-004
   23.500000000000068        9.8665389831304319E-004
   23.600000000000069        9.7968381561784395E-004
   23.700000000000070        9.7159554455578318E-004
   23.800000000000072        9.6230944231004824E-004
   23.900000000000073        9.5180863808487113E-004
   24.000000000000075        9.4013707008136645E-004
   24.100000000000076        9.2739552858903411E-004
   24.200000000000077        9.1373590058457734E-004
   24.300000000000079        8.9935376306607927E-004
   24.400000000000080        8.8447944607636831E-004
   24.500000000000082        8.6936769228490791E-004
   24.600000000000083        8.5428609160284391E-004
   24.700000000000085        8.3950256762812387E-004
   24.800000000000086        8.2527233704546028E-004
   24.900000000000087        8.1182493633597116E-004
   25.000000000000089        7.9935207945308498E-004
   25.100000000000090        7.8799722973260807E-004
   25.200000000000092        7.7784778739495406E-004
   25.300000000000093        7.6893067037337576E-004
   25.400000000000095        7.6121179169775263E-004
   25.500000000000096        7.5459954383573274E-004
   25.600000000000097        7.4895196155015556E-004
   25.700000000000099        7.4408684091432670E-004
   25.800000000000100        7.3979382373161968E-004
   25.900000000000102        7.3584735559107945E-004
   26.000000000000103        7.3201948919682832E-004
   26.100000000000104        7.2809169119149840E-004
   26.200000000000106        7.2386505707621536E-004
   26.300000000000107        7.1916859171233479E-004
   26.400000000000109        7.1386542711210658E-004
   26.500000000000110        7.0785700629981678E-004
   26.600000000000112        7.0108535917129291E-004
   26.700000000000113        6.9353364178395896E-004
   26.800000000000114        6.8522511666368492E-004
   26.900000000000116        6.7622073804494759E-004
   27.000000000000117        6.6661547921721340E-004
   27.100000000000119        6.5653351756889068E-004
   27.200000000000120        6.4612238001294652E-004
   27.300000000000122        6.3554615963071703E-004
   27.400000000000123        6.2497794641971569E-004
   27.500000000000124        6.1459167338471469E-004
   27.600000000000126        6.0455366341543334E-004
   27.700000000000127        5.9501425908717483E-004
   27.800000000000129        5.8610001066411639E-004
   27.900000000000130        5.7790695982922499E-004
   28.000000000000131        5.7049556094506369E-004
   28.100000000000133        5.6388770674837142E-004
   28.200000000000134        5.5806616576012391E-004
   28.300000000000136        5.5297651267620677E-004
   28.400000000000137        5.4853137740652899E-004
   28.500000000000139        5.4461660411225040E-004
   28.600000000000140        5.4109874214855263E-004
   28.700000000000141        5.3783321372123118E-004
   28.800000000000143        5.3467252149491456E-004
   28.900000000000144        5.3147395182352307E-004
   29.000000000000146        5.2810636758856264E-004
   29.100000000000147        5.2445583150639483E-004
   29.200000000000149        5.2042993621919287E-004
   29.300000000000150        5.1596082037308683E-004
   29.400000000000151        5.1100692177007698E-004
   29.500000000000153        5.0555355626824507E-004
   29.600000000000154        4.9961242741278287E-004
   29.700000000000156        4.9322016983507032E-004
   29.800000000000157        4.8643602076601399E-004
   29.900000000000158        4.7933870488499548E-004
   30.000000000000160        4.7202261383724221E-004
   30.100000000000161        4.6459336839249930E-004
   30.200000000000163        4.5716287181218624E-004
   30.300000000000164        4.4984399834390950E-004
   30.400000000000166        4.4274510862850867E-004
   30.500000000000167        4.3596463902812702E-004
   30.600000000000168        4.2958606205085862E-004
   30.700000000000170        4.2367354771908391E-004
   30.800000000000171        4.1826865409596642E-004
   30.900000000000173        4.1338832914188654E-004
   31.000000000000174        4.0902441254660063E-004
   31.100000000000176        4.0514469434675454E-004
   31.200000000000177        4.0169543798633490E-004
   31.300000000000178        3.9860513458151001E-004
   31.400000000000180        3.9578915048534957E-004
   31.500000000000181        3.9315487367750675E-004
   31.600000000000183        3.9060696589655766E-004
   31.700000000000184        3.8805237157670875E-004
   31.800000000000185        3.8540481080523030E-004
   31.900000000000187        3.8258856989198972E-004
   32.000000000000185        3.7954148488751903E-004
   32.100000000000186        3.7621708227962922E-004
   32.200000000000188        3.7258588942746618E-004
   32.300000000000189        3.6863595871055980E-004
   32.400000000000190        3.6437266459847620E-004
   32.500000000000192        3.5981783742412295E-004
   32.600000000000193        3.5500829760093958E-004
   32.700000000000195        3.4999385045694201E-004
   32.800000000000196        3.4483480280987074E-004
   32.900000000000198        3.3959906788587249E-004
   33.000000000000199        3.3435893817746447E-004
   33.100000000000200        3.2918762723044563E-004
   33.200000000000202        3.2415570907588423E-004
   33.300000000000203        3.1932761498825693E-004
   33.400000000000205        3.1475837461661540E-004
   33.500000000000206        3.1049080526493841E-004
   33.600000000000207        3.0655334955658695E-004
   33.700000000000209        3.0295873346711743E-004
   33.800000000000210        2.9970356100830596E-004
   33.900000000000212        2.9676888459109958E-004
   34.000000000000213        2.9412170209867846E-004
   34.100000000000215        2.9171724722801463E-004
   34.200000000000216        2.8950187432365217E-004
   34.300000000000217        2.8741630042248141E-004
   34.400000000000219        2.8539896151104870E-004
   34.500000000000220        2.8338926091302664E-004
   34.600000000000222        2.8133052889587251E-004
   34.700000000000223        2.7917256244542563E-004
   34.800000000000225        2.7687366434744236E-004
   34.900000000000226        2.7440214424662097E-004
   35.000000000000227        2.7173727773866202E-004
   35.100000000000229        2.6886974254113533E-004
   35.200000000000230        2.6580156409497204E-004
   35.300000000000232        2.6254560969948815E-004
   35.400000000000233        2.5912467239683700E-004
   35.500000000000234        2.5557018682007855E-004
   35.600000000000236        2.5192062116635911E-004
   35.700000000000237        2.4821959364806212E-004
   35.800000000000239        2.4451377055978473E-004
   35.900000000000240        2.4085061602532591E-004
   36.000000000000242        2.3727607936810285E-004
   36.100000000000243        2.3383232359947781E-004
   36.200000000000244        2.3055561336305272E-004
   36.300000000000246        2.2747448910736911E-004
   36.400000000000247        2.2460835052139205E-004
   36.500000000000249        2.2196655489070433E-004
   36.600000000000250        2.1954810249149854E-004
   36.700000000000252        2.1734193551201710E-004
   36.800000000000253        2.1532782474977422E-004
   36.900000000000254        2.1347776738922750E-004
   37.000000000000256        2.1175777853608063E-004
   37.100000000000257        2.1012993339617096E-004
   37.200000000000259        2.0855450996556699E-004
   37.300000000000260        2.0699209143236561E-004
   37.400000000000261        2.0540550933075929E-004
   37.500000000000263        2.0376153724631610E-004
   37.600000000000264        2.0203227503007011E-004
   37.700000000000266        2.0019619143232307E-004
   37.800000000000267        1.9823881460587331E-004
   37.900000000000269        1.9615307714276680E-004
   38.000000000000270        1.9393933221818763E-004
   38.100000000000271        1.9160506437540818E-004
   38.200000000000273        1.8916432121528811E-004
   38.300000000000274        1.8663689499956283E-004
   38.400000000000276        1.8404728487504492E-004
   38.500000000000277        1.8142347440952271E-004
   38.600000000000279        1.7879556478948451E-004
   38.700000000000280        1.7619431111134967E-004
   38.800000000000281        1.7364961978805151E-004
   38.900000000000283        1.7118907386745670E-004
   39.000000000000284        1.6883656160895190E-004
   39.100000000000286        1.6661108761911340E-004
   39.200000000000287        1.6452584285752848E-004
   39.300000000000288        1.6258759870388441E-004
   39.400000000000290        1.6079647021875250E-004
   39.500000000000291        1.5914606645575142E-004
   39.600000000000293        1.5762401424526917E-004
   39.700000000000294        1.5621281151923460E-004
   39.800000000000296        1.5489094038207955E-004
   39.900000000000297        1.5363415347286255E-004
   40.000000000000298        1.5241684103152600E-004
   40.100000000000300        1.5121338926709621E-004
   40.200000000000301        1.4999945259427011E-004
   40.300000000000303        1.4875307854907307E-004
   40.400000000000304        1.4745564209643595E-004
   40.500000000000306        1.4609256392705217E-004
   40.600000000000307        1.4465380095365945E-004
   40.700000000000308        1.4313410994178669E-004
   40.800000000000310        1.4153309174248855E-004
   40.900000000000311        1.3985503035438552E-004
   41.000000000000313        1.3810854282670306E-004
   41.100000000000314        1.3630606015203883E-004
   41.200000000000315        1.3446315956226420E-004
   41.300000000000317        1.3259777312545231E-004
   41.400000000000318        1.3072930005051398E-004
   41.500000000000320        1.2887765550966825E-004
   41.600000000000321        1.2706229411510144E-004
   41.700000000000323        1.2530125180916502E-004
   41.800000000000324        1.2361025416170922E-004
   41.900000000000325        1.2200194092620688E-004
   42.000000000000327        1.2048525457148622E-004
   42.100000000000328        1.1906503322946791E-004
   42.200000000000330        1.1774183647571264E-004
   42.300000000000331        1.1651201583954921E-004
   42.400000000000333        1.1536802325550963E-004
   42.500000000000334        1.1429893167874081E-004
   42.600000000000335        1.1329112685190723E-004
   42.700000000000337        1.1232911744287261E-004
   42.800000000000338        1.1139640651384234E-004
   42.900000000000340        1.1047636767629252E-004
   43.000000000000341        1.0955307613403988E-004
   43.100000000000342        1.0861205279705575E-004
   43.200000000000344        1.0764089186109262E-004
   43.300000000000345        1.0662975203577804E-004
   43.400000000000347        1.0557170130380639E-004
   43.500000000000348        1.0446291308862122E-004
   43.600000000000350        1.0330271734129092E-004
   43.700000000000351        1.0209351374200660E-004
   43.800000000000352        1.0084055843580956E-004
   43.900000000000354        9.9551635709714805E-005
   44.000000000000355        9.8236630427205081E-005
   44.100000000000357        9.6907016663815102E-005
   44.200000000000358        9.5575282382176377E-005
   44.300000000000360        9.4254311959675888E-005
   44.400000000000361        9.2956751705153238E-005
   44.500000000000362        9.1694387188593029E-005
   44.600000000000364        9.0477562885865219E-005
   44.700000000000365        8.9314675771700892E-005
   44.800000000000367        8.8211772716313054E-005
   44.900000000000368        8.7172277089616509E-005
   45.000000000000369        8.6196862449744717E-005
   45.100000000000371        8.5283481304672011E-005
   45.200000000000372        8.4427545595750988E-005
   45.300000000000374        8.3622244056740780E-005
   45.400000000000375        8.2858971735008769E-005
   45.500000000000377        8.2127840054483015E-005
   45.600000000000378        8.1418231732688836E-005
   45.700000000000379        8.0719365245752355E-005
   45.800000000000381        8.0020836074977096E-005
   45.900000000000382        7.9313107804445009E-005
   46.000000000000384        7.8587931630644806E-005
   46.100000000000385        7.7838680511131735E-005
   46.200000000000387        7.7060589344375260E-005
   46.300000000000388        7.6250898521403965E-005
   46.400000000000389        7.5408901509365091E-005
   46.500000000000391        7.4535901068239300E-005
   46.600000000000392        7.3635080045495713E-005
   46.700000000000394        7.2711295535058898E-005
   46.800000000000395        7.1770805618531628E-005
   46.900000000000396        7.0820940142376604E-005
   47.000000000000398        6.9869728460492209E-005
   47.100000000000399        6.8925498982245546E-005
   47.200000000000401        6.7996467125825411E-005
   47.300000000000402        6.7090330391965803E-005
   47.400000000000404        6.6213890272975577E-005
   47.500000000000405        6.5372721003961352E-005
   47.600000000000406        6.4570904031699205E-005
   47.700000000000408        6.3810844197604549E-005
   47.800000000000409        6.3093179051924858E-005
   47.900000000000411        6.2416786605705438E-005
   48.000000000000412        6.1778890033038783E-005
   48.100000000000414        6.1175250609149450E-005
   48.200000000000415        6.0600434385286431E-005
   48.300000000000416        6.0048133065599296E-005
   48.400000000000418        5.9511517263558660E-005
   48.500000000000419        5.8983599627932554E-005
   48.600000000000421        5.8457587159104899E-005
   48.700000000000422        5.7927204192863345E-005
   48.800000000000423        5.7386972296412513E-005
   48.900000000000425        5.6832436522754007E-005
   49.000000000000426        5.6260331671727877E-005
   49.100000000000428        5.5668685848432093E-005
   49.200000000000429        5.5056861040509450E-005
   49.300000000000431        5.4425532877754653E-005
   49.400000000000432        5.3776613630105179E-005
   49.500000000000433        5.3113123504395775E-005
   49.600000000000435        5.2439016687313834E-005
   49.700000000000436        5.1758969782447517E-005
   49.800000000000438        5.1078141291925738E-005
   49.900000000000439        5.0401911964106344E-005
   50.000000000000441        4.9735617173423164E-005
   50.100000000000442        4.9084283320345720E-005
   50.200000000000443        4.8452381219040239E-005
   50.300000000000445        4.7843608984928724E-005
   50.400000000000446        4.7260716634841108E-005
   50.500000000000448        4.6705382415375036E-005
   50.600000000000449        4.6178148261287657E-005
   50.700000000000450        4.5678417879181723E-005
   50.800000000000452        4.5204516911891799E-005
   50.900000000000453        4.4753810168341028E-005
   51.000000000000455        4.4322867142436049E-005
   51.100000000000456        4.3907664007661225E-005
   51.200000000000458        4.3503808475498591E-005
   51.300000000000459        4.3106773447243504E-005
   51.400000000000460        4.2712125988535123E-005
   51.500000000000462        4.2315739581669762E-005
   51.600000000000463        4.1913980211386753E-005
   51.700000000000465        4.1503859054223155E-005
   51.800000000000466        4.1083146900992679E-005
   51.900000000000468        4.0650447833634805E-005
   52.000000000000469        4.0205231812949985E-005
   52.100000000000470        3.9747827029909363E-005
   52.200000000000472        3.9279374264664210E-005
   52.300000000000473        3.8801746818389292E-005
   52.400000000000475        3.8317440018317456E-005
   52.500000000000476        3.7829435255180008E-005
   52.600000000000477        3.7341044800285701E-005
   52.700000000000479        3.6855743484330550E-005
   52.800000000000480        3.6376994723829048E-005
   52.900000000000482        3.5908078981451630E-005
   53.000000000000483        3.5451932671928001E-005
   53.100000000000485        3.5011005871385376E-005
   53.200000000000486        3.4587146369019619E-005
   53.300000000000487        3.4181516656693804E-005
   53.400000000000489        3.3794548459565452E-005
   53.500000000000490        3.3425937261385148E-005
   53.600000000000492        3.3074676576707212E-005
   53.700000000000493        3.2739129204096145E-005
   53.800000000000495        3.2417130006960680E-005
   53.900000000000496        3.2106113128360419E-005
   54.000000000000497        3.1803255157814467E-005
   54.100000000000499        3.1505625326835537E-005
   54.200000000000500        3.1210334079545706E-005
   54.300000000000502        3.0914672237004895E-005
   54.400000000000503        3.0616234405634070E-005
   54.500000000000504        3.0313021296003155E-005
   54.600000000000506        3.0003518010963579E-005
   54.700000000000507        2.9686745825685814E-005
   54.800000000000509        2.9362287263568135E-005
   54.900000000000510        2.9030284502706297E-005
   55.000000000000512        2.8691412742836159E-005
   55.100000000000513        2.8346830377394838E-005
   55.200000000000514        2.7998109073993000E-005
   55.300000000000516        2.7647146657129828E-005
   55.400000000000517        2.7296066954287676E-005
   55.500000000000519        2.6947110880234036E-005
   55.600000000000520        2.6602523609092073E-005
   55.700000000000522        2.6264442898181056E-005
   55.800000000000523        2.5934794080335893E-005
   55.900000000000524        2.5615196791960760E-005
   56.000000000000526        2.5306888540557843E-005
   56.100000000000527        2.5010669093609619E-005
   56.200000000000529        2.4726868785808872E-005
   56.300000000000530        2.4455342318361353E-005
   56.400000000000531        2.4195488053374385E-005
   56.500000000000533        2.3946291185378527E-005
   56.600000000000534        2.3706387442509421E-005
   56.700000000000536        2.3474143152563794E-005
   56.800000000000537        2.3247746176920866E-005
   56.900000000000539        2.3025302262779727E-005
   57.000000000000540        2.2804931198531848E-005
   57.100000000000541        2.2584857790474260E-005
   57.200000000000543        2.2363493249496442E-005
   57.300000000000544        2.2139503629509047E-005
   57.400000000000546        2.1911862880421125E-005
   57.500000000000547        2.1679889056093356E-005
   57.600000000000549        2.1443262961042103E-005
   57.700000000000550        2.1202029467230791E-005
   57.800000000000551        2.0956582170043009E-005
   57.900000000000553        2.0707632845474050E-005
   58.000000000000554        2.0456167171997428E-005
   58.100000000000556        2.0203389295452218E-005
   58.200000000000557        1.9950657428100393E-005
   58.300000000000558        1.9699413563309340E-005
   58.400000000000560        1.9451110385678311E-005
   58.500000000000561        1.9207138818224671E-005
   58.600000000000563        1.8968759474824781E-005
   58.700000000000564        1.8737041726400486E-005
   58.800000000000566        1.8512813151978564E-005
   58.900000000000567        1.8296622344555585E-005
   59.000000000000568        1.8088716825031662E-005
   59.100000000000570        1.7889037232166475E-005
   59.200000000000571        1.7697227840312453E-005
   59.300000000000573        1.7512662442118386E-005
   59.400000000000574        1.7334483770421794E-005
   59.500000000000576        1.7161653559247229E-005
   59.600000000000577        1.6993010271289361E-005
   59.700000000000578        1.6827330753291573E-005
   59.800000000000580        1.6663392395141946E-005
   59.900000000000581        1.6500032400673996E-005
   60.000000000000583        1.6336201455200568E-005
   60.100000000000584        1.6171009430196060E-005
   60.200000000000585        1.6003761243540137E-005
   60.300000000000587        1.5833982137908950E-005
   60.400000000000588        1.5661431409310928E-005
   60.500000000000590        1.5486104993971742E-005
   60.600000000000591        1.5308226811805963E-005
   60.700000000000593        1.5128230373635609E-005
   60.800000000000594        1.4946730886370212E-005
   60.900000000000595        1.4764490098639341E-005
   61.000000000000597        1.4582375102575789E-005
   61.100000000000598        1.4401312854995543E-005
   61.200000000000600        1.4222243025452195E-005
   61.300000000000601        1.4046070804055775E-005
   61.400000000000603        1.3873622164543638E-005
   61.500000000000604        1.3705603804299269E-005
   61.600000000000605        1.3542569732630407E-005
   61.700000000000607        1.3384896159435670E-005
   61.800000000000608        1.3232766091390632E-005
   61.900000000000610        1.3086164291832498E-005
   62.000000000000611        1.2944882744630175E-005
   62.100000000000612        1.2808536068978919E-005
   62.200000000000614        1.2676585728149658E-005
   62.300000000000615        1.2548371509490412E-005
   62.400000000000617        1.2423148082720227E-005
   62.500000000000618        1.2300124534981651E-005
   62.600000000000620        1.2178504544776585E-005
   62.700000000000621        1.2057525219423349E-005
   62.800000000000622        1.1936492424632107E-005
   62.900000000000624        1.1814811343743381E-005
   63.000000000000625        1.1692010826595348E-005
   63.100000000000627        1.1567760947927943E-005
   63.200000000000628        1.1441883014918769E-005
   63.300000000000630        1.1314352356222640E-005
   63.400000000000631        1.1185293844125676E-005
   63.500000000000632        1.1054970452835641E-005
   63.600000000000634        1.0923766083302183E-005
   63.700000000000635        1.0792163044395784E-005
   63.800000000000637        1.0660715584139720E-005
   63.900000000000638        1.0530020624521734E-005
   64.000000000000639        1.0400686945522544E-005
   64.100000000000634        1.0273304546134474E-005
   64.200000000000628        1.0148415217137372E-005
   64.300000000000622        1.0026486235463629E-005
   64.400000000000617        9.9078880871993341E-006
   64.500000000000611        9.7928776124267110E-006
   64.600000000000605        9.6815872888705799E-006
   64.700000000000600        9.5740211781437844E-006
   64.800000000000594        9.4700576789671737E-006
   64.900000000000588        9.3694587533119966E-006
   65.000000000000583        9.2718849218573489E-006
   65.100000000000577        9.1769150863541987E-006
   65.200000000000571        9.0840698293828662E-006
   65.300000000000566        8.9928368764706200E-006
   65.400000000000560        8.9026971118281887E-006
   65.500000000000554        8.8131500022381495E-006
   65.600000000000549        8.7237369622157614E-006
   65.700000000000543        8.6340616297526325E-006
   65.800000000000537        8.5438063501793065E-006
   65.900000000000531        8.4527441898635921E-006
   66.000000000000526        8.3607461495566640E-006
   66.100000000000520        8.2677836082067215E-006
   66.200000000000514        8.1739257762800241E-006
   66.300000000000509        8.0793329451246954E-006
   66.400000000000503        7.9842454481911790E-006
   66.500000000000497        7.8889694170000971E-006
   66.600000000000492        7.7938596641563939E-006
   66.700000000000486        7.6993006536301305E-006
   66.800000000000480        7.6056866186526883E-006
   66.900000000000475        7.5134014232227668E-006
   67.000000000000469        7.4227994644697916E-006
   67.100000000000463        7.3341882675372797E-006
   67.200000000000458        7.2478138814632323E-006
   67.300000000000452        7.1638496039820453E-006
   67.400000000000446        7.0823887036056543E-006
   67.500000000000441        7.0034414175091341E-006
   67.600000000000435        6.9269363306368646E-006
   67.700000000000429        6.8527259629840985E-006
   67.800000000000423        6.7805960875209378E-006
   67.900000000000418        6.7102783119261862E-006
   68.000000000000412        6.6414648360018167E-006
   68.100000000000406        6.5738248911417588E-006
   68.200000000000401        6.5070214834391711E-006
   68.300000000000395        6.4407279591909588E-006
   68.400000000000389        6.3746432061797109E-006
   68.500000000000384        6.3085051880845479E-006
   68.600000000000378        6.2421017553887623E-006
   68.700000000000372        6.1752788666149774E-006
   68.800000000000367        6.1079455604998482E-006
   68.900000000000361        6.0400758390849787E-006
   69.000000000000355        5.9717073026105341E-006
   69.100000000000350        5.9029370715732916E-006
   69.200000000000344        5.8339149240524217E-006
   69.300000000000338        5.7648340421202294E-006
   69.400000000000333        5.6959201703355573E-006
   69.500000000000327        5.6274194535115764E-006
   69.600000000000321        5.5595854667460731E-006
   69.700000000000315        5.4926663099449868E-006
   69.800000000000310        5.4268921391686816E-006
   69.900000000000304        5.3624639468771926E-006
   70.000000000000298        5.2995439636832568E-006
   70.100000000000293        5.2382482333791549E-006
   70.200000000000287        5.1786417112971231E-006
   70.300000000000281        5.1207360939062011E-006
   70.400000000000276        5.0644904434025335E-006
   70.500000000000270        5.0098144665545512E-006
   70.600000000000264        4.9565743236753811E-006
   70.700000000000259        4.9046003651890306E-006
   70.800000000000253        4.8536964959030552E-006
   70.900000000000247        4.8036505747121352E-006
   71.000000000000242        4.7542451442395803E-006
   71.100000000000236        4.7052680871495924E-006
   71.200000000000230        4.6565224668862152E-006
   71.300000000000225        4.6078353871440006E-006
   71.400000000000219        4.5590652163190698E-006
   71.500000000000213        4.5101069721180032E-006
   71.600000000000207        4.4608960250609459E-006
   71.700000000000202        4.4114093145262746E-006
   71.800000000000196        4.3616649675195715E-006
   71.900000000000190        4.3117198478059106E-006
   72.000000000000185        4.2616652498219826E-006
   72.100000000000179        4.2116212820914867E-006
   72.200000000000173        4.1617299691334925E-006
   72.300000000000168        4.1121475505666768E-006
   72.400000000000162        4.0630361470566731E-006
   72.500000000000156        4.0145555046211505E-006
   72.600000000000151        3.9668549651759119E-006
   72.700000000000145        3.9200661125043292E-006
   72.800000000000139        3.8742964476544844E-006
   72.900000000000134        3.8296244887083656E-006
   73.000000000000128        3.7860963275562465E-006
   73.100000000000122        3.7437240123164631E-006
   73.200000000000117        3.7024856257545098E-006
   73.300000000000111        3.6623271612810441E-006
   73.400000000000105        3.6231659436845031E-006
   73.500000000000099        3.5848953510536133E-006
   73.600000000000094        3.5473907261296584E-006
   73.700000000000088        3.5105158762609400E-006
   73.800000000000082        3.4741298958247293E-006
   73.900000000000077        3.4380941876986785E-006
   74.000000000000071        3.4022787596622829E-006
   74.100000000000065        3.3665681568250192E-006
   74.200000000000060        3.3308662946073913E-006
   74.300000000000054        3.2951002692967957E-006
   74.400000000000048        3.2592228583520178E-006
   74.500000000000043        3.2232137390168596E-006
   74.600000000000037        3.1870794096551767E-006
   74.700000000000031        3.1508518301476401E-006
   74.800000000000026        3.1145859357602372E-006
   74.900000000000020        3.0783560640117254E-006
   75.000000000000014        3.0422517082693554E-006
   75.100000000000009        3.0063724825903799E-006
   75.200000000000003        2.9708228530843672E-006
   75.299999999999997        2.9357066899957954E-006
   75.399999999999991        2.9011220137089672E-006
   75.499999999999986        2.8671560818319059E-006
   75.599999999999980        2.8338811762663304E-006
   75.699999999999974        2.8013511762546925E-006
   75.799999999999969        2.7695991554919696E-006
   75.899999999999963        2.7386360977559150E-006
   75.999999999999957        2.7084507474083069E-006
   76.099999999999952        2.6790105995079247E-006
   76.199999999999946        2.6502639529675648E-006
   76.299999999999940        2.6221428957324897E-006
   76.399999999999935        2.5945669613487027E-006
   76.499999999999929        2.5674473931117199E-006
   76.599999999999923        2.5406916157412350E-006
   76.699999999999918        2.5142077367044490E-006
   76.799999999999912        2.4879089371289651E-006
   76.899999999999906        2.4617172762911626E-006
   76.999999999999901        2.4355672179555112E-006
   77.099999999999895        2.4094081247895448E-006
   77.199999999999889        2.3832060572498054E-006
   77.299999999999883        2.3569448478056198E-006
   77.399999999999878        2.3306261208404749E-006
   77.499999999999872        2.3042684734493400E-006
   77.599999999999866        2.2779059433312224E-006
   77.699999999999861        2.2515857993545210E-006
   77.799999999999855        2.2253656868700601E-006
   77.899999999999849        2.1993103429356693E-006
   77.999999999999844        2.1734881114851718E-006
   78.099999999999838        2.1479673605569828E-006
   78.199999999999832        2.1228128741434981E-006
   78.299999999999827        2.0980826669356871E-006
   78.399999999999821        2.0738250662973111E-006
   78.499999999999815        2.0500763938044161E-006
   78.599999999999810        2.0268593599124795E-006
   78.699999999999804        2.0041821058987274E-006
   78.799999999999798        1.9820380858554239E-006
   78.899999999999793        1.9604066536322328E-006
   78.999999999999787        1.9392544209689719E-006
   79.099999999999781        1.9185371468104384E-006
   79.199999999999775        1.8982021818274632E-006
   79.299999999999770        1.8781912831126023E-006
   79.399999999999764        1.8584435511169858E-006
   79.499999999999758        1.8388983722696071E-006
   79.599999999999753        1.8194984768967482E-006
   79.699999999999747        1.8001922966982746E-006
   79.799999999999741        1.7809364225563560E-006
   79.899999999999736        1.7616971610600421E-006
   79.999999999999730        1.7424519260470090E-006
   80.099999999999724        1.7231897032869158E-006
   80.199999999999719        1.7039111920331523E-006
   80.299999999999713        1.6846282618013129E-006
   80.399999999999707        1.6653629028925973E-006
   80.499999999999702        1.6461457514427230E-006
   80.599999999999696        1.6270141642661650E-006
   80.699999999999690        1.6080101566140355E-006
   80.799999999999685        1.5891780144553296E-006
   80.899999999999679        1.5705619824617477E-006
   80.999999999999673        1.5522039550764174E-006
   81.099999999999667        1.5341413394549787E-006
   81.199999999999662        1.5164052554781830E-006
   81.299999999999656        1.4990190302380217E-006
   81.399999999999650        1.4819971863233958E-006
   81.499999999999645        1.4653448630715004E-006
   81.599999999999639        1.4490577822864185E-006
   81.699999999999633        1.4331226327604855E-006
   81.799999999999628        1.4175179738921201E-006
   81.899999999999622        1.4022154668784397E-006
   81.999999999999616        1.3871814678549201E-006
   82.099999999999611        1.3723787851394146E-006
   82.199999999999605        1.3577685771284388E-006
   82.299999999999599        1.3433122305443121E-006
   82.399999999999594        1.3289732213777840E-006
   82.499999999999588        1.3147187155256207E-006
   82.599999999999582        1.3005209759738203E-006
   82.699999999999577        1.2863584700979532E-006
   82.799999999999571        1.2722165518024052E-006
   82.899999999999565        1.2580879620550347E-006
   82.999999999999559        1.2439727253928669E-006
   83.099999999999554        1.2298778651564975E-006
   83.199999999999548        1.2158167940018374E-006
   83.299999999999542        1.2018082740604369E-006
   83.399999999999537        1.1878753204244013E-006
   83.499999999999531        1.1740439239260443E-006
   83.599999999999525        1.1603414919881404E-006
   83.699999999999520        1.1467955170294169E-006
   83.799999999999514        1.1334320620183237E-006
   83.899999999999508        1.1202745596485696E-006
   83.999999999999503        1.1073426012385836E-006
   84.099999999999497        1.0946510781836540E-006
   84.199999999999491        1.0822095010203701E-006
   84.299999999999486        1.0700216432183083E-006
   84.399999999999480        1.0580854770431907E-006
   84.499999999999474        1.0463934053608805E-006
   84.599999999999469        1.0349327306690480E-006
   84.699999999999463        1.0236863897764852E-006
   84.799999999999457        1.0126339013295035E-006
   84.899999999999451        1.0017523707464926E-006
   84.999999999999446        9.9101762521459284E-007
   85.099999999999440        9.8040544809121849E-007
   85.199999999999434        9.6989253833002929E-007
   85.299999999999429        9.5945767779061715E-007
   85.399999999999423        9.4908250511087715E-007
   85.499999999999417        9.3875235153321610E-007
   85.599999999999412        9.2845657734255486E-007
   85.699999999999406        9.1818904167795904E-007
   85.799999999999400        9.0794816707510170E-007
   85.899999999999395        8.9773667980808538E-007
   85.999999999999389        8.8756141616204999E-007
   86.099999999999383        8.7743279256971786E-007
   86.199999999999378        8.6736406087424474E-007
   86.299999999999372        8.5737070800451011E-007
   86.399999999999366        8.4746940100575697E-007
   86.499999999999361        8.3767723084712710E-007
   86.599999999999355        8.2801080814768716E-007
   86.699999999999349        8.1848539169139819E-007
   86.799999999999343        8.0911415109355626E-007
   86.899999999999338        7.9990752977654006E-007
   86.999999999999332        7.9087274579159458E-007
   87.099999999999326        7.8201347772168209E-007
   87.199999999999321        7.7332969917584089E-007
   87.299999999999315        7.6481775719998988E-007
   87.399999999999309        7.5647054414473290E-007
   87.499999999999304        7.4827789080406863E-007
   87.599999999999298        7.4022711458983374E-007
   87.699999999999292        7.3230358744929958E-007
   87.799999999999287        7.2449153004555956E-007
   87.899999999999281        7.1677461095267116E-007
   87.999999999999275        7.0913686075861234E-007
   88.099999999999270        7.0156328234423555E-007
   88.199999999999264        6.9404049232592692E-007
   88.299999999999258        6.8655730027256189E-007
   88.399999999999253        6.7910517803802217E-007
   88.499999999999247        6.7167845064559838E-007
   88.599999999999241        6.6427452901851262E-007
   88.699999999999235        6.5689388339689873E-007
   88.799999999999230        6.4953990004515754E-007
   88.899999999999224        6.4221859608581373E-007
   88.999999999999218        6.3493824483414934E-007
   89.099999999999213        6.2770882442783070E-007
   89.199999999999207        6.2054149593502325E-007
   89.299999999999201        6.1344794891983426E-007
   89.399999999999196        6.0643978383377045E-007
   89.499999999999190        5.9952789804263257E-007
   89.599999999999184        5.9272184907954001E-007
   89.699999999999179        5.8602945445081549E-007
   89.799999999999173        5.7945628966529013E-007
   89.899999999999167        5.7300547125178595E-007
   89.999999999999162        5.6667747696888218E-007
   90.099999999999156        5.6047013516491282E-007
   90.199999999999150        5.5437873211460851E-007
   90.299999999999145        5.4839629567083550E-007
   90.399999999999139        5.4251392259309024E-007
   90.499999999999133        5.3672123916069639E-007
   90.599999999999127        5.3100695739629348E-007
   90.699999999999122        5.2535937077735335E-007
   90.799999999999116        5.1976695731963230E-007
   90.899999999999110        5.1421892123723266E-007
   90.999999999999105        5.0870563338724451E-007
   91.099999999999099        5.0321909850040381E-007
   91.199999999999093        4.9775332936754001E-007
   91.299999999999088        4.9230435871521933E-007
   91.399999999999082        4.8687063670400407E-007
   91.499999999999076        4.8145275356491941E-007
   91.599999999999071        4.7605342017049185E-007
   91.699999999999065        4.7067734820518012E-007
   91.799999999999059        4.6533069284678325E-007
   91.899999999999054        4.6002087096580739E-007
   91.999999999999048        4.5475598970059698E-007
   92.099999999999042        4.4954444490122481E-007
   92.199999999999037        4.4439439050901975E-007
   92.299999999999031        4.3931336258606257E-007
   92.399999999999025        4.3430779985669117E-007
   92.499999999999019        4.2938273335845996E-007
   92.599999999999014        4.2454155975780888E-007
   92.699999999999008        4.1978584091721966E-007
   92.799999999999002        4.1511525239160637E-007
   92.899999999998997        4.1052765508843276E-007
   92.999999999998991        4.0601920915723364E-007
   93.099999999998985        4.0158460447668129E-007
   93.199999999998980        3.9721741061182803E-007
   93.299999999998974        3.9291034577307694E-007
   93.399999999998968        3.8865572018985939E-007
   93.499999999998963        3.8444581795222194E-007
   93.599999999998957        3.8027327031178087E-007
   93.699999999998951        3.7613143373485887E-007
   93.799999999998946        3.7201458330839459E-007
   93.899999999998940        3.6791830693005067E-007
   93.999999999998934        3.6383953137374953E-007
   94.099999999998929        3.5977667440000682E-007
   94.199999999998923        3.5572961382704667E-007
   94.299999999998917        3.5169962520626604E-007
   94.399999999998911        3.4768924024442688E-007
   94.499999999998906        3.4370204266634397E-007
   94.599999999998900        3.3974244375872496E-007
   94.699999999998894        3.3581535420897582E-007
   94.799999999998889        3.3192593147502152E-007
   94.899999999998883        3.2807927783299394E-007
   94.999999999998877        3.2428015115696220E-007
   95.099999999998872        3.2053272176139267E-007
   95.199999999998866        3.1684039290079081E-007
   95.299999999998860        3.1320559461060661E-007
   95.399999999998855        3.0962975408039307E-007
   95.499999999998849        3.0611319340763976E-007
   95.599999999998843        3.0265519538467490E-007
   95.699999999998838        2.9925404150380284E-007
   95.799999999998832        2.9590717433112622E-007
   95.899999999998826        2.9261133459090368E-007
   95.999999999998820        2.8936274019363314E-007
   96.099999999998815        2.8615731855532849E-007
   96.199999999998809        2.8299086651480919E-007
   96.299999999998803        2.7985931445870166E-007
   96.399999999998798        2.7675884060422484E-007
   96.499999999998792        2.7368607792003461E-007
   96.599999999998786        2.7063819347888834E-007
   96.699999999998781        2.6761304620557059E-007
   96.799999999998775        2.6460912884664950E-007
   96.899999999998769        2.6162570639323307E-007
   96.999999999998764        2.5866272289619642E-007
   97.099999999998758        2.5572075564508669E-007
   97.199999999998752        2.5280095168522313E-007
   97.299999999998747        2.4990491640615111E-007
   97.399999999998741        2.4703462795380358E-007
   97.499999999998735        2.4419226476345634E-007
   97.599999999998730        2.4138015893152565E-007
   97.699999999998724        2.3860060747355676E-007
   97.799999999998718        2.3585579089881625E-007
   97.899999999998712        2.3314767140491482E-007
   97.999999999998707        2.3047792700632327E-007
   98.099999999998701        2.2784785013981748E-007
   98.199999999998695        2.2525832509741655E-007
   98.299999999998690        2.2270980947562561E-007
   98.399999999998684        2.2020229332926768E-007
   98.499999999998678        2.1773533752193404E-007
   98.599999999998673        2.1530807641879196E-007
   98.699999999998667        2.1291928107808774E-007
   98.799999999998661        2.1056736278356778E-007
   98.899999999998656        2.0825051449371050E-007
   98.999999999998650        2.0596669130984822E-007
   99.099999999998644        2.0371369773077059E-007
   99.199999999998639        2.0148934185265312E-007
   99.299999999998633        1.9929140760298034E-007
   99.399999999998627        1.9711775058813145E-007
   99.499999999998622        1.9496646338177486E-007
   99.599999999998616        1.9283575841837169E-007
   99.699999999998610        1.9072421511734458E-007
   99.799999999998604        1.8863069844697207E-007
   99.899999999998599        1.8655441341177343E-007
   99.999999999998593        1.8449495745472555E-007
