   0.0000000000000000       0.26425701453726186     
   1.0000000000000000E-002  0.26425497459500713     
   2.0000000000000000E-002  0.26424887025793292     
   2.9999999999999999E-002  0.26423872508068352     
   4.0000000000000001E-002  0.26422456303787761     
   5.0000000000000003E-002  0.26420640851565746     
   6.0000000000000005E-002  0.26418428630307739     
   7.0000000000000007E-002  0.26415822158344787     
   8.0000000000000002E-002  0.26412823992569978     
   8.9999999999999997E-002  0.26409436727556362     
   9.9999999999999992E-002  0.26405662994687723     
  0.10999999999999999       0.26401505461267216     
  0.11999999999999998       0.26396966829635105     
  0.12999999999999998       0.26392049836273107     
  0.13999999999999999       0.26386757250919479     
  0.14999999999999999       0.26381091875664542     
  0.16000000000000000       0.26375056544055625     
  0.17000000000000001       0.26368654120191759     
  0.18000000000000002       0.26361887497825642     
  0.19000000000000003       0.26354759599455863     
  0.20000000000000004       0.26347273375423869     
  0.21000000000000005       0.26339431803004215     
  0.22000000000000006       0.26331237885500713     
  0.23000000000000007       0.26322694651338580     
  0.24000000000000007       0.26313805153157771     
  0.25000000000000006       0.26304572466906939     
  0.26000000000000006       0.26294999690939086     
  0.27000000000000007       0.26285089945106488     
  0.28000000000000008       0.26274846369857224     
  0.29000000000000009       0.26264272125338517     
  0.30000000000000010       0.26253370390497244     
  0.31000000000000011       0.26242144362180514     
  0.32000000000000012       0.26230597254243920     
  0.33000000000000013       0.26218732296667041     
  0.34000000000000014       0.26206552734659422     
  0.35000000000000014       0.26194061827782733     
  0.36000000000000015       0.26181262849067743     
  0.37000000000000016       0.26168159084144349     
  0.38000000000000017       0.26154753830366001     
  0.39000000000000018       0.26141050395951437     
  0.40000000000000019       0.26127052099113879     
  0.41000000000000020       0.26112762267217188     
  0.42000000000000021       0.26098184235919814     
  0.43000000000000022       0.26083321348330274     
  0.44000000000000022       0.26068176954176669     
  0.45000000000000023       0.26052754408969531     
  0.46000000000000024       0.26037057073174624     
  0.47000000000000025       0.26021088311405466     
  0.48000000000000026       0.26004851491601599     
  0.49000000000000027       0.25988349984232767     
  0.50000000000000022       0.25971587161499332     
  0.51000000000000023       0.25954566396544598     
  0.52000000000000024       0.25937291062672524     
  0.53000000000000025       0.25919764532579537     
  0.54000000000000026       0.25901990177590045     
  0.55000000000000027       0.25883971366895298     
  0.56000000000000028       0.25865711466813912     
  0.57000000000000028       0.25847213840047761     
  0.58000000000000029       0.25828481844959389     
  0.59000000000000030       0.25809518834846978     
  0.60000000000000031       0.25790328157233672     
  0.61000000000000032       0.25770913153173036     
  0.62000000000000033       0.25751277156551805     
  0.63000000000000034       0.25731423493409394     
  0.64000000000000035       0.25711355481271625     
  0.65000000000000036       0.25691076428480919     
  0.66000000000000036       0.25670589633554952     
  0.67000000000000037       0.25649898384539382     
  0.68000000000000038       0.25629005958377160     
  0.69000000000000039       0.25607915620295862     
  0.70000000000000040       0.25586630623192713     
  0.71000000000000041       0.25565154207037238     
  0.72000000000000042       0.25543489598287827     
  0.73000000000000043       0.25521640009311708     
  0.74000000000000044       0.25499608637820914     
  0.75000000000000044       0.25477398666321860     
  0.76000000000000045       0.25455013261567944     
  0.77000000000000046       0.25432455574030383     
  0.78000000000000047       0.25409728737379184     
  0.79000000000000048       0.25386835867973973     
  0.80000000000000049       0.25363780064365848     
  0.81000000000000050       0.25340564406815153     
  0.82000000000000051       0.25317191956814500     
  0.83000000000000052       0.25293665756627037     
  0.84000000000000052       0.25269988828838957     
  0.85000000000000053       0.25246164175916058     
  0.86000000000000054       0.25222194779781187     
  0.87000000000000055       0.25198083601394894     
  0.88000000000000056       0.25173833580356064     
  0.89000000000000057       0.25149447634504452     
  0.90000000000000058       0.25124928659545204     
  0.91000000000000059       0.25100279528679992     
  0.92000000000000060       0.25075503092247486     
  0.93000000000000060       0.25050602177380277     
  0.94000000000000061       0.25025579587674873     
  0.95000000000000062       0.25000438102862199     
  0.96000000000000063       0.24975180478506226     
  0.97000000000000064       0.24949809445700016     
  0.98000000000000065       0.24924327710782801     
  0.99000000000000066       0.24898737955062422     
   1.0000000000000007       0.24873042834553111     
   1.1000000000000008       0.24610862333500935     
   1.2000000000000008       0.24340870904977940     
   1.3000000000000009       0.24065278252868133     
   1.4000000000000010       0.23786012495557252     
   1.5000000000000011       0.23504722044477866     
   1.6000000000000012       0.23222785561888640     
   1.7000000000000013       0.22941328493662680     
   1.8000000000000014       0.22661244596490723     
   1.9000000000000015       0.22383220886280167     
   2.0000000000000013       0.22107764517186773     
   2.1000000000000014       0.21835230245784498     
   2.2000000000000015       0.21565847326457591     
   2.3000000000000016       0.21299744904836396     
   2.4000000000000017       0.21036975208502548     
   2.5000000000000018       0.20777534062557618     
   2.6000000000000019       0.20521378468917348     
   2.7000000000000020       0.20268441172851054     
   2.8000000000000020       0.20018642292462768     
   2.9000000000000021       0.19771898204157656     
   3.0000000000000022       0.19528127960132560     
   3.1000000000000023       0.19287257565310187     
   3.2000000000000024       0.19049222465067014     
   3.3000000000000025       0.18813968596465375     
   3.4000000000000026       0.18581452339611587     
   3.5000000000000027       0.18351639677043691     
   3.6000000000000028       0.18124504832127936     
   3.7000000000000028       0.17900028615981745     
   3.8000000000000029       0.17678196669563273     
   3.9000000000000030       0.17458997745614840     
   4.0000000000000027       0.17242422135950158     
   4.1000000000000023       0.17028460314346958     
   4.2000000000000020       0.16817101834870241     
   4.3000000000000016       0.16608334500181435     
   4.4000000000000012       0.16402143794372390     
   4.5000000000000009       0.16198512559939154     
   4.6000000000000005       0.15997420888256994     
   4.7000000000000002       0.15798846186862550     
   4.7999999999999998       0.15602763384328164     
   4.8999999999999995       0.15409145233882027     
   4.9999999999999991       0.15217962679506583     
   5.0999999999999988       0.15029185252377769     
   5.1999999999999984       0.14842781470611033     
   5.2999999999999980       0.14658719220834635     
   5.3999999999999977       0.14476966105677982     
   5.4999999999999973       0.14297489746533559     
   5.5999999999999970       0.14120258035660962     
   5.6999999999999966       0.13945239335711399     
   5.7999999999999963       0.13772402627981536     
   5.8999999999999959       0.13601717613141151     
   5.9999999999999956       0.13433154769861935     
   6.0999999999999952       0.13266685377776824     
   6.1999999999999948       0.13102281511617148     
   6.2999999999999945       0.12939916013325675     
   6.3999999999999941       0.12779562448523321     
   6.4999999999999938       0.12621195053047932     
   6.5999999999999934       0.12464788674455161     
   6.6999999999999931       0.12310318712478169     
   6.7999999999999927       0.12157761061544373     
   6.8999999999999924       0.12007092057585031     
   6.9999999999999920       0.11858288430615445     
   7.0999999999999917       0.11711327263888283     
   7.1999999999999913       0.11566185959880736     
   7.2999999999999909       0.11422842212952856     
   7.3999999999999906       0.11281273988195369     
   7.4999999999999902       0.11141459505784569     
   7.5999999999999899       0.11003377230035070     
   7.6999999999999895       0.10867005862303968     
   7.7999999999999892       0.10732324336907459     
   7.8999999999999888       0.10599311819270933     
   7.9999999999999885       0.10467947705615896     
   8.0999999999999890       0.10338211623590016     
   8.1999999999999886       0.10210083433355988     
   8.2999999999999883       0.10083543228761105     
   8.3999999999999879        9.9585713383104596E-002
   8.4999999999999876        9.8351483257567374E-002
   8.5999999999999872        9.7132549901971690E-002
   8.6999999999999869        9.5928723656296830E-002
   8.7999999999999865        9.4739817199690241E-002
   8.8999999999999861        9.3565645535592684E-002
   8.9999999999999858        9.2406025972440201E-002
   9.0999999999999854        9.1260778100659551E-002
   9.1999999999999851        9.0129723766778788E-002
   9.2999999999999847        8.9012687045394542E-002
   9.3999999999999844        8.7909494209757147E-002
   9.4999999999999840        8.6819973701598024E-002
   9.5999999999999837        8.5743956100722898E-002
   9.6999999999999833        8.4681274094821776E-002
   9.7999999999999829        8.3631762449798100E-002
   9.8999999999999826        8.2595257980840206E-002
   9.9999999999999822        8.1571599524353708E-002
   10.099999999999982        8.0560627910834917E-002
   10.199999999999982        7.9562185938670343E-002
   10.299999999999981        7.8576118348819723E-002
   10.399999999999981        7.7602271800323266E-002
   10.499999999999980        7.6640494846516569E-002
   10.599999999999980        7.5690637911888750E-002
   10.699999999999980        7.4752553269465061E-002
   10.799999999999979        7.3826095018625942E-002
   10.899999999999979        7.2911119063292854E-002
   10.999999999999979        7.2007483090399269E-002
   11.099999999999978        7.1115046548612004E-002
   11.199999999999978        7.0233670627229614E-002
   11.299999999999978        6.9363218235271654E-002
   11.399999999999977        6.8503553980710952E-002
   11.499999999999977        6.7654544149853571E-002
   11.599999999999977        6.6816056686857098E-002
   11.699999999999976        6.5987961173424411E-002
   11.799999999999976        6.5170128808620553E-002
   11.899999999999975        6.4362432388898258E-002
   11.999999999999975        6.3564746288288274E-002
   12.099999999999975        6.2776946438790421E-002
   12.199999999999974        6.1998910310979073E-002
   12.299999999999974        6.1230516894818891E-002
   12.399999999999974        6.0471646680715099E-002
   12.499999999999973        5.9722181640788657E-002
   12.599999999999973        5.8982005210394053E-002
   12.699999999999973        5.8251002269873640E-002
   12.799999999999972        5.7529059126547301E-002
   12.899999999999972        5.6816063496944708E-002
   12.999999999999972        5.6111904489271676E-002
   13.099999999999971        5.5416472586102598E-002
   13.199999999999971        5.4729659627315561E-002
   13.299999999999971        5.4051358793232203E-002
   13.399999999999970        5.3381464587994081E-002
   13.499999999999970        5.2719872823143901E-002
   13.599999999999969        5.2066480601421293E-002
   13.699999999999969        5.1421186300760389E-002
   13.799999999999969        5.0783889558495929E-002
   13.899999999999968        5.0154491255760998E-002
   13.999999999999968        4.9532893502082884E-002
   14.099999999999968        4.8918999620166742E-002
   14.199999999999967        4.8312714130873471E-002
   14.299999999999967        4.7713942738374912E-002
   14.399999999999967        4.7122592315498188E-002
   14.499999999999966        4.6538570889247899E-002
   14.599999999999966        4.5961787626504866E-002
   14.699999999999966        4.5392152819905850E-002
   14.799999999999965        4.4829577873889942E-002
   14.899999999999965        4.4273975290924396E-002
   14.999999999999964        4.3725258657894776E-002
   15.099999999999964        4.3183342632666120E-002
   15.199999999999964        4.2648142930808694E-002
   15.299999999999963        4.2119576312489734E-002
   15.399999999999963        4.1597560569525530E-002
   15.499999999999963        4.1082014512593461E-002
   15.599999999999962        4.0572857958606795E-002
   15.699999999999962        4.0070011718241455E-002
   15.799999999999962        3.9573397583618011E-002
   15.899999999999961        3.9082938316138106E-002
   15.999999999999961        3.8598557634473001E-002
   16.099999999999962        3.8120180202697848E-002
   16.199999999999964        3.7647731618572322E-002
   16.299999999999965        3.7181138401973908E-002
   16.399999999999967        3.6720327983464647E-002
   16.499999999999968        3.6265228693006989E-002
   16.599999999999969        3.5815769748817394E-002
   16.699999999999971        3.5371881246354903E-002
   16.799999999999972        3.4933494147454142E-002
   16.899999999999974        3.4500540269583518E-002
   16.999999999999975        3.4072952275241333E-002
   17.099999999999977        3.3650663661484552E-002
   17.199999999999978        3.3233608749586231E-002
   17.299999999999979        3.2821722674819066E-002
   17.399999999999981        3.2414941376365386E-002
   17.499999999999982        3.2013201587358306E-002
   17.599999999999984        3.1616440825037617E-002
   17.699999999999985        3.1224597381034669E-002
   17.799999999999986        3.0837610311772557E-002
   17.899999999999988        3.0455419428989459E-002
   17.999999999999989        3.0077965290376374E-002
   18.099999999999991        2.9705189190332028E-002
   18.199999999999992        2.9337033150832966E-002
   18.299999999999994        2.8973439912415869E-002
   18.399999999999995        2.8614352925271841E-002
   18.499999999999996        2.8259716340450745E-002
   18.599999999999998        2.7909475001176024E-002
   18.699999999999999        2.7563574434265159E-002
   18.800000000000001        2.7221960841658076E-002
   18.900000000000002        2.6884581092049432E-002
   19.000000000000004        2.6551382712625488E-002
   19.100000000000005        2.6222313880902237E-002
   19.200000000000006        2.5897323416666347E-002
   19.300000000000008        2.5576360774014831E-002
   19.400000000000009        2.5259376033492830E-002
   19.500000000000011        2.4946319894330760E-002
   19.600000000000012        2.4637143666776259E-002
   19.700000000000014        2.4331799264520351E-002
   19.800000000000015        2.4030239197220093E-002
   19.900000000000016        2.3732416563112240E-002
