   0.0000000000000000        6.3091301000859357E-003
   1.0000000000000000E-002   6.3088759418916795E-003
   2.0000000000000000E-002   6.3081135387313336E-003
   2.9999999999999999E-002   6.3068430729567174E-003
   4.0000000000000001E-002   6.3050648266267419E-003
   5.0000000000000003E-002   6.3027791820361705E-003
   6.0000000000000005E-002   6.2999866210914435E-003
   7.0000000000000007E-002   6.2966877255058659E-003
   8.0000000000000002E-002   6.2928831763707669E-003
   8.9999999999999997E-002   6.2885737541119287E-003
   9.9999999999999992E-002   6.2837603381682679E-003
  0.10999999999999999        6.2784439067754497E-003
  0.11999999999999998        6.2726255367016827E-003
  0.12999999999999998        6.2663064027999073E-003
  0.13999999999999999        6.2594877778295701E-003
  0.14999999999999999        6.2521710319835494E-003
  0.16000000000000000        6.2443576324296588E-003
  0.17000000000000001        6.2360491430710910E-003
  0.18000000000000002        6.2272472238577266E-003
  0.19000000000000003        6.2179536305059990E-003
  0.20000000000000004        6.2081702138303439E-003
  0.21000000000000005        6.1978989192635154E-003
  0.22000000000000006        6.1871417862910030E-003
  0.23000000000000007        6.1759009478535029E-003
  0.24000000000000007        6.1641786297122279E-003
  0.25000000000000006        6.1519771498306803E-003
  0.26000000000000006        6.1392989176515403E-003
  0.27000000000000007        6.1261464334036843E-003
  0.28000000000000008        6.1125222874732618E-003
  0.29000000000000009        6.0984291595570237E-003
  0.30000000000000010        6.0838698178209069E-003
  0.31000000000000011        6.0688471183117133E-003
  0.32000000000000012        6.0533640039258478E-003
  0.33000000000000013        6.0374235036992890E-003
  0.34000000000000014        6.0210287318372205E-003
  0.35000000000000014        6.0041828868817705E-003
  0.36000000000000015        5.9868892507415972E-003
  0.37000000000000016        5.9691511878693457E-003
  0.38000000000000017        5.9509721441155204E-003
  0.39000000000000018        5.9323556458888167E-003
  0.40000000000000019        5.9133052990564634E-003
  0.41000000000000020        5.8938247880470406E-003
  0.42000000000000021        5.8739178746181793E-003
  0.43000000000000022        5.8535883969328371E-003
  0.44000000000000022        5.8328402684284155E-003
  0.45000000000000023        5.8116774766256889E-003
  0.46000000000000024        5.7901040821824665E-003
  0.47000000000000025        5.7681242175645709E-003
  0.48000000000000026        5.7457420859734565E-003
  0.49000000000000027        5.7229619600943239E-003
  0.50000000000000022        5.6997881810551326E-003
  0.51000000000000023        5.6762251569868975E-003
  0.52000000000000024        5.6522773619402302E-003
  0.53000000000000025        5.6279493345922351E-003
  0.54000000000000026        5.6032456769710285E-003
  0.55000000000000027        5.5781710531937626E-003
  0.56000000000000028        5.5527301881866300E-003
  0.57000000000000028        5.5269278662679758E-003
  0.58000000000000029        5.5007689300036093E-003
  0.59000000000000030        5.4742582786783981E-003
  0.60000000000000031        5.4474008671047281E-003
  0.61000000000000032        5.4202017041388145E-003
  0.62000000000000033        5.3926658513797814E-003
  0.63000000000000034        5.3647984217904494E-003
  0.64000000000000035        5.3366045782325391E-003
  0.65000000000000036        5.3080895320890336E-003
  0.66000000000000036        5.2792585418860380E-003
  0.67000000000000037        5.2501169118328132E-003
  0.68000000000000038        5.2206699904127664E-003
  0.69000000000000039        5.1909231688604942E-003
  0.70000000000000040        5.1608818798369151E-003
  0.71000000000000041        5.1305515958525510E-003
  0.72000000000000042        5.0999378278854977E-003
  0.73000000000000043        5.0690461238565255E-003
  0.74000000000000044        5.0378820671941179E-003
  0.75000000000000044        5.0064512753131007E-003
  0.76000000000000045        4.9747593981961024E-003
  0.77000000000000046        4.9428121167859806E-003
  0.78000000000000047        4.9106151416130773E-003
  0.79000000000000048        4.8781742112553456E-003
  0.80000000000000049        4.8454950907734252E-003
  0.81000000000000050        4.8125835703347157E-003
  0.82000000000000051        4.7794454636132192E-003
  0.83000000000000052        4.7460866063191980E-003
  0.84000000000000052        4.7125128546847850E-003
  0.85000000000000053        4.6787300839752875E-003
  0.86000000000000054        4.6447441870368072E-003
  0.87000000000000055        4.6105610726234082E-003
  0.88000000000000056        4.5761866641036352E-003
  0.89000000000000057        4.5416268978388631E-003
  0.90000000000000058        4.5068877217406978E-003
  0.91000000000000059        4.4719750937227583E-003
  0.92000000000000060        4.4368949803020178E-003
  0.93000000000000060        4.4016533550206016E-003
  0.94000000000000061        4.3662561970529623E-003
  0.95000000000000062        4.3307094896571372E-003
  0.96000000000000063        4.2950192187470627E-003
  0.97000000000000064        4.2591913714518214E-003
  0.98000000000000065        4.2232319345937904E-003
  0.99000000000000066        4.1871468933882125E-003
   1.0000000000000007        4.1509422297574252E-003
   1.1000000000000008        3.7836273168539852E-003
   1.2000000000000008        3.4108532556775457E-003
   1.3000000000000009        3.0383365321429135E-003
   1.4000000000000010        2.6714785565958685E-003
   1.5000000000000011        2.3152630357213405E-003
   1.6000000000000012        1.9741768288076443E-003
   1.7000000000000013        1.6521603942943799E-003
   1.8000000000000014        1.3525978624696960E-003
   1.9000000000000015        1.0783676198115781E-003
   2.0000000000000013        8.3200460417172297E-004
   2.1000000000000014        6.1611543204851012E-004
   2.2000000000000015        4.3446912695312156E-004
   2.3000000000000016        2.9495889466363832E-004
   2.4000000000000017        2.1490568875388120E-004
   2.5000000000000018        2.0818879788575588E-004
   2.6000000000000019        2.4642502466861674E-004
   2.7000000000000020        2.9238736914679009E-004
   2.8000000000000020        3.3033044916107746E-004
   2.9000000000000021        3.5590312164266856E-004
   3.0000000000000022        3.6873738437699372E-004
   3.1000000000000023        3.6991273373151729E-004
   3.2000000000000024        3.6106361535315641E-004
   3.3000000000000025        3.4401246591088749E-004
   3.4000000000000026        3.2059350341840168E-004
   3.5000000000000027        2.9255752492214333E-004
   3.6000000000000028        2.6151734543547223E-004
   3.7000000000000028        2.2891736937940928E-004
   3.8000000000000029        1.9602003978383978E-004
   3.9000000000000030        1.6390626707178893E-004
   4.0000000000000027        1.3349014044617761E-004
   4.1000000000000023        1.0555269961021155E-004
   4.2000000000000020        8.0808548263127744E-005
   4.3000000000000016        6.0036045084203304E-005
   4.4000000000000012        4.4299907519875123E-005
   4.5000000000000009        3.5014903743206749E-005
   4.6000000000000005        3.2679741038153281E-005
   4.7000000000000002        3.5024576720362691E-005
   4.7999999999999998        3.8850947067740877E-005
   4.8999999999999995        4.2272008799183019E-005
   4.9999999999999991        4.4547283929079018E-005
   5.0999999999999988        4.5491707335371511E-005
   5.1999999999999984        4.5162380679343746E-005
   5.2999999999999980        4.3720837565619272E-005
   5.3999999999999977        4.1370103151439889E-005
   5.4999999999999973        3.8323413031936668E-005
   5.5999999999999970        3.4787524677306041E-005
   5.6999999999999966        3.0953565512742876E-005
   5.7999999999999963        2.6992282773547472E-005
   5.8999999999999959        2.3052219715388582E-005
   5.9999999999999956        1.9260155770060674E-005
   6.0999999999999952        1.5723682790472103E-005
   6.1999999999999948        1.2536309958684274E-005
   6.2999999999999945        9.7859496796605409E-006
   6.3999999999999941        7.5665756823650655E-006
   6.4999999999999938        5.9829233595155954E-006
   6.5999999999999934        5.1077458193972497E-006
   6.6999999999999931        4.8666112313798027E-006
   6.7999999999999927        5.0118078787750030E-006
   6.8999999999999924        5.2831669042831503E-006
   6.9999999999999920        5.5193475088730299E-006
   7.0999999999999917        5.6473435113307571E-006
   7.1999999999999913        5.6449480492651908E-006
   7.2999999999999909        5.5156193935515520E-006
   7.3999999999999906        5.2751067864583502E-006
   7.4999999999999902        4.9445045570680948E-006
   7.5999999999999899        4.5465308734561443E-006
   7.6999999999999895        4.1034697845516144E-006
   7.7999999999999892        3.6360325973741861E-006
   7.8999999999999888        3.1627744968806879E-006
   7.9999999999999885        2.6998824561410548E-006
   8.0999999999999890        2.2612447161609507E-006
   8.1999999999999886        1.8587660105213958E-006
   8.2999999999999883        1.5029120217996194E-006
   8.3999999999999879        1.2033872174880539E-006
   8.4999999999999876        9.6943003427706944E-007
   8.5999999999999872        8.0811449152245203E-007
   8.6999999999999869        7.1869004610492959E-007
   8.7999999999999865        6.8674255915111728E-007
   8.8999999999999861        6.8827637389495192E-007
   8.9999999999999858        7.0111936233300601E-007
   9.0999999999999854        7.1098683976348210E-007
   9.1999999999999851        7.1078358033505096E-007
   9.2999999999999847        6.9805048656946459E-007
   9.3999999999999844        6.7294157839867818E-007
   9.4999999999999840        6.3697716443613511E-007
   9.5999999999999837        5.9232185032744291E-007
   9.6999999999999833        5.4136802861037139E-007
   9.7999999999999829        4.8649476652169383E-007
   9.8999999999999826        4.2993054949499861E-007
   9.9999999999999822        3.7368172242112365E-007
