   0.0000000000000000       0.36930193631606550     
   1.0000000000000000E-002  0.36889686620117351     
   2.0000000000000000E-002  0.36849108031879119     
   2.9999999999999999E-002  0.36808458123946042     
   4.0000000000000001E-002  0.36767737168290365     
   5.0000000000000003E-002  0.36726945451710652     
   6.0000000000000005E-002  0.36686083275736625     
   7.0000000000000007E-002  0.36645150956529754     
   8.0000000000000002E-002  0.36604148824779775     
   8.9999999999999997E-002  0.36563077225597773     
   9.9999999999999992E-002  0.36521936518405046     
  0.10999999999999999       0.36480727076818303     
  0.11999999999999998       0.36439449288531289     
  0.12999999999999998       0.36398103555192562     
  0.13999999999999999       0.36356690292279492     
  0.14999999999999999       0.36315209928969006     
  0.16000000000000000       0.36273662908004523     
  0.17000000000000001       0.36232049685559692     
  0.18000000000000002       0.36190370731098326     
  0.19000000000000003       0.36148626527231242     
  0.20000000000000004       0.36106817569569705     
  0.21000000000000005       0.36064944366575735     
  0.22000000000000006       0.36023007439408894     
  0.23000000000000007       0.35981007321770359     
  0.24000000000000007       0.35938944559743441     
  0.25000000000000006       0.35896819711631900     
  0.26000000000000006       0.35854633347794163     
  0.27000000000000007       0.35812386050475575     
  0.28000000000000008       0.35770078413637585     
  0.29000000000000009       0.35727711042783955     
  0.30000000000000010       0.35685284554784680     
  0.31000000000000011       0.35642799577696732     
  0.32000000000000012       0.35600256750583142     
  0.33000000000000013       0.35557656723328285     
  0.34000000000000014       0.35515000156452403     
  0.35000000000000014       0.35472287720922119     
  0.36000000000000015       0.35429520097960226     
  0.37000000000000016       0.35386697978851916     
  0.38000000000000017       0.35343822064749914     
  0.39000000000000018       0.35300893066477068     
  0.40000000000000019       0.35257911704327144     
  0.41000000000000020       0.35214878707863390     
  0.42000000000000021       0.35171794815716040     
  0.43000000000000022       0.35128660775377291     
  0.44000000000000022       0.35085477342994820     
  0.45000000000000023       0.35042245283163970     
  0.46000000000000024       0.34998965368718382     
  0.47000000000000025       0.34955638380518816     
  0.48000000000000026       0.34912265107241014     
  0.49000000000000027       0.34868846345162091     
  0.50000000000000022       0.34825382897945717     
  0.51000000000000023       0.34781875576426591     
  0.52000000000000024       0.34738325198392933     
  0.53000000000000025       0.34694732588369193     
  0.54000000000000026       0.34651098577396694     
  0.55000000000000027       0.34607424002814552     
  0.56000000000000028       0.34563709708039153     
  0.57000000000000028       0.34519956542343183     
  0.58000000000000029       0.34476165360634203     
  0.59000000000000030       0.34432337023232396     
  0.60000000000000031       0.34388472395648528     
  0.61000000000000032       0.34344572348360930     
  0.62000000000000033       0.34300637756592495     
  0.63000000000000034       0.34256669500087544     
  0.64000000000000035       0.34212668462888496     
  0.65000000000000036       0.34168635533112762     
  0.66000000000000036       0.34124571602729203     
  0.67000000000000037       0.34080477567335166     
  0.68000000000000038       0.34036354325933682     
  0.69000000000000039       0.33992202780710640     
  0.70000000000000040       0.33948023836812680     
  0.71000000000000041       0.33903818402125468     
  0.72000000000000042       0.33859587387052142     
  0.73000000000000043       0.33815331704292967     
  0.74000000000000044       0.33771052268624896     
  0.75000000000000044       0.33726749996682592     
  0.76000000000000045       0.33682425806739857     
  0.77000000000000046       0.33638080618491911     
  0.78000000000000047       0.33593715352838871     
  0.79000000000000048       0.33549330931670035     
  0.80000000000000049       0.33504928277649443     
  0.81000000000000050       0.33460508314002357     
  0.82000000000000051       0.33416071964303184     
  0.83000000000000052       0.33371620152264869     
  0.84000000000000052       0.33327153801528908     
  0.85000000000000053       0.33282673835457749     
  0.86000000000000054       0.33238181176928078     
  0.87000000000000055       0.33193676748125955     
  0.88000000000000056       0.33149161470343047     
  0.89000000000000057       0.33104636263775555     
  0.90000000000000058       0.33060102047323936     
  0.91000000000000059       0.33015559738394606     
  0.92000000000000060       0.32971010252704119     
  0.93000000000000060       0.32926454504084574     
  0.94000000000000061       0.32881893404291335     
  0.95000000000000062       0.32837327862812660     
  0.96000000000000063       0.32792758786681470     
  0.97000000000000064       0.32748187080289476     
  0.98000000000000065       0.32703613645203033     
  0.99000000000000066       0.32659039379981664     
   1.0000000000000007       0.32614465179998758     
   1.1000000000000008       0.32168921125310140     
   1.2000000000000008       0.31724338356393550     
   1.3000000000000009       0.31281534387086957     
   1.4000000000000010       0.30841262584153911     
   1.5000000000000011       0.30404202023060889     
   1.6000000000000012       0.29970950494385679     
   1.7000000000000013       0.29542020629835003     
   1.8000000000000014       0.29117838989249600     
   1.9000000000000015       0.28698747839161598     
   2.0000000000000013       0.28285009264430427     
   2.1000000000000014       0.27876811190594825     
   2.2000000000000015       0.27474274857405034     
   2.3000000000000016       0.27077463273291097     
   2.4000000000000017       0.26686390194340653     
   2.5000000000000018       0.26301029206365928     
   2.6000000000000019       0.25921322540471925     
   2.7000000000000020       0.25547189316241975     
   2.8000000000000020       0.25178532977115220     
   2.9000000000000021       0.24815247754873807     
   3.0000000000000022       0.24457224070051489     
   3.1000000000000023       0.24104352838987031     
   3.2000000000000024       0.23756528713535383     
   3.3000000000000025       0.23413652324430109     
   3.4000000000000026       0.23075631633168817     
   3.5000000000000027       0.22742382520073279     
   3.6000000000000028       0.22413828748517259     
   3.7000000000000028       0.22089901448367616     
   3.8000000000000029       0.21770538256930511     
   3.9000000000000030       0.21455682244796268     
   4.0000000000000027       0.21145280738633382     
   4.1000000000000023       0.20839284134841671     
   4.2000000000000020       0.20537644778517694     
   4.3000000000000016       0.20240315962705549     
   4.4000000000000012       0.19947251084440418     
   4.5000000000000009       0.19658402977432793     
   4.6000000000000005       0.19373723426926853     
   4.7000000000000002       0.19093162860602872     
   4.7999999999999998       0.18816670200483265     
   4.8999999999999995       0.18544192854572855     
   4.9999999999999991       0.18275676823214956     
   5.0999999999999988       0.18011066893572014     
   5.1999999999999984       0.17750306895886386     
   5.2999999999999980       0.17493339996849191     
   5.3999999999999977       0.17240109008119978     
   5.4999999999999973       0.16990556691426137     
   5.5999999999999970       0.16744626045400041     
   5.6999999999999966       0.16502260563107249     
   5.7999999999999963       0.16263404452853586     
   5.8999999999999959       0.16028002818163761     
   5.9999999999999956       0.15796001795688006     
   6.0999999999999952       0.15567348652147958     
   6.1999999999999948       0.15341991843255565     
   6.2999999999999945       0.15119881038842956     
   6.3999999999999941       0.14900967119261796     
   6.4999999999999938       0.14685202148504989     
   6.5999999999999934       0.14472539329540829     
   6.6999999999999931       0.14262932947099705     
   6.7999999999999927       0.14056338302691163     
   6.8999999999999924       0.13852711646022800     
   6.9999999999999920       0.13652010106302792     
   7.0999999999999917       0.13454191626189366     
   7.1999999999999913       0.13259214900445071     
   7.2999999999999909       0.13067039320695370     
   7.3999999999999906       0.12877624927102993     
   7.4999999999999902       0.12690932367267202     
   7.5999999999999899       0.12506922862247202     
   7.6999999999999895       0.12325558179292022     
   7.7999999999999892       0.12146800610633572     
   7.8999999999999888       0.11970612957552550     
   7.9999999999999885       0.11796958518854442     
   8.0999999999999890       0.11625801082876433     
   8.1999999999999886       0.11457104922179999     
   8.2999999999999883       0.11290834790150395     
   8.3999999999999879       0.11126955918816486     
   8.4999999999999876       0.10965434017309608     
   8.5999999999999872       0.10806235270491245     
   8.6999999999999869       0.10649326337389010     
   8.7999999999999865       0.10494674349183120     
   8.8999999999999861       0.10342246906578496     
   8.9999999999999858       0.10192012076476080     
   9.0999999999999854       0.10043938387923562     
   9.1999999999999851        9.8979948273757973E-002
   9.2999999999999847        9.7541508333330626E-002
   9.3999999999999844        9.6123762904496771E-002
   9.4999999999999840        9.4726415232196812E-002
   9.5999999999999837        9.3349172893506097E-002
   9.6999999999999833        9.1991747729336007E-002
   9.7999999999999829        9.0653855775101613E-002
   9.8999999999999826        8.9335217191234273E-002
   9.9999999999999822        8.8035556194279468E-002
   10.099999999999982        8.6754600989166361E-002
   10.199999999999982        8.5492083703081201E-002
   10.299999999999981        8.4247740321241729E-002
   10.399999999999981        8.3021310624734918E-002
   10.499999999999980        8.1812538130478271E-002
   10.599999999999980        8.0621170033271572E-002
   10.699999999999980        7.9446957149844427E-002
   10.799999999999979        7.8289653864750453E-002
   10.899999999999979        7.7149018077936074E-002
   10.999999999999979        7.6024811153794072E-002
   11.099999999999978        7.4916797871510718E-002
   11.199999999999978        7.3824746376529776E-002
   11.299999999999978        7.2748428132964157E-002
   11.399999999999977        7.1687617876817697E-002
   11.499999999999977        7.0642093569896189E-002
   11.599999999999977        6.9611636354315443E-002
   11.699999999999976        6.8596030507535322E-002
   11.799999999999976        6.7595063397875410E-002
   11.899999999999975        6.6608525440482819E-002
   11.999999999999975        6.5636210053740901E-002
   12.099999999999975        6.4677913616120949E-002
   12.199999999999974        6.3733435423487930E-002
   12.299999999999974        6.2802577646878133E-002
   12.399999999999974        6.1885145290769002E-002
   12.499999999999973        6.0980946151864474E-002
   12.599999999999973        6.0089790778418160E-002
   12.699999999999973        5.9211492430112152E-002
   12.799999999999972        5.8345867038509712E-002
   12.899999999999972        5.7492733168093307E-002
   12.999999999999972        5.6651911977896409E-002
   13.099999999999971        5.5823227183733198E-002
   13.199999999999971        5.5006505021026303E-002
   13.299999999999971        5.4201574208229575E-002
   13.399999999999970        5.3408265910837895E-002
   13.499999999999970        5.2626413705976628E-002
   13.599999999999969        5.1855853547558894E-002
   13.699999999999969        5.1096423731997305E-002
   13.799999999999969        5.0347964864459152E-002
   13.899999999999968        4.9610319825648362E-002
   13.999999999999968        4.8883333739103210E-002
   14.099999999999968        4.8166853938994107E-002
   14.199999999999967        4.7460729938410696E-002
   14.299999999999967        4.6764813398123363E-002
   14.399999999999967        4.6078958095810946E-002
   14.499999999999966        4.5403019895741491E-002
   14.599999999999966        4.4736856718897121E-002
   14.699999999999966        4.4080328513535549E-002
   14.799999999999965        4.3433297226177524E-002
   14.899999999999965        4.2795626773014975E-002
   14.999999999999964        4.2167183011732084E-002
   15.099999999999964        4.1547833713732898E-002
   15.199999999999964        4.0937448536768964E-002
   15.299999999999963        4.0335898997962923E-002
   15.399999999999963        3.9743058447220189E-002
   15.499999999999963        3.9158802041025856E-002
   15.599999999999962        3.8583006716619427E-002
   15.699999999999962        3.8015551166543683E-002
   15.799999999999962        3.7456315813562110E-002
   15.899999999999961        3.6905182785939440E-002
   15.999999999999961        3.6362035893080527E-002
   16.099999999999962        3.5826760601522463E-002
   16.199999999999964        3.5299244011274829E-002
   16.299999999999965        3.4779374832502541E-002
   16.399999999999967        3.4267043362547010E-002
   16.499999999999968        3.3762141463279390E-002
   16.599999999999969        3.3264562538782141E-002
   16.699999999999971        3.2774201513353439E-002
   16.799999999999972        3.2290954809828368E-002
   16.899999999999974        3.1814720328214779E-002
   16.999999999999975        3.1345397424635636E-002
   17.099999999999977        3.0882886890575983E-002
   17.199999999999978        3.0427090932428347E-002
   17.299999999999979        2.9977913151332601E-002
   17.399999999999981        2.9535258523305533E-002
   17.499999999999982        2.9099033379656195E-002
   17.599999999999984        2.8669145387682358E-002
   17.699999999999985        2.8245503531644001E-002
   17.799999999999986        2.7828018094009765E-002
   17.899999999999988        2.7416600636972269E-002
   17.999999999999989        2.7011163984228793E-002
   18.099999999999991        2.6611622203021865E-002
   18.199999999999992        2.6217890586438766E-002
   18.299999999999994        2.5829885635962665E-002
   18.399999999999995        2.5447525044275061E-002
   18.499999999999996        2.5070727678303241E-002
   18.599999999999998        2.4699413562510850E-002
   18.699999999999999        2.4333503862427150E-002
   18.800000000000001        2.3972920868411868E-002
   18.900000000000002        2.3617587979652157E-002
   19.000000000000004        2.3267429688388064E-002
   19.100000000000005        2.2922371564363657E-002
   19.200000000000006        2.2582340239499874E-002
   19.300000000000008        2.2247263392786619E-002
   19.400000000000009        2.1917069735389993E-002
   19.500000000000011        2.1591688995972816E-002
   19.600000000000012        2.1271051906223831E-002
   19.700000000000014        2.0955090186593806E-002
   19.800000000000015        2.0643736532234971E-002
   19.900000000000016        2.0336924599140667E-002
