   20.000000000000000                            NaN
   20.100000000000001        12.449198879788407     
   20.200000000000003        12.435925534670783     
   20.300000000000004        12.422740790978880     
   20.400000000000006        12.409647937816157     
   20.500000000000007        12.396650051793928     
   20.600000000000009        12.383746959620163     
   20.700000000000010        12.370936122393013     
   20.800000000000011        12.358215406795503     
   20.900000000000013        12.345584163156419     
   21.000000000000014        12.333041740346111     
   21.100000000000016        12.320585842757247     
   21.200000000000017        12.308213062293566     
   21.300000000000018        12.295920978163130     
   21.400000000000020        12.283709263901262     
   21.500000000000021        12.271578553616783     
   21.600000000000023        12.259528514252267     
   21.700000000000024        12.247557287019827     
   21.800000000000026        12.235662577286659     
   21.900000000000027        12.223842766714284     
   22.000000000000028        12.212096775830823     
   22.100000000000030        12.200423240009840     
   22.200000000000031        12.188820360326149     
   22.300000000000033        12.177286658869566     
   22.400000000000034        12.165821506096295     
   22.500000000000036        12.154424554654110     
   22.600000000000037        12.143094687740284     
   22.700000000000038        12.131829767218090     
   22.800000000000040        12.120627474882095     
   22.900000000000041        12.109486214385624     
   23.000000000000043        12.098405073533183     
   23.100000000000044        12.087383087964747     
   23.200000000000045        12.076418828425215     
   23.300000000000047        12.065510724359305     
   23.400000000000048        12.054657483520987     
   23.500000000000050        12.043857909264378     
   23.600000000000051        12.033110352815681     
   23.700000000000053        12.022412621351160     
   23.800000000000054        12.011762582084842     
   23.900000000000055        12.001158754796371     
   24.000000000000057        11.990600155347220     
   24.100000000000058        11.980085580524971     
   24.200000000000060        11.969613186680540     
   24.300000000000061        11.959180778690310     
   24.400000000000063        11.948786321118083     
   24.500000000000064        11.938428001329958     
   24.600000000000065        11.928103877105356     
   24.700000000000067        11.917811715403166     
   24.800000000000068        11.907549304177689     
   24.900000000000070        11.897314790457573     
   25.000000000000071        11.887106500973912     
   25.100000000000072        11.876922383695691     
   25.200000000000074        11.866759742653958     
   25.300000000000075        11.856615595530728     
   25.400000000000077        11.846487213028748     
   25.500000000000078        11.836372208609165     
   25.600000000000080        11.826268154072359     
   25.700000000000081        11.816172271099399     
   25.800000000000082        11.806081554628294     
   25.900000000000084        11.795993044878973     
   26.000000000000085        11.785903777624654     
   26.100000000000087        11.775810441746694     
   26.200000000000088        11.765709238196711     
   26.300000000000090        11.755596201265533     
   26.400000000000091        11.745467617526137     
   26.500000000000092        11.735320011843013     
   26.600000000000094        11.725149699530256     
   26.700000000000095        11.714952433280031     
   26.800000000000097        11.704723517430565     
   26.900000000000098        11.694458154284808     
   27.000000000000099        11.684151540464548     
   27.100000000000101        11.673798637186776     
   27.200000000000102        11.663394003280642     
   27.300000000000104        11.652931962549451     
   27.400000000000105        11.642406861921957     
   27.500000000000107        11.631812999283703     
   27.600000000000108        11.621144224442498     
   27.700000000000109        11.610393672160802     
   27.800000000000111        11.599553947240382     
   27.900000000000112        11.588617520720964     
   28.000000000000114        11.577576849693864     
   28.100000000000115        11.566424110437145     
   28.200000000000117        11.555150916679597     
   28.300000000000118        11.543748350017292     
   28.400000000000119        11.532207158328445     
   28.500000000000121        11.520517747995376     
   28.600000000000122        11.508669915821612     
   28.700000000000124        11.496652674049882     
   28.800000000000125        11.484454433096575     
   28.900000000000126        11.472063326216816     
   29.000000000000128        11.459467241032808     
   29.100000000000129        11.446653474010988     
   29.200000000000131        11.433608388190438     
   29.300000000000132        11.420317424853508     
   29.400000000000134        11.406765352729538     
   29.500000000000135        11.392936362833858     
   29.600000000000136        11.378813879081239     
   29.700000000000138        11.364380364979207     
   29.800000000000139        11.349617393056612     
   29.900000000000141        11.334505837732989     
   30.000000000000142        11.319025834384323     
   30.100000000000144        11.303156437883294     
   30.200000000000145        11.286875327088522     
   30.300000000000146        11.270158870488620     
   30.400000000000148        11.252982419759828     
   30.500000000000149        11.235320421144953     
   30.600000000000151        11.217146186122642     
   30.700000000000152        11.198431594185866     
   30.800000000000153        11.179147039882990     
   30.900000000000155        11.159261559930643     
   31.000000000000156        11.138742821352416     
   31.100000000000158        11.117556868139435     
   31.200000000000159        11.095667897900345     
   31.300000000000161        11.073038335641559     
   31.400000000000162        11.049629077122910     
   31.500000000000163        11.025399523699091     
   31.600000000000165        11.000307275284376     
   31.700000000000166        10.974307772733379     
   31.800000000000168        10.947354227533380     
   31.900000000000169        10.919397795630141     
   32.000000000000171        10.890387660198590     
   32.100000000000172        10.860270862213532     
   32.200000000000173        10.828992093075449     
   32.300000000000175        10.796493712859888     
   32.400000000000176        10.762715920244748     
   32.500000000000178        10.727596758977006     
   32.600000000000179        10.691071853577657     
   32.700000000000180        10.653074152540956     
   32.800000000000182        10.613533992333977     
   32.900000000000183        10.572379419407200     
   33.000000000000185        10.529536415590284     
   33.100000000000186        10.484928846879709     
   33.200000000000188        10.438478352595491     
   33.300000000000189        10.390104480392482     
   33.400000000000190        10.339725057099137     
   33.500000000000192        10.287256522405494     
   33.600000000000193        10.232614111847644     
   33.700000000000195        10.175712130309758     
   33.800000000000196        10.116464603434038     
   33.900000000000198        10.054786255439922     
   34.000000000000199        9.9905935035445168     
   34.100000000000200        9.9238053524150480     
   34.200000000000202        9.8543444799384332     
   34.300000000000203        9.7821389017992075     
   34.400000000000205        9.7071242870355796     
   34.500000000000206        9.6292467291682478     
   34.600000000000207        9.5484659453897915     
   34.700000000000209        9.4647592707584582     
   34.800000000000210        9.3781269314961975     
   34.900000000000212        9.2885988308487821     
   35.000000000000213        9.1962429174539242     
   35.100000000000215        9.1011754994472849     
   35.200000000000216        9.0035743820878977     
   35.300000000000217        8.9036959212220133     
   35.400000000000219        8.8018969175850899     
   35.500000000000220        8.6986622050142373     
   35.600000000000222        8.5946391700792155     
   35.700000000000223        8.4906809656902222     
   35.800000000000225        8.3879001688578327     
   35.900000000000226        8.2877337706426744     
   36.000000000000227        8.1920188027791827     
   36.100000000000229        8.1030754215891392     
   36.200000000000230        8.0237898958382328     
   36.300000000000232        7.9576826015904567     
   36.400000000000233        7.9089362803264596     
   36.500000000000234        7.8823509060633663     
   36.600000000000236        7.8831903924937476     
   36.700000000000237        7.9169020166982556     
   36.800000000000239        7.9887277711515692     
   36.900000000000240        8.1032809105663510     
   37.000000000000242        8.2642038774889350     
   37.100000000000243        8.4740203517428974     
   37.200000000000244        8.7342324038939960     
   37.300000000000246        9.0456254046931424     
   37.400000000000247        9.4086815853042136     
   37.500000000000249        9.8239969860764731     
   37.600000000000250        10.292633199147961     
   37.700000000000252        10.816382618061990     
   37.800000000000253        11.397961229437081     
   37.900000000000254        12.041161964171998     
   38.000000000000256        12.751010527498337     
   38.100000000000257        13.533972298327127     
   38.200000000000259        14.398269353211953     
   38.300000000000260        15.354385627447529     
   38.400000000000261        16.415870116814158     
   38.500000000000263        17.600597835927136     
   38.600000000000264        18.932723572460219     
   38.700000000000266        20.445680022875102     
   38.800000000000267        22.186765321751540     
   38.900000000000269        24.224215503577618     
   39.000000000000270        26.658344575945904     
   39.100000000000271        29.639768291709750     
   39.200000000000273        33.400886612833219     
   39.300000000000274        38.314208371466471     
   39.400000000000276        45.009980416957369     
   39.500000000000277        54.639507930802154     
   39.600000000000279        69.550659744156619     
   39.700000000000280        95.392788020913343     
   39.800000000000281        150.09334490705447     
   39.900000000000283        337.05985200956633     
