  -10.000000000000000        6.3086985949374341E-003
  -9.8999999985098839        6.4356178194411306E-003
  -9.7999999970197678        6.5663936434279258E-003
  -9.6999999955296516        6.7011833931776010E-003
  -9.5999999940395355        6.8401524721427576E-003
  -9.4999999925494194        6.9834748620328790E-003
  -9.3999999910593033        7.1313336602065736E-003
  -9.2999999895691872        7.2839216567112119E-003
  -9.1999999880790710        7.4414419541827259E-003
  -9.0999999865889549        7.6041086344135200E-003
  -8.9999999850988388        7.7721474752885378E-003
  -8.8999999836087227        7.9457967229543680E-003
  -8.7999999821186066        8.1253079237297854E-003
  -8.6999999806284904        8.3109468212130277E-003
  -8.5999999791383743        8.5029943245064077E-003
  -8.4999999776482582        8.7017475539526989E-003
  -8.3999999761581421        8.9075209715636650E-003
  -8.2999999746680260        9.1206476040956996E-003
  -8.1999999731779099        9.3414803673632640E-003
  -8.0999999716877937        9.5703935014723740E-003
  -7.9999999701976776        9.8077841278567668E-003
  -7.8999999687075615        1.0054073939688601E-002
  -7.7999999672174454        1.0309711038959390E-002
  -7.6999999657273293        1.0575171934988248E-002
  -7.5999999642372131        1.0850963720429263E-002
  -7.4999999627470970        1.1137626443034732E-002
  -7.3999999612569809        1.1435735693443361E-002
  -7.2999999597668648        1.1745905431606030E-002
  -7.1999999582767487        1.2068791077092800E-002
  -7.0999999567866325        1.2405092891570435E-002
  -6.9999999552965164        1.2755559685417195E-002
  -6.8999999538064003        1.3120992883958849E-002
  -6.7999999523162842        1.3502250993441711E-002
  -6.6999999508261681        1.3900254512064336E-002
  -6.5999999493360519        1.4315991336768641E-002
  -6.4999999478459358        1.4750522723631421E-002
  -6.3999999463558197        1.5204989866527296E-002
  -6.2999999448657036        1.5680621168162268E-002
  -6.1999999433755875        1.6178740286649340E-002
  -6.0999999418854713        1.6700775053158368E-002
  -5.9999999403953552        1.7248267368251358E-002
  -5.8999999389052391        1.7822884200534239E-002
  -5.7999999374151230        1.8426429828299673E-002
  -5.6999999359250069        1.9060859485082959E-002
  -5.5999999344348907        1.9728294593951645E-002
  -5.4999999329447746        2.0431039802034201E-002
  -5.3999999314546585        2.1171602059053329E-002
  -5.2999999299645424        2.1952712020573917E-002
  -5.1999999284744263        2.2777348099687122E-002
  -5.0999999269843102        2.3648763541862849E-002
  -4.9999999254941940        2.4570516956761601E-002
  -4.8999999240040779        2.5546506810683489E-002
  -4.7999999225139618        2.6581010465391741E-002
  -4.6999999210238457        2.7678728445350353E-002
  -4.5999999195337296        2.8844834730379243E-002
  -4.4999999180436134        3.0085034004407429E-002
  -4.3999999165534973        3.1405626952199617E-002
  -4.2999999150633812        3.2813584884109792E-002
  -4.1999999135732651        3.4316635194872047E-002
  -4.0999999120831490        3.5923359428851165E-002
  -3.9999999105930328        3.7643306042558722E-002
  -3.8999999091029167        3.9487120332761250E-002
  -3.7999999076128006        4.1466694448002328E-002
  -3.6999999061226845        4.3595340935524529E-002
  -3.5999999046325684        4.5887993908190650E-002
  -3.4999999031424522        4.8361442665964760E-002
  -3.3999999016523361        5.1034603488210872E-002
  -3.2999999001622200        5.3928836346239128E-002
  -3.1999998986721039        5.7068314483615712E-002
  -3.0999998971819878        6.0480456183147568E-002
  -2.9999998956918716        6.4196429578544989E-002
  -2.8999998942017555        6.8251743044080215E-002
  -2.7999998927116394        7.2686935432052513E-002
  -2.6999998912215233        7.7548382070751654E-002
  -2.5999998897314072        8.2889233709155241E-002
  -2.4999998882412910        8.8770506008539418E-002
  -2.3999998867511749        9.5262335918732899E-002
  -2.2999998852610588       0.10244541698819687     
  -2.1999998837709427       0.11041261616077724     
  -2.0999998822808266       0.11927075644497631     
  -1.9999998807907104       0.12914251759170980     
  -1.8999998793005943       0.14016835229684943     
  -1.7999998778104782       0.15250822609390036     
  -1.6999998763203621       0.16634284724010684     
  -1.5999998748302460       0.18187383435148219     
  -1.4999998733401299       0.19932194447466911     
  -1.3999998718500137       0.21892202258103366     
  -1.2999998703598976       0.24091272053511348     
  -1.1999998688697815       0.26551830608587035     
  -1.0999998673796654       0.29291919604075822     
 -0.99999986588954926       0.32320758301298891     
 -0.89999986439943314       0.35632540564000537     
 -0.79999986290931702       0.39198503110796479     
 -0.69999986141920090       0.42957954348925098     
 -0.59999985992908478       0.46809978985382095     
 -0.49999985843896866       0.50608726216447752     
 -0.39999985694885254       0.54165971001775914     
 -0.29999985545873642       0.57264155468028521     
 -0.19999985396862030       0.59680736208308482     
  -9.9999852478504181E-002  0.61220683276820365     
   1.4901161193847656E-007  0.61749939272544596     
  0.10000015050172806       0.61220681155714363     
  0.20000015199184418       0.59680732198198738     
  0.30000015348196030       0.57264149985232349     
  0.40000015497207642       0.54165964566448355     
  0.50000015646219254       0.50608719363818833     
  0.60000015795230865       0.46809972191688487     
  0.70000015944242477       0.42957947985806400     
  0.80000016093254089       0.39198497430141965     
  0.90000016242265701       0.35632535706349922     
   1.0000001639127731       0.32320754317432343     
   1.1000001654028893       0.29291916480538505     
   1.2000001668930054       0.26551828291138524     
   1.3000001683831215       0.24091270465720049     
   1.4000001698732376       0.21892201314598059     
   1.5000001713633537       0.19932194062560116     
   1.6000001728534698       0.18187383527899237     
   1.7000001743435860       0.16634285220842404     
   1.8000001758337021       0.15250823445088391     
   1.9000001773238182       0.14016836347451422     
   2.0000001788139343       0.12914253110125296     
   2.1000001803040504       0.11927077186926405     
   2.2000001817941666       0.11041263314598759     
   2.3000001832842827       0.10244543523541361     
   2.4000001847743988        9.5262355176157554E-002
   2.5000001862645149        8.8770526064532951E-002
   2.6000001877546310        8.2889254386064537E-002
   2.7000001892447472        7.7548403219583451E-002
   2.8000001907348633        7.2686956928029178E-002
   2.9000001922249794        6.8251764782759405E-002
   3.0000001937150955        6.4196451472576688E-002
   3.1000001952052116        6.0480478159582907E-002
   3.2000001966953278        5.7068336481600146E-002
   3.3000001981854439        5.3928858315108408E-002
   3.4000001996755600        5.1034625385896648E-002
   3.5000002011656761        4.8361464457611025E-002
   3.6000002026557922        4.5888015565042739E-002
   3.7000002041459084        4.3595362434003193E-002
   3.8000002056360245        4.1466715768870288E-002
   3.9000002071261406        3.9487141460449293E-002
   4.0000002086162567        3.7643326964634682E-002
   4.1000002101063728        3.5923380135502780E-002
   4.2000002115964890        3.4316655678491403E-002
   4.3000002130866051        3.2813605139017543E-002
   4.4000002145767212        3.1405646974258072E-002
   4.5000002160668373        3.0085053790871563E-002
   4.6000002175569534        2.8844854279615473E-002
   4.7000002190470695        2.7678747756697097E-002
   4.8000002205371857        2.6581029538958134E-002
   4.9000002220273018        2.5546525647305973E-002
   5.0000002235174179        2.4570535557782547E-002
   5.1000002250075340        2.3648781909134775E-002
   5.2000002264976501        2.2777366235447793E-002
   5.3000002279877663        2.1952729927369630E-002
   5.4000002294778824        2.1171619739698611E-002
   5.5000002309679985        2.0431057259560514E-002
   5.6000002324581146        1.9728311831534007E-002
   5.7000002339482307        1.9060876506044599E-002
   5.8000002354383469        1.8426446636060079E-002
   5.9000002369284630        1.7822900798605157E-002
   6.0000002384185791        1.7248283760169070E-002
   6.1000002399086952        1.6700791242486024E-002
   6.2000002413988113        1.6178756276969297E-002
   6.3000002428889275        1.5680636963067096E-002
   6.4000002443790436        1.5205005469614230E-002
   6.5000002458691597        1.4750538138404101E-002
   6.6000002473592758        1.4316006566765016E-002
   6.7000002488493919        1.3900269560770173E-002
   6.8000002503395081        1.3502265864308027E-002
   6.9000002518296242        1.3121007580343180E-002
   7.0000002533197403        1.2755574210676635E-002
   7.1000002548098564        1.2405107248974145E-002
   7.2000002562999725        1.2068805269886185E-002
   7.3000002577900887        1.1745919462958998E-002
   7.4000002592802048        1.1435749566435449E-002
   7.5000002607703209        1.1137640160722939E-002
   7.6000002622604370        1.0850977285803309E-002
   7.7000002637505531        1.0575185350947147E-002
   7.8000002652406693        1.0309724308369961E-002
   7.9000002667307854        1.0054087065344497E-002
   8.0000002682209015        9.8077971125010155E-003
   8.1000002697110176        9.5704063477718426E-003
   8.2000002712011337        9.3414930778983329E-003
   8.3000002726912498        9.1206601814568522E-003
   8.4000002741813660        8.9075334182379118E-003
   8.5000002756714821        8.7017598723574396E-003
   8.6000002771615982        8.5030065170321745E-003
   8.7000002786517143        8.3109588901829623E-003
   8.8000002801418304        8.1253198714121844E-003
   8.9000002816319466        7.9458085515500265E-003
   9.0000002831220627        7.7721591869632789E-003
   9.1000002846121788        7.6041202312852052E-003
   9.2000002861022949        7.4414534383224762E-003
   9.3000002875924110        7.2839330301028848E-003
   9.4000002890825272        7.1313449248393557E-003
   9.5000002905726433        6.9834860198239035E-003
   9.6000002920627594        6.8401635249595305E-003
   9.7000002935528755        6.7011943428489928E-003
   9.8000002950429916        6.5664044917357334E-003
   9.9000002965331078        6.4356285681319569E-003
