   0.0000000000000000        5.7420664792908723E-003
   1.0000000000000000E-002   5.7416234412861417E-003
   2.0000000000000000E-002   5.7407405916529560E-003
   2.9999999999999999E-002   5.7394181061330681E-003
   4.0000000000000001E-002   5.7376562442888841E-003
   5.0000000000000003E-002   5.7354553494283122E-003
   6.0000000000000005E-002   5.7328158485056464E-003
   7.0000000000000007E-002   5.7297382519984740E-003
   8.0000000000000002E-002   5.7262231537607003E-003
   8.9999999999999997E-002   5.7222712308517467E-003
   9.9999999999999992E-002   5.7178832433419273E-003
  0.10999999999999999        5.7130600340941692E-003
  0.11999999999999998        5.7078025285220687E-003
  0.12999999999999998        5.7021117343244452E-003
  0.13999999999999999        5.6959887411964592E-003
  0.14999999999999999        5.6894347205173829E-003
  0.16000000000000000        5.6824509250152149E-003
  0.17000000000000001        5.6750386884081667E-003
  0.18000000000000002        5.6671994250232496E-003
  0.19000000000000003        5.6589346293920394E-003
  0.20000000000000004        5.6502458758237893E-003
  0.21000000000000005        5.6411348179560943E-003
  0.22000000000000006        5.6316031882832126E-003
  0.23000000000000007        5.6216527976622240E-003
  0.24000000000000007        5.6112855347973025E-003
  0.25000000000000006        5.6005033657021740E-003
  0.26000000000000006        5.5893083331410368E-003
  0.27000000000000007        5.5777025560481384E-003
  0.28000000000000008        5.5656882289262148E-003
  0.29000000000000009        5.5532676212240407E-003
  0.30000000000000010        5.5404430766932897E-003
  0.31000000000000011        5.5272170127249731E-003
  0.32000000000000012        5.5135919196657021E-003
  0.33000000000000013        5.4995703601140181E-003
  0.34000000000000014        5.4851549681970459E-003
  0.35000000000000014        5.4703484488277873E-003
  0.36000000000000015        5.4551535769432466E-003
  0.37000000000000016        5.4395731967237688E-003
  0.38000000000000017        5.4236102207938040E-003
  0.39000000000000018        5.4072676294044256E-003
  0.40000000000000019        5.3905484695979085E-003
  0.41000000000000020        5.3734558543546852E-003
  0.42000000000000021        5.3559929617229421E-003
  0.43000000000000022        5.3381630339312562E-003
  0.44000000000000022        5.3199693764845362E-003
  0.45000000000000023        5.3014153572436308E-003
  0.46000000000000024        5.2825044054889388E-003
  0.47000000000000025        5.2632400109683571E-003
  0.48000000000000026        5.2436257229299017E-003
  0.49000000000000027        5.2236651491394358E-003
  0.50000000000000022        5.2033619548837260E-003
  0.51000000000000023        5.1827198619593083E-003
  0.52000000000000024        5.1617426476475020E-003
  0.53000000000000025        5.1404341436759012E-003
  0.54000000000000026        5.1187982351667662E-003
  0.55000000000000027        5.0968388595727006E-003
  0.56000000000000028        5.0745600055999603E-003
  0.57000000000000028        5.0519657121198044E-003
  0.58000000000000029        5.0290600670682912E-003
  0.59000000000000030        5.0058472063349135E-003
  0.60000000000000031        4.9823313126404339E-003
  0.61000000000000032        4.9585166144043794E-003
  0.62000000000000033        4.9344073846025590E-003
  0.63000000000000034        4.9100079396150282E-003
  0.64000000000000035        4.8853226380649204E-003
  0.65000000000000036        4.8603558796485140E-003
  0.66000000000000036        4.8351121039570148E-003
  0.67000000000000037        4.8095957892904315E-003
  0.68000000000000038        4.7838114514639459E-003
  0.69000000000000039        4.7577636426072460E-003
  0.70000000000000040        4.7314569499571990E-003
  0.71000000000000041        4.7048959946443258E-003
  0.72000000000000042        4.6780854304734653E-003
  0.73000000000000043        4.6510299426990708E-003
  0.74000000000000044        4.6237342467955805E-003
  0.75000000000000044        4.5962030872232331E-003
  0.76000000000000045        4.5684412361898406E-003
  0.77000000000000046        4.5404534924088497E-003
  0.78000000000000047        4.5122446798542010E-003
  0.79000000000000048        4.4838196465123627E-003
  0.80000000000000049        4.4551832631319612E-003
  0.81000000000000050        4.4263404219715002E-003
  0.82000000000000051        4.3972960355454799E-003
  0.83000000000000052        4.3680550353694730E-003
  0.84000000000000052        4.3386223707044562E-003
  0.85000000000000053        4.3090030073009086E-003
  0.86000000000000054        4.2792019261430701E-003
  0.87000000000000055        4.2492241221937345E-003
  0.88000000000000056        4.2190746031400776E-003
  0.89000000000000057        4.1887583881408692E-003
  0.90000000000000058        4.1582805065754980E-003
  0.91000000000000059        4.1276459967952549E-003
  0.92000000000000060        4.0968599048772222E-003
  0.93000000000000060        4.0659272833812330E-003
  0.94000000000000061        4.0348531901102692E-003
  0.95000000000000062        4.0036426868747081E-003
  0.96000000000000063        3.9723008382608312E-003
  0.97000000000000064        3.9408327104039484E-003
  0.98000000000000065        3.9092433697665878E-003
  0.99000000000000066        3.8775378819220895E-003
   1.0000000000000007        3.8457213103439995E-003
   1.1000000000000008        3.5225560618096074E-003
   1.2000000000000008        3.1937912679600197E-003
   1.3000000000000009        2.8642747572343564E-003
   1.4000000000000010        2.5385911880351050E-003
   1.5000000000000011        2.2209708413493674E-003
   1.6000000000000012        1.9152141404345342E-003
   1.7000000000000013        1.6246338463604079E-003
   1.8000000000000014        1.3520165848586716E-003
   1.9000000000000015        1.0996056351428220E-003
   2.0000000000000013        8.6910876591879231E-004
   2.1000000000000014        6.6174162512625586E-004
   2.2000000000000015        4.7834157972922027E-004
   2.3000000000000016        3.1969141966888811E-004
   2.4000000000000017        1.8779180898179570E-004
   2.5000000000000018        9.3796226376460838E-005
   2.6000000000000019        8.5969789289630944E-005
   2.7000000000000020        1.3899753977407157E-004
   2.8000000000000020        1.9029597871492770E-004
   2.9000000000000021        2.2928098816127492E-004
   3.0000000000000022        2.5538909155618328E-004
   3.1000000000000023        2.6977261325057146E-004
   3.2000000000000024        2.7401275394253543E-004
   3.3000000000000025        2.6978861169035904E-004
   3.4000000000000026        2.5875144449332424E-004
   3.5000000000000027        2.4246219094315006E-004
   3.6000000000000028        2.2235559187566857E-004
   3.7000000000000028        1.9971901492268709E-004
   3.8000000000000029        1.7568125267837528E-004
   3.9000000000000030        1.5120900453640033E-004
   4.0000000000000027        1.2710977878900139E-004
   4.1000000000000023        1.0404066687893265E-004
   4.2000000000000020        8.2523524915927167E-005
   4.3000000000000016        6.2969774996906588E-005
   4.4000000000000012        4.5726297721006881E-005
   4.5000000000000009        3.1183300085920512E-005
   4.6000000000000005        2.0090559686194694E-005
   4.7000000000000002        1.4260347167430478E-005
   4.7999999999999998        1.4954365293607420E-005
   4.8999999999999995        1.8767632351706705E-005
   4.9999999999999991        2.2599395115848482E-005
