   0.0000000000000000                            NaN
   1.0000000000000000E-002                       NaN
   2.0000000000000000E-002                       NaN
   2.9999999999999999E-002                       NaN
   4.0000000000000001E-002                       NaN
   5.0000000000000003E-002                       NaN
   6.0000000000000005E-002                       NaN
   7.0000000000000007E-002                       NaN
   8.0000000000000002E-002                       NaN
   8.9999999999999997E-002                       NaN
   9.9999999999999992E-002                       NaN
  0.10999999999999999                            NaN
  0.11999999999999998                            NaN
  0.12999999999999998                            NaN
  0.13999999999999999                            NaN
  0.14999999999999999                            NaN
  0.16000000000000000                            NaN
  0.17000000000000001                            NaN
  0.18000000000000002                            NaN
  0.19000000000000003                            NaN
  0.20000000000000004                            NaN
  0.21000000000000005                            NaN
  0.22000000000000006                            NaN
  0.23000000000000007                            NaN
  0.24000000000000007                            NaN
  0.25000000000000006                            NaN
  0.26000000000000006                            NaN
  0.27000000000000007                            NaN
  0.28000000000000008                            NaN
  0.29000000000000009                            NaN
  0.30000000000000010                            NaN
  0.31000000000000011                            NaN
  0.32000000000000012                            NaN
  0.33000000000000013                            NaN
  0.34000000000000014                            NaN
  0.35000000000000014                            NaN
  0.36000000000000015                            NaN
  0.37000000000000016                            NaN
  0.38000000000000017                            NaN
  0.39000000000000018                            NaN
  0.40000000000000019                            NaN
  0.41000000000000020                            NaN
  0.42000000000000021                            NaN
  0.43000000000000022                            NaN
  0.44000000000000022                            NaN
  0.45000000000000023                            NaN
  0.46000000000000024                            NaN
  0.47000000000000025                            NaN
  0.48000000000000026                            NaN
  0.49000000000000027                            NaN
  0.50000000000000022                            NaN
  0.51000000000000023                            NaN
  0.52000000000000024                            NaN
  0.53000000000000025                            NaN
  0.54000000000000026                            NaN
  0.55000000000000027                            NaN
  0.56000000000000028                            NaN
  0.57000000000000028                            NaN
  0.58000000000000029                            NaN
  0.59000000000000030                            NaN
  0.60000000000000031                            NaN
  0.61000000000000032                            NaN
  0.62000000000000033                            NaN
  0.63000000000000034                            NaN
  0.64000000000000035                            NaN
  0.65000000000000036                            NaN
  0.66000000000000036                            NaN
  0.67000000000000037                            NaN
  0.68000000000000038                            NaN
  0.69000000000000039                            NaN
  0.70000000000000040                            NaN
  0.71000000000000041                            NaN
  0.72000000000000042                            NaN
  0.73000000000000043                            NaN
  0.74000000000000044                            NaN
  0.75000000000000044                            NaN
  0.76000000000000045                            NaN
  0.77000000000000046                            NaN
  0.78000000000000047                            NaN
  0.79000000000000048                            NaN
  0.80000000000000049                            NaN
  0.81000000000000050                            NaN
  0.82000000000000051                            NaN
  0.83000000000000052                            NaN
  0.84000000000000052                            NaN
  0.85000000000000053                            NaN
  0.86000000000000054                            NaN
  0.87000000000000055                            NaN
  0.88000000000000056                            NaN
  0.89000000000000057                            NaN
  0.90000000000000058                            NaN
  0.91000000000000059                            NaN
  0.92000000000000060                            NaN
  0.93000000000000060                            NaN
  0.94000000000000061                            NaN
  0.95000000000000062                            NaN
  0.96000000000000063                            NaN
  0.97000000000000064                            NaN
  0.98000000000000065                            NaN
  0.99000000000000066                            NaN
   1.0000000000000007                            NaN
   1.1000000000000008                            NaN
   1.2000000000000008                            NaN
   1.3000000000000009                            NaN
   1.4000000000000010                            NaN
   1.5000000000000011                            NaN
   1.6000000000000012                            NaN
   1.7000000000000013                            NaN
   1.8000000000000014                            NaN
   1.9000000000000015                            NaN
   2.0000000000000013                            NaN
   2.1000000000000014                            NaN
   2.2000000000000015                            NaN
   2.3000000000000016                            NaN
   2.4000000000000017                            NaN
   2.5000000000000018                            NaN
   2.6000000000000019                            NaN
   2.7000000000000020                            NaN
   2.8000000000000020                            NaN
   2.9000000000000021                            NaN
   3.0000000000000022                            NaN
   3.1000000000000023                            NaN
   3.2000000000000024                            NaN
   3.3000000000000025                            NaN
   3.4000000000000026                            NaN
   3.5000000000000027                            NaN
   3.6000000000000028                            NaN
   3.7000000000000028                            NaN
   3.8000000000000029                            NaN
   3.9000000000000030                            NaN
   4.0000000000000027                            NaN
   4.1000000000000023                            NaN
   4.2000000000000020                            NaN
   4.3000000000000016                            NaN
   4.4000000000000012                            NaN
   4.5000000000000009                            NaN
   4.6000000000000005                            NaN
   4.7000000000000002                            NaN
   4.7999999999999998                            NaN
   4.8999999999999995                            NaN
   4.9999999999999991                            NaN
