  -5.0000000000000000        1.0276607803475679     
  -4.9900000002235174        1.0279656994485014     
  -4.9800000004470348        1.0282718285988943     
  -4.9700000006705523        1.0285791758151095     
  -4.9600000008940697        1.0288877477337004     
  -4.9500000011175871        1.0291975516044123     
  -4.9400000013411045        1.0295085940976745     
  -4.9300000015646219        1.0298208833418632     
  -4.9200000017881393        1.0301344259681107     
  -4.9100000020116568        1.0304492292437775     
  -4.9000000022351742        1.0307653002720814     
  -4.8900000024586916        1.0310826476703912     
  -4.8800000026822090        1.0314012777851909     
  -4.8700000029057264        1.0317211995773845     
  -4.8600000031292439        1.0320424188678132     
  -4.8500000033527613        1.0323649441749412     
  -4.8400000035762787        1.0326887838965828     
  -4.8300000037997961        1.0330139451986640     
  -4.8200000040233135        1.0333404358765972     
  -4.8100000042468309        1.0336682642978050     
  -4.8000000044703484        1.0339974383976751     
  -4.7900000046938658        1.0343279658796947     
  -4.7800000049173832        1.0346598548902524     
  -4.7700000051409006        1.0349931145057079     
  -4.7600000053644180        1.0353277515289228     
  -4.7500000055879354        1.0356637757288871     
  -4.7400000058114529        1.0360011944612122     
  -4.7300000060349703        1.0363400170876387     
  -4.7200000062584877        1.0366802516470675     
  -4.7100000064820051        1.0370219067882220     
  -4.7000000067055225        1.0373649911602998     
  -4.6900000069290400        1.0377095132583913     
  -4.6800000071525574        1.0380554828175037     
  -4.6700000073760748        1.0384029079396666     
  -4.6600000075995922        1.0387517976786542     
  -4.6500000078231096        1.0391021615928915     
  -4.6400000080466270        1.0394540081226127     
  -4.6300000082701445        1.0398073465818882     
  -4.6200000084936619        1.0401621868474744     
  -4.6100000087171793        1.0405185381771551     
  -4.6000000089406967        1.0408764093227489     
  -4.5900000091642141        1.0412358103356125     
  -4.5800000093877316        1.0415967505212456     
  -4.5700000096112490        1.0419592395045623     
  -4.5600000098347664        1.0423232877543738     
  -4.5500000100582838        1.0426889041827336     
  -4.5400000102818012        1.0430560991644102     
  -4.5300000105053186        1.0434248828630461     
  -4.5200000107288361        1.0437952650790883     
  -4.5100000109523535        1.0441672560804420     
  -4.5000000111758709        1.0445408658002404     
  -4.4900000113993883        1.0449161054266620     
  -4.4800000116229057        1.0452929849427368     
  -4.4700000118464231        1.0456715147252331     
  -4.4600000120699406        1.0460517052572604     
  -4.4500000122934580        1.0464335674412073     
  -4.4400000125169754        1.0468171128022450     
  -4.4300000127404928        1.0472023509381809     
  -4.4200000129640102        1.0475892940413538     
  -4.4100000131875277        1.0479779523652457     
  -4.4000000134110451        1.0483683371758989     
  -4.3900000136345625        1.0487604605174787     
  -4.3800000138580799        1.0491543329648871     
  -4.3700000140815973        1.0495499663524595     
  -4.3600000143051147        1.0499473721262109     
  -4.3500000145286322        1.0503465622180865     
  -4.3400000147521496        1.0507475480448898     
  -4.3300000149756670        1.0511503421366650     
  -4.3200000151991844        1.0515549558951587     
  -4.3100000154227018        1.0519614013614764     
  -4.3000000156462193        1.0523696916511793     
  -4.2900000158697367        1.0527798380339664     
  -4.2800000160932541        1.0531918533694011     
  -4.2700000163167715        1.0536057503860596     
  -4.2600000165402889        1.0540215415194112     
  -4.2500000167638063        1.0544392396600766     
  -4.2400000169873238        1.0548588578608271     
  -4.2300000172108412        1.0552804089788677     
  -4.2200000174343586        1.0557039059380606     
  -4.2100000176578760        1.0561293624548147     
  -4.2000000178813934        1.0565567913410376     
  -4.1900000181049109        1.0569862068645854     
  -4.1800000183284283        1.0574176216868141     
  -4.1700000185519457        1.0578510506593115     
  -4.1600000187754631        1.0582865064921498     
  -4.1500000189989805        1.0587240038617964     
  -4.1400000192224979        1.0591635570998570     
  -4.1300000194460154        1.0596051800582600     
  -4.1200000196695328        1.0600488871229057     
  -4.1100000198930502        1.0604946928800141     
  -4.1000000201165676        1.0609426126066985     
  -4.0900000203400850        1.0613926602156523     
  -4.0800000205636024        1.0618448511432208     
  -4.0700000207871199        1.0622992002618297     
  -4.0600000210106373        1.0627557232309452     
  -4.0500000212341547        1.0632144347199832     
  -4.0400000214576721        1.0636753507407910     
  -4.0300000216811895        1.0641384869682178     
  -4.0200000219047070        1.0646038589307949     
  -4.0100000221282244        1.0650714830221186     
  -4.0000000223517418        1.0655413749529672     
  -3.9900000225752592        1.0660135515160303     
  -3.9800000227987766        1.0664880285429730     
  -3.9700000230222940        1.0669648229286257     
  -3.9600000232458115        1.0674439515850844     
  -3.9500000234693289        1.0679254310807440     
  -3.9400000236928463        1.0684092786405948     
  -3.9300000239163637        1.0688955116800858     
  -3.9200000241398811        1.0693841474772783     
  -3.9100000243633986        1.0698752039029331     
  -3.9000000245869160        1.0703686981682743     
  -3.8900000248104334        1.0708646485005340     
  -3.8800000250339508        1.0713630731645580     
  -3.8700000252574682        1.0718639902640337     
  -3.8600000254809856        1.0723674183643042     
  -3.8500000257045031        1.0728733761547278     
  -3.8400000259280205        1.0733818822193806     
  -3.8300000261515379        1.0738929560007076     
  -3.8200000263750553        1.0744066163908541     
  -3.8100000265985727        1.0749228831313455     
  -3.8000000268220901        1.0754417755086476     
  -3.7900000270456076        1.0759633135083411     
  -3.7800000272691250        1.0764875171430195     
  -3.7700000274926424        1.0770144066475671     
  -3.7600000277161598        1.0775440023370488     
  -3.7500000279396772        1.0780763250874081     
  -3.7400000281631947        1.0786113954098058     
  -3.7300000283867121        1.0791492347122995     
  -3.7200000286102295        1.0796898640930179     
  -3.7100000288337469        1.0802333047502295     
  -3.7000000290572643        1.0807795789368859     
  -3.6900000292807817        1.0813287082985397     
  -3.6800000295042992        1.0818807152636412     
  -3.6700000297278166        1.0824356216583926     
  -3.6600000299513340        1.0829934506000884     
  -3.6500000301748514        1.0835542249445158     
  -3.6400000303983688        1.0841179674630959     
  -3.6300000306218863        1.0846847021006341     
  -3.6200000308454037        1.0852544518998726     
  -3.6100000310689211        1.0858272408047664     
  -3.6000000312924385        1.0864030933513129     
  -3.5900000315159559        1.0869820334352349     
  -3.5800000317394733        1.0875640856411362     
  -3.5700000319629908        1.0881492751070079     
  -3.5600000321865082        1.0887376269202440     
  -3.5500000324100256        1.0893291664103437     
  -3.5400000326335430        1.0899239194162520     
  -3.5300000328570604        1.0905219116867038     
  -3.5200000330805779        1.0911231696868717     
  -3.5100000333040953        1.0917277199084694     
  -3.5000000335276127        1.0923355890246760     
  -3.4900000337511301        1.0929468043156474     
  -3.4800000339746475        1.0935613929460188     
  -3.4700000341981649        1.0941793829593911     
  -3.4600000344216824        1.0948008023179194     
  -3.4500000346451998        1.0954256790767884     
  -3.4400000348687172        1.0960540420402611     
  -3.4300000350922346        1.0966859201608938     
  -3.4200000353157520        1.0973213428123065     
  -3.4100000355392694        1.0979603393816886     
  -3.4000000357627869        1.0986029399744073     
  -3.3900000359863043        1.0992491746653490     
  -3.3800000362098217        1.0998990743094454     
  -3.3700000364333391        1.1005526696185068     
  -3.3600000366568565        1.1012099919660385     
  -3.3500000368803740        1.1018710731821737     
  -3.3400000371038914        1.1025359450376020     
  -3.3300000373274088        1.1032046400760014     
  -3.3200000375509262        1.1038771909784364     
  -3.3100000377744436        1.1045536306265069     
  -3.3000000379979610        1.1052339929800370     
  -3.2900000382214785        1.1059183116406803     
  -3.2800000384449959        1.1066066208855629     
  -3.2700000386685133        1.1072989553651187     
  -3.2600000388920307        1.1079953501691016     
  -3.2500000391155481        1.1086958408910590     
  -3.2400000393390656        1.1094004632469627     
  -3.2300000395625830        1.1101092537583512     
  -3.2200000397861004        1.1108222489737805     
  -3.2100000400096178        1.1115394860454049     
  -3.2000000402331352        1.1122610026380508     
  -3.1900000404566526        1.1129868368379054     
  -3.1800000406801701        1.1137170269667120     
  -3.1700000409036875        1.1144516121955637     
  -3.1600000411272049        1.1151906318653857     
  -3.1500000413507223        1.1159341258039479     
  -3.1400000415742397        1.1166821342511086     
  -3.1300000417977571        1.1174346984072958     
  -3.1200000420212746        1.1181918592976627     
  -3.1100000422447920        1.1189536588061773     
  -3.1000000424683094        1.1197201392677756     
  -3.0900000426918268        1.1204913436673842     
  -3.0800000429153442        1.1212673152243791     
  -3.0700000431388617        1.1220480979281322     
  -3.0600000433623791        1.1228337361247711     
  -3.0500000435858965        1.1236242748158103     
  -3.0400000438094139        1.1244197595069039     
  -3.0300000440329313        1.1252202363734349     
  -3.0200000442564487        1.1260257520857349     
  -3.0100000444799662        1.1268363537458652     
  -3.0000000447034836        1.1276520892113782     
  -2.9900000449270010        1.1284730069307687     
  -2.9800000451505184        1.1292991559421091     
  -2.9700000453740358        1.1301305858605022     
  -2.9600000455975533        1.1309673468387016     
  -2.9500000458210707        1.1318094899113844     
  -2.9400000460445881        1.1326570664889970     
  -2.9300000462681055        1.1335101288040708     
  -2.9200000464916229        1.1343687297066847     
  -2.9100000467151403        1.1352329226561664     
  -2.9000000469386578        1.1361027618136017     
  -2.8900000471621752        1.1369783021497912     
  -2.8800000473856926        1.1378595991560734     
  -2.8700000476092100        1.1387467092288830     
  -2.8600000478327274        1.1396396892390217     
  -2.8500000480562449        1.1405385970943323     
  -2.8400000482797623        1.1414434912518832     
  -2.8300000485032797        1.1423544308703908     
  -2.8200000487267971        1.1432714761183032     
  -2.8100000489503145        1.1441946876965370     
  -2.8000000491738319        1.1451241273011574     
  -2.7900000493973494        1.1460598572713241     
  -2.7800000496208668        1.1470019408595913     
  -2.7700000498443842        1.1479504421833435     
  -2.7600000500679016        1.1489054260539346     
  -2.7500000502914190        1.1498669583974019     
  -2.7400000505149364        1.1508351056475823     
  -2.7300000507384539        1.1518099355008893     
  -2.7200000509619713        1.1527915163889457     
  -2.7100000511854887        1.1537799175080934     
  -2.7000000514090061        1.1547752092961059     
  -2.6900000516325235        1.1557774628675777     
  -2.6800000518560410        1.1567867503860585     
  -2.6700000520795584        1.1578031451051041     
  -2.6600000523030758        1.1588267210548648     
  -2.6500000525265932        1.1598575534848927     
  -2.6400000527501106        1.1608957184309388     
  -2.6300000529736280        1.1619412932326241     
  -2.6200000531971455        1.1629943560947251     
  -2.6100000534206629        1.1640549863651117     
  -2.6000000536441803        1.1651232644943725     
  -2.5900000538676977        1.1661992719565055     
  -2.5800000540912151        1.1672830913575329     
  -2.5700000543147326        1.1683748065922066     
  -2.5600000545382500        1.1694745026737798     
  -2.5500000547617674        1.1705822655553602     
  -2.5400000549852848        1.1716981827934740     
  -2.5300000552088022        1.1728223427906761     
  -2.5200000554323196        1.1739548354180522     
  -2.5100000556558371        1.1750957516995935     
  -2.5000000558793545        1.1762451839884971     
  -2.4900000561028719        1.1774032258929337     
  -2.4800000563263893        1.1785699724543144     
  -2.4700000565499067        1.1797455199130364     
  -2.4600000567734241        1.1809299659860237     
  -2.4500000569969416        1.1821234096404059     
  -2.4400000572204590        1.1833259514124888     
  -2.4300000574439764        1.1845376931971108     
  -2.4200000576674938        1.1857587383575001     
  -2.4100000578910112        1.1869891917186590     
  -2.4000000581145287        1.1882291596059131     
  -2.3900000583380461        1.1894787499253172     
  -2.3800000585615635        1.1907380720552931     
  -2.3700000587850809        1.1920072370937018     
  -2.3600000590085983        1.1932863575788035     
  -2.3500000592321157        1.1945755477874846     
  -2.3400000594556332        1.1958749235857211     
  -2.3300000596791506        1.1971846026277360     
  -2.3200000599026680        1.1985047041833354     
  -2.3100000601261854        1.1998353493045697     
  -2.3000000603497028        1.2011766608227019     
  -2.2900000605732203        1.2025287633724546     
  -2.2800000607967377        1.2038917833532035     
  -2.2700000610202551        1.2052658490760855     
  -2.2600000612437725        1.2066510908216741     
  -2.2500000614672899        1.2080476405933205     
  -2.2400000616908073        1.2094556325206813     
  -2.2300000619143248        1.2108752026243819     
  -2.2200000621378422        1.2123064890065862     
  -2.2100000623613596        1.2137496317788345     
  -2.2000000625848770        1.2152047730552409     
  -2.1900000628083944        1.2166720572221184     
  -2.1800000630319118        1.2181516307101237     
  -2.1700000632554293        1.2196436421237185     
  -2.1600000634789467        1.2211482423883617     
  -2.1500000637024641        1.2226655845683130     
  -2.1400000639259815        1.2241958240398541     
  -2.1300000641494989        1.2257391185583346     
  -2.1200000643730164        1.2272956281800662     
  -2.1100000645965338        1.2288655154315489     
  -2.1000000648200512        1.2304489451968212     
  -2.0900000650435686        1.2320460848855355     
  -2.0800000652670860        1.2336571043965183     
  -2.0700000654906034        1.2352821761785127     
  -2.0600000657141209        1.2369214753131670     
  -2.0500000659376383        1.2385751794717466     
  -2.0400000661611557        1.2402434690169171     
  -2.0300000663846731        1.2419265269995501     
  -2.0200000666081905        1.2436245392785366     
  -2.0100000668317080        1.2453376944340295     
  -2.0000000670552254        1.2470661839547428     
  -1.9900000672787428        1.2488102021546896     
  -1.9800000675022602        1.2505699462972870     
  -1.9700000677257776        1.2523456166020601     
  -1.9600000679492950        1.2541374162888126     
  -1.9500000681728125        1.2559455516399851     
  -1.9400000683963299        1.2577702319963493     
  -1.9300000686198473        1.2596116699197804     
  -1.9200000688433647        1.2614700810262700     
  -1.9100000690668821        1.2633456842607698     
  -1.9000000692903996        1.2652387017867404     
  -1.8900000695139170        1.2671493590711425     
  -1.8800000697374344        1.2690778849571223     
  -1.8700000699609518        1.2710245116944094     
  -1.8600000701844692        1.2729894749469268     
  -1.8500000704079866        1.2749730138517326     
  -1.8400000706315041        1.2769753711241101     
  -1.8300000708550215        1.2789967929908763     
  -1.8200000710785389        1.2810375293300107     
  -1.8100000713020563        1.2830978336386596     
  -1.8000000715255737        1.2851779631631319     
  -1.7900000717490911        1.2872781788162626     
  -1.7800000719726086        1.2893987453297886     
  -1.7700000721961260        1.2915399312305984     
  -1.7600000724196434        1.2937020089101499     
  -1.7500000726431608        1.2958852546262265     
  -1.7400000728666782        1.2980899485859954     
  -1.7300000730901957        1.3003163749367284     
  -1.7200000733137131        1.3025648218224861     
  -1.7100000735372305        1.3048355814099952     
  -1.7000000737607479        1.3071289499255381     
  -1.6900000739842653        1.3094452276550086     
  -1.6800000742077827        1.3117847190187879     
  -1.6700000744313002        1.3141477325379800     
  -1.6600000746548176        1.3165345809248579     
  -1.6500000748783350        1.3189455810016268     
  -1.6400000751018524        1.3213810538381114     
  -1.6300000753253698        1.3238413246768554     
  -1.6200000755488873        1.3263267229517444     
  -1.6100000757724047        1.3288375823349672     
  -1.6000000759959221        1.3313742407176659     
  -1.5900000762194395        1.3339370401873234     
  -1.5800000764429569        1.3365263270573973     
  -1.5700000766664743        1.3391424518169812     
  -1.5600000768899918        1.3417857691686548     
  -1.5500000771135092        1.3444566379579312     
  -1.5400000773370266        1.3471554211652856     
  -1.5300000775605440        1.3498824858709770     
  -1.5200000777840614        1.3526382032313713     
  -1.5100000780075788        1.3554229484105211     
  -1.5000000782310963        1.3582371005365015     
  -1.4900000784546137        1.3610810426366133     
  -1.4800000786781311        1.3639551615793071     
  -1.4700000789016485        1.3668598479855432     
  -1.4600000791251659        1.3697954961372896     
  -1.4500000793486834        1.3727625038965285     
  -1.4400000795722008        1.3757612725774362     
  -1.4300000797957182        1.3787922068468328     
  -1.4200000800192356        1.3818557145783250     
  -1.4100000802427530        1.3849522067239244     
  -1.4000000804662704        1.3880820971408028     
  -1.3900000806897879        1.3912458024390093     
  -1.3800000809133053        1.3944437417900244     
  -1.3700000811368227        1.3976763367223506     
  -1.3600000813603401        1.4009440109125715     
  -1.3500000815838575        1.4042471899553493     
  -1.3400000818073750        1.4075863011051204     
  -1.3300000820308924        1.4109617730139015     
  -1.3200000822544098        1.4143740354416943     
  -1.3100000824779272        1.4178235189396398     
  -1.3000000827014446        1.4213106545329082     
  -1.2900000829249620        1.4248358733537512     
  -1.2800000831484795        1.4283996062738298     
  -1.2700000833719969        1.4320022834933017     
  -1.2600000835955143        1.4356443341229432     
  -1.2500000838190317        1.4393261857151309     
  -1.2400000840425491        1.4430482637910060     
  -1.2300000842660666        1.4468109913274654     
  -1.2200000844895840        1.4506147882018412     
  -1.2100000847131014        1.4544600706263340     
  -1.2000000849366188        1.4583472505305644     
  -1.1900000851601362        1.4622767349258530     
  -1.1800000853836536        1.4662489252143476     
  -1.1700000856071711        1.4702642164808004     
  -1.1600000858306885        1.4743229967266556     
  -1.1500000860542059        1.4784256460817746     
  -1.1400000862777233        1.4825725359601005     
  -1.1300000865012407        1.4867640281850791     
  -1.1200000867247581        1.4910004740601064     
  -1.1100000869482756        1.4952822134026256     
  -1.1000000871717930        1.4996095735226642     
  -1.0900000873953104        1.5039828681667808     
  -1.0800000876188278        1.5084023963976734     
  -1.0700000878423452        1.5128684414352207     
  -1.0600000880658627        1.5173812694446518     
  -1.0500000882893801        1.5219411282649022     
  -1.0400000885128975        1.5265482460949942     
  -1.0300000887364149        1.5312028301211822     
  -1.0200000889599323        1.5359050650870703     
  -1.0100000891834497        1.5406551118176384     
  -1.0000000894069672        1.5454531056757681     
 -0.99000008963048458        1.5502991549779768     
 -0.98000008985400200        1.5551933393394350     
 -0.97000009007751942        1.5601357079752045     
 -0.96000009030103683        1.5651262779419626     
 -0.95000009052455425        1.5701650323226446     
 -0.94000009074807167        1.5752519183619045     
 -0.93000009097158909        1.5803868455468895     
 -0.92000009119510651        1.5855696836350193     
 -0.91000009141862392        1.5908002606350815     
 -0.90000009164214134        1.5960783607370361     
 -0.89000009186565876        1.6014037222002517     
 -0.88000009208917618        1.6067760351937774     
 -0.87000009231269360        1.6121949396002120     
 -0.86000009253621101        1.6176600227815554     
 -0.85000009275972843        1.6231708173115669     
 -0.84000009298324585        1.6287267986801712     
 -0.83000009320676327        1.6343273829730709     
 -0.82000009343028069        1.6399719245309725     
 -0.81000009365379810        1.6456597135972622     
 -0.80000009387731552        1.6513899739555826     
 -0.79000009410083294        1.6571618605670226     
 -0.78000009432435036        1.6629744572124960     
 -0.77000009454786777        1.6688267741474441     
 -0.76000009477138519        1.6747177457771818     
 -0.75000009499490261        1.6806462283613535     
 -0.74000009521842003        1.6866109977555497     
 -0.73000009544193745        1.6926107471997129     
 -0.72000009566545486        1.6986440851638658     
 -0.71000009588897228        1.7047095332592950     
 -0.70000009611248970        1.7108055242278077     
 -0.69000009633600712        1.7169304000184447     
 -0.68000009655952454        1.7230824099643018     
 -0.67000009678304195        1.7292597090700694     
 -0.66000009700655937        1.7354603564222681     
 -0.65000009723007679        1.7416823137354445     
 -0.64000009745359421        1.7479234440452960     
 -0.63000009767711163        1.7541815105625724     
 -0.62000009790062904        1.7604541756995282     
 -0.61000009812414646        1.7667390002823464     
 -0.60000009834766388        1.7730334429619632     
 -0.59000009857118130        1.7793348598359282     
 -0.58000009879469872        1.7856405042943591     
 -0.57000009901821613        1.7919475271014933     
 -0.56000009924173355        1.7982529767259368     
 -0.55000009946525097        1.8045537999303278     
 -0.54000009968876839        1.8108468426325539     
 -0.53000009991228580        1.8171288510485604     
 -0.52000010013580322        1.8233964731274221     
 -0.51000010035932064        1.8296462602877366     
 -0.50000010058283806        1.8358746694643702     
 -0.49000010080635548        1.8420780654730520     
 -0.48000010102987289        1.8482527236997011     
 -0.47000010125339031        1.8543948331206648     
 -0.46000010147690773        1.8605004996580428     
 -0.45000010170042515        1.8665657498740273     
 -0.44000010192394257        1.8725865350062207     
 -0.43000010214745998        1.8785587353449984     
 -0.42000010237097740        1.8844781649523528     
 -0.41000010259449482        1.8903405767200760     
 -0.40000010281801224        1.8961416677639251     
 -0.39000010304152966        1.9018770851486322     
 -0.38000010326504707        1.9075424319368826     
 -0.37000010348856449        1.9131332735539937     
 -0.36000010371208191        1.9186451444581345     
 -0.35000010393559933        1.9240735551043473     
 -0.34000010415911674        1.9294139991888457     
 -0.33000010438263416        1.9346619611583622     
 -0.32000010460615158        1.9398129239676953     
 -0.31000010482966900        1.9448623770669051     
 -0.30000010505318642        1.9498058245979526     
 -0.29000010527670383        1.9546387937790026     
 -0.28000010550022125        1.9593568434531519     
 -0.27000010572373867        1.9639555727769402     
 -0.26000010594725609        1.9684306300223700     
 -0.25000010617077351        1.9727777214652737     
 -0.24000010639429092        1.9769926203315089     
 -0.23000010661780834        1.9810711757713175     
 -0.22000010684132576        1.9850093218316467     
 -0.21000010706484318        1.9888030863950470     
 -0.20000010728836060        1.9924486000532833     
 -0.19000010751187801        1.9959421048835839     
 -0.18000010773539543        1.9992799630948215     
 -0.17000010795891285        2.0024586655108023     
 -0.16000010818243027        2.0054748398581865     
 -0.15000010840594769        2.0083252588264755     
 -0.14000010862946510        2.0110068478680674     
 -0.13000010885298252        2.0135166927069785     
 -0.12000010907649994        2.0158520465253864     
 -0.11000010930001736        2.0180103367985796     
 -0.10000010952353477        2.0199891717494363     
  -9.0000109747052193E-002   2.0217863463953871     
  -8.0000109970569611E-002   2.0233998481619824     
  -7.0000110194087029E-002   2.0248278620389253     
  -6.0000110417604446E-002   2.0260687752562649     
  -5.0000110641121864E-002   2.0271211814604237     
  -4.0000110864639282E-002   2.0279838843714812     
  -3.0000111088156700E-002   2.0286559009058722     
  -2.0000111311674118E-002   2.0291364637505138     
  -1.0000111535191536E-002   2.0294250233769540     
  -1.1175870895385742E-007   2.0295212494863630     
   9.9998880177736282E-003   2.0294250318793954     
   1.9999887794256210E-002   2.0291364807463537     
   2.9999887570738792E-002   2.0286559263770130     
   3.9999887347221375E-002   2.0279839182908521     
   4.9999887123703957E-002   2.0271212237920753     
   5.9999886900186539E-002   2.0260688259553952     
   6.9999886676669121E-002   2.0248279210520539     
   7.9999886453151703E-002   2.0233999154270834     
   8.9999886229634285E-002   2.0217864218420489     
   9.9999886006116867E-002   2.0199892552990257     
  0.10999988578259945        2.0180104283645055     
  0.11999988555908203        2.0158521460132577     
  0.12999988533556461        2.0135168000148704     
  0.13999988511204720        2.0110069628868290     
  0.14999988488852978        2.0083253814399331     
  0.15999988466501236        2.0054749699434944     
  0.16999988444149494        2.0024588029386932     
  0.17999988421797752        1.9992801077299722     
  0.18999988399446011        1.9959422565849150     
  0.19999988377094269        1.9924487586743245     
  0.20999988354742527        1.9888032517842658     
  0.21999988332390785        1.9850094938327996     
  0.22999988310039043        1.9810713542237834     
  0.23999988287687302        1.9769928050707157     
  0.24999988265335560        1.9727779123230422     
  0.25999988242983818        1.9684308268272266     
  0.26999988220632076        1.9639557753545389     
  0.27999988198280334        1.9593570516266117     
  0.28999988175928593        1.9546390073692825     
  0.29999988153576851        1.9498060434242488     
  0.30999988131225109        1.9448626009468890     
  0.31999988108873367        1.9398131527179916     
  0.32999988086521626        1.9346621945948275     
  0.33999988064169884        1.9294142371268823     
  0.34999988041818142        1.9240737973592754     
  0.35999988019466400        1.9186453908454748     
  0.36999987997114658        1.9131335238897746     
  0.37999987974762917        1.9075426860379490     
  0.38999987952411175        1.9018773428329141     
  0.39999987930059433        1.8961419288506887     
  0.40999987907707691        1.8903408410302160     
  0.41999987885355949        1.8844784323086272     
  0.42999987863004208        1.8785590055722301     
  0.43999987840652466        1.8725868079315215     
  0.44999987818300724        1.8665660253270533     
  0.45999987795948982        1.8605007774711182     
  0.46999987773597240        1.8543951131289813     
  0.47999987751245499        1.8482530057414932     
  0.48999987728893757        1.8420783493897110     
  0.49999987706542015        1.8358749551006399     
  0.50999987684190273        1.8296465474917460     
  0.51999987661838531        1.8233967617508662     
  0.52999987639486790        1.8171291409467827     
  0.53999987617135048        1.8108471336645977     
  0.54999987594783306        1.8045540919590202     
  0.55999987572431564        1.7982532696179681     
  0.56999987550079823        1.7919478207274773     
  0.57999987527728081        1.7856407985287543     
  0.58999987505376339        1.7793351545572642     
  0.59999987483024597        1.7730337380526300     
  0.60999987460672855        1.7667392956288064     
  0.61999987438321114        1.7604544711921672     
  0.62999987415969372        1.7541818060957441     
  0.63999987393617630        1.7479237395173124     
  0.64999987371265888        1.7416826090485347     
  0.65999987348914146        1.7354606514825424     
  0.66999987326562405        1.7292600037874306     
  0.67999987304210663        1.7230827042525394     
  0.68999987281858921        1.7169306937949973     
  0.69999987259507179        1.7108058174138547     
  0.70999987237155437        1.7047098257797320     
  0.71999987214803696        1.6986443769469375     
  0.72999987192451954        1.6926110381772175     
  0.73999987170100212        1.6866112878628134     
  0.74999987147748470        1.6806465175369119     
  0.75999987125396729        1.6747180339628778     
  0.76999987103044987        1.6688270612881759     
  0.77999987080693245        1.6629747432564388     
  0.78999987058341503        1.6571621454652015     
  0.79999987035989761        1.6513902576619519     
  0.80999987013638020        1.6456599960688323     
  0.81999986991286278        1.6399722057273023     
  0.82999986968934536        1.6343276628563717     
  0.83999986946582794        1.6287270772154687     
  0.84999986924231052        1.6231710944658928     
  0.85999986901879311        1.6176602985244886     
  0.86999986879527569        1.6121952139043036     
  0.87999986857175827        1.6067763080327573     
  0.88999986834824085        1.6014039935508362     
  0.89999986812472343        1.5960786305775381     
  0.90999986790120602        1.5908005289455136     
  0.91999986767768860        1.5855699503981602     
  0.92999986745417118        1.5803871107471870     
  0.93999986723065376        1.5752521819849805     
  0.94999986700713634        1.5701652943557329     
  0.95999986678361893        1.5651265383746122     
  0.96999986656010151        1.5601359667978767     
  0.97999986633658409        1.5551935965439232     
  0.98999986611306667        1.5502994105580097     
  0.99999986588954926        1.5454533596264035     
   1.0099998656660318        1.5406553641343470     
   1.0199998654425144        1.5359053157682909     
   1.0299998652189970        1.5312030791636939     
   1.0399998649954796        1.5265484934988729     
   1.0499998647719622        1.5219413740305643     
   1.0599998645484447        1.5173815135736013     
   1.0699998643249273        1.5128686839302503     
   1.0799998641014099        1.5084026372607531     
   1.0899998638778925        1.5039831074026175     
   1.0999998636543751        1.4996098111361156     
   1.1099998634308577        1.4952824493987040     
   1.1199998632073402        1.4910007084457131     
   1.1299998629838228        1.4867642609663039     
   1.1399998627603054        1.4825727671444355     
   1.1499998625367880        1.4784258756761108     
   1.1599998623132706        1.4743232247407487     
   1.1699998620897532        1.4702644429227221     
   1.1799998618662357        1.4662491500943020     
   1.1899998616427183        1.4622769582519384     
   1.1999998614192009        1.4583474723131524     
   1.2099998611956835        1.4544602908750286     
   1.2199998609721661        1.4506150069306090     
   1.2299998607486486        1.4468112085457168     
   1.2399998605251312        1.4430484795097420     
   1.2499998603016138        1.4393263999456278     
   1.2599998600780964        1.4356445468770940     
   1.2699998598545790        1.4320024947843690     
   1.2799998596310616        1.4283998161128795     
   1.2899998594075441        1.4248360817529793     
   1.2999998591840267        1.4213108615039731     
   1.3099998589605093        1.4178237244974849     
   1.3199998587369919        1.4143742395978005     
   1.3299998585134745        1.4109619757810550     
   1.3399998582899570        1.4075865024966208     
   1.3499998580664396        1.4042473899818728     
   1.3599998578429222        1.4009442095889184     
   1.3699998576194048        1.3976765340609791     
   1.3799998573958874        1.3944439378061326     
   1.3899998571723700        1.3912459971442657     
   1.3999998569488525        1.3880822905485715     
   1.4099998567253351        1.3849523988460815     
   1.4199998565018177        1.3818559054281816     
   1.4299998562783003        1.3787923964391882     
   1.4399998560547829        1.3757614609222955     
   1.4499998558312654        1.3727626910109862     
   1.4599998556077480        1.3697956820299508     
   1.4699998553842306        1.3668600326728435     
   1.4799998551607132        1.3639553450751745     
   1.4899998549371958        1.3610812249462061     
   1.4999998547136784        1.3582372816770008     
   1.5099998544901609        1.3554231283986786     
   1.5199998542666435        1.3526383820728436     
   1.5299998540431261        1.3498826635858485     
   1.5399998538196087        1.3471555977568350     
   1.5499998535960913        1.3444568134464450     
   1.5599998533725739        1.3417859435610566     
   1.5699998531490564        1.3391426251315197     
   1.5799998529255390        1.3365264992914301     
   1.5899998527020216        1.3339372113719725     
   1.5999998524785042        1.3313744108502239     
   1.6099998522549868        1.3288377514378220     
   1.6199998520314693        1.3263268910316461     
   1.6299998518079519        1.3238414917371153     
   1.6399998515844345        1.3213812199093022     
   1.6499998513609171        1.3189457460840135     
   1.6599998511373997        1.3165347450174758     
   1.6699998509138823        1.3141478956723873     
   1.6799998506903648        1.3117848811944941     
   1.6899998504668474        1.3094453888904063     
   1.6999998502433300        1.3071291102221130     
   1.7099998500198126        1.3048357407891884     
   1.7199998497962952        1.3025649802904993     
   1.7299998495727777        1.3003165324908508     
   1.7399998493492603        1.2980901052427620     
   1.7499998491257429        1.2958854104102404     
   1.7599998489022255        1.2937021638183936     
   1.7699998486787081        1.2915400852802488     
   1.7799998484551907        1.2893988985253031     
   1.7899998482316732        1.2872783311621996     
   1.7999998480081558        1.2851781146743901     
   1.8099998477846384        1.2830979843473094     
   1.8199998475611210        1.2810376792048768     
   1.8299998473376036        1.2789969420650429     
   1.8399998471140862        1.2769755194013992     
   1.8499998468905687        1.2749731613470450     
   1.8599998466670513        1.2729896216504073     
   1.8699998464435339        1.2710246576445536     
   1.8799998462200165        1.2690780301437745     
   1.8899998459964991        1.2671495035009941     
   1.8999998457729816        1.2652388454545904     
   1.9099998455494642        1.2633458271972602     
   1.9199998453259468        1.2614702232462405     
   1.9299998451024294        1.2596118114145272     
   1.9399998448789120        1.2577703727930873     
   1.9499998446553946        1.2559456917286083     
   1.9599998444318771        1.2541375556793775     
   1.9699998442083597        1.2523457552946340     
   1.9799998439848423        1.2505700843272751     
   1.9899998437613249        1.2488103395057593     
   1.9999998435378075        1.2470663206215988     
   2.0099998433142900        1.2453378304674354     
   2.0199998430907726        1.2436246746415991     
   2.0299998428672552        1.2419266617320970     
   2.0399998426437378        1.2402436030952784     
   2.0499998424202204        1.2385753129241697     
   2.0599998421967030        1.2369216081367405     
   2.0699998419731855        1.2352823084075719     
   2.0799998417496681        1.2336572359894504     
   2.0899998415261507        1.2320462158903100     
   2.0999998413026333        1.2304490756088644     
   2.1099998410791159        1.2288656452738893     
   2.1199998408555984        1.2272957574268446     
   2.1299998406320810        1.2257392472341944     
   2.1399998404085636        1.2241959521156280     
   2.1499998401850462        1.2226657120807443     
   2.1599998399615288        1.2211483693507792     
   2.1699998397380114        1.2196437685339729     
   2.1799998395144939        1.2181517565642686     
   2.1899998392909765        1.2166721825406503     
   2.1999998390674591        1.2152048978359231     
   2.2099998388439417        1.2137497560152970     
   2.2199998386204243        1.2123066127558544     
   2.2299998383969069        1.2108753258278793     
   2.2399998381733894        1.2094557552243377     
   2.2499998379498720        1.2080477627798829     
   2.2599998377263546        1.2066512124913176     
   2.2699998375028372        1.2052659702876756     
   2.2799998372793198        1.2038919040466016     
   2.2899998370558023        1.2025288835658374     
   2.2999998368322849        1.2011767805632707     
   2.3099998366087675        1.1998354685454777     
   2.3199998363852501        1.1985048229689113     
   2.3299998361617327        1.1971847209471873     
   2.3399998359382153        1.1958750414285735     
   2.3499998357146978        1.1945756651452559     
   2.3599998354911804        1.1932864745136569     
   2.3699998352676630        1.1920073535740323     
   2.3799998350441456        1.1907381881258241     
   2.3899998348206282        1.1894788655049586     
   2.3999998345971107        1.1882292747917631     
   2.4099998343735933        1.1869893064503023     
   2.4199998341500759        1.1857588526428731     
   2.4299998339265585        1.1845378070780768     
   2.4399998337030411        1.1833260648913722     
   2.4499998334795237        1.1821235226831848     
   2.4599998332560062        1.1809300785903185     
   2.4699998330324888        1.1797456321361124     
   2.4799998328089714        1.1785700842815983     
   2.4899998325854540        1.1774033373429900     
   2.4999998323619366        1.1762452950228026     
   2.5099998321384192        1.1750958623008532     
   2.5199998319149017        1.1739549456206915     
   2.5299998316913843        1.1728224526532172     
   2.5399998314678669        1.1716982922695645     
   2.5499998312443495        1.1705823746920312     
   2.5599998310208321        1.1694746113655585     
   2.5699998307973146        1.1683749149480582     
   2.5799998305737972        1.1672831993650106     
   2.5899998303502798        1.1661993795320524     
   2.5999998301267624        1.1651233717458480     
   2.6099998299032450        1.1640550933015228     
   2.6199998296797276        1.1629944626808126     
   2.6299998294562101        1.1619413995057675     
   2.6399998292326927        1.1608958243008609     
   2.6499998290091753        1.1598576589563545     
   2.6599998287856579        1.1588268262627199     
   2.6699998285621405        1.1578032499120952     
   2.6799998283386230        1.1567868549158664     
   2.6899998281151056        1.1557775670386359     
   2.6999998278915882        1.1547753131572074     
   2.7099998276680708        1.1537800210588436     
   2.7199998274445534        1.1527916195943839     
   2.7299998272210360        1.1518100384262662     
   2.7399998269975185        1.1508352082142927     
   2.7499998267740011        1.1498670605764199     
   2.7599998265504837        1.1489055280467950     
   2.7699998263269663        1.1479505438213264     
   2.7799998261034489        1.1470020422113945     
   2.7899998258799314        1.1460599583022184     
   2.7999998256564140        1.1451242279604443     
   2.8099998254328966        1.1441947881200869     
   2.8199998252093792        1.1432715762231949     
   2.8299998249858618        1.1423545307302783     
   2.8399998247623444        1.1414435907673703     
   2.8499998245388269        1.1405386963529653     
   2.8599998243153095        1.1396397882742775     
   2.8699998240917921        1.1387468079005616     
   2.8799998238682747        1.1378596975709874     
   2.8899998236447573        1.1369784002645302     
   2.8999998234212399        1.1361028596867682     
   2.9099998231977224        1.1352330202448639     
   2.9199998229742050        1.1343688270462602     
   2.9299998227506876        1.1335102258362162     
   2.9399998225271702        1.1326571632979021     
   2.9499998223036528        1.1318095864041218     
   2.9599998220801353        1.1309674430591075     
   2.9699998218566179        1.1301306818527872     
   2.9799998216331005        1.1292992516826625     
   2.9899998214095831        1.1284731023586743     
   2.9999998211860657        1.1276521844528669     
   3.0099998209625483        1.1268364486472673     
   3.0199998207390308        1.1260258468460038     
   3.0299998205155134        1.1252203308468594     
   3.0399998202919960        1.1244198538114800     
   3.0499998200684786        1.1236243687336722     
   3.0599998198449612        1.1228338298698346     
   3.0699998196214437        1.1220481914423057     
   3.0799998193979263        1.1212674085242884     
   3.0899998191744089        1.1204914367448222     
   3.0999998189508915        1.1197202321741135     
   3.1099998187273741        1.1189537513422481     
   3.1199998185038567        1.1181919515804408     
   3.1299998182803392        1.1174347905455240     
   3.1399998180568218        1.1166822261933365     
   3.1499998178333044        1.1159342174326441     
   3.1599998176097870        1.1151907233183695     
   3.1699998173862696        1.1144517034958046     
   3.1799998171627522        1.1137171180282672     
   3.1899998169392347        1.1129869275954813     
   3.1999998167157173        1.1122610932076720     
   3.2099998164921999        1.1115395764215463     
   3.2199998162686825        1.1108223390283187     
   3.2299998160451651        1.1101093436853360     
   3.2399998158216476        1.1094005530987696     
   3.2499998155981302        1.1086959304518218     
   3.2599998153746128        1.1079954395842462     
   3.2699998151510954        1.1072990445093720     
   3.2799998149275780        1.1066067097574614     
   3.2899998147040606        1.1059184004529534     
   3.2999998144805431        1.1052340814948911     
   3.3099998142570257        1.1045537190583359     
   3.3199998140335083        1.1038772790780809     
   3.3299998138099909        1.1032047281617823     
   3.3399998135864735        1.1025360328536071     
   3.3499998133629560        1.1018711608024259     
   3.3599998131394386        1.1012100792897288     
   3.3699998129159212        1.1005527567473892     
   3.3799998126924038        1.0998991612100522     
   3.3899998124688864        1.0992492615164549     
   3.3999998122453690        1.0986030264832558     
   3.4099998120218515        1.0979604257609377     
   3.4199998117983341        1.0973214288862962     
   3.4299998115748167        1.0966860062268560     
   3.4399998113512993        1.0960541279374976     
   3.4499998111277819        1.0954257647254739     
   3.4599998109042645        1.0948008877734803     
   3.4699998106807470        1.0941794684578827     
   3.4799998104572296        1.0935614781662986     
   3.4899998102337122        1.0929468893738368     
   3.4999998100101948        1.0923356738341445     
   3.5099998097866774        1.0917278045896006     
   3.5199998095631599        1.0911232542867582     
   3.5299998093396425        1.0905219961466859     
   3.5399998091161251        1.0899240035498075     
   3.5499998088926077        1.0893292504621412     
   3.5599998086690903        1.0887377108051146     
   3.5699998084455729        1.0881493586745608     
   3.5799998082220554        1.0875641690668501     
   3.5899998079985380        1.0869821165909350     
   3.5999998077750206        1.0864031765227793     
   3.6099998075515032        1.0858273238540954     
   3.6199998073279858        1.0852545347271956     
   3.6299998071044683        1.0846847847050007     
   3.6399998068809509        1.0841180500074517     
   3.6499998066574335        1.0835543072090528     
   3.6599998064339161        1.0829935327814126     
   3.6699998062103987        1.0824357038016847     
   3.6799998059868813        1.0818807968702671     
   3.6899998057633638        1.0813287899842039     
   3.6999998055398464        1.0807796606892117     
   3.7099998053163290        1.0802333861839239     
   3.7199998050928116        1.0796899453902744     
   3.7299998048692942        1.0791493158932273     
   3.7399998046457767        1.0786114764757249     
   3.7499998044222593        1.0780764059284706     
   3.7599998041987419        1.0775440832279397     
   3.7699998039752245        1.0770144871989094     
   3.7799998037517071        1.0764875975816257     
   3.7899998035281897        1.0759633938479203     
   3.7999998033046722        1.0754418556417551     
   3.8099998030811548        1.0749229631691262     
   3.8199998028576374        1.0744066962754488     
   3.8299998026341200        1.0738930356194043     
   3.8399998024106026        1.0733819618067750     
   3.8499998021870852        1.0728734557463591     
   3.8599998019635677        1.0723674975880650     
   3.8699998017400503        1.0718640692176526     
   3.8799998015165329        1.0713631520704430     
   3.8899998012930155        1.0708647274041752     
   3.8999998010694981        1.0703687768729937     
   3.9099998008459806        1.0698752823116255     
   3.9199998006224632        1.0693842260563431     
   3.9299998003989458        1.0688955902657626     
   3.9399998001754284        1.0684093569083235     
   3.9499997999519110        1.0679255092646303     
   3.9599997997283936        1.0674440294156851     
   3.9699997995048761        1.0669649008877327     
   3.9799997992813587        1.0664881061922129     
   3.9899997990578413        1.0660136289181925     
   3.9999997988343239        1.0655414524434490     
   4.0099997986108065        1.0650715602865102     
   4.0199997983872890        1.0646039361029380     
   4.0299997981637716        1.0641385639843419     
   4.0399997979402542        1.0636754278152361     
   4.0499997977167368        1.0632145113403075     
   4.0599997974932194        1.0627557996988473     
   4.0699997972697020        1.0622992768207562     
   4.0799997970461845        1.0618449276314981     
   4.0899997968226671        1.0613927364823172     
   4.0999997965991497        1.0609426886242264     
   4.1099997963756323        1.0604947691834474     
   4.1199997961521149        1.0600489631512562     
   4.1299997959285975        1.0596052558048923     
   4.1399997957050800        1.0591636327854546     
   4.1499997954815626        1.0587240798134239     
   4.1599997952580452        1.0582865819957257     
   4.1699997950345278        1.0578511256384719     
   4.1799997948110104        1.0574176969122981     
   4.1899997945874929        1.0569862819372779     
   4.1999997943639755        1.0565568662900189     
   4.2099997941404581        1.0561294375853878     
   4.2199997939169407        1.0557039809510478     
   4.2299997936934233        1.0552804835815865     
   4.2399997934699059        1.0548589325066262     
   4.2499997932463884        1.0544393143782129     
   4.2599997930228710        1.0540216160429345     
   4.2699997927993536        1.0536058247213154     
   4.2799997925758362        1.0531919272325758     
   4.2899997923523188        1.0527799118152732     
   4.2999997921288013        1.0523697655500859     
   4.3099997919052839        1.0519614751066577     
   4.3199997916817665        1.0515550294771467     
   4.3299997914582491        1.0511504157395213     
   4.3399997912347317        1.0507476215654898     
   4.3499997910112143        1.0503466355864073     
   4.3599997907876968        1.0499474454531472     
   4.3699997905641794        1.0495500393193020     
   4.3799997903406620        1.0491544061256854     
   4.3899997901171446        1.0487605337583343     
   4.3999997898936272        1.0483684102787727     
   4.4099997896701097        1.0479780249574424     
   4.4199997894465923        1.0475893665420781     
   4.4299997892230749        1.0472024235877766     
   4.4399997889995575        1.0468171849930861     
   4.4499997887760401        1.0464336401966428     
   4.4599997885525227        1.0460517774882634     
   4.4699997883290052        1.0456715869819797     
   4.4799997881054878        1.0452930567851253     
   4.4899997878819704        1.0449161775379578     
   4.4999997876584530        1.0445409380036812     
   4.5099997874349356        1.0441673278849466     
   4.5199997872114182        1.0437953368153015     
   4.5299997869879007        1.0434249545919412     
   4.5399997867643833        1.0430561707625363     
   4.5499997865408659        1.0426889757320719     
   4.5599997863173485        1.0423233589420811     
   4.5699997860938311        1.0419593108538130     
   4.5799997858703136        1.0415968216082843     
   4.5899997856467962        1.0412358811070892     
   4.5999997854232788        1.0408764801212604     
   4.6099997851997614        1.0405186091418961     
   4.6199997849762440        1.0401622576392748     
   4.6299997847527266        1.0398074175569032     
   4.6399997845292091        1.0394540789059969     
   4.6499997843056917        1.0391022319598480     
   4.6599997840821743        1.0387518681003041     
   4.6699997838586569        1.0384029784003665     
   4.6799997836351395        1.0380555528821402     
   4.6899997834116220        1.0377095836434078     
   4.6999997831881046        1.0373650612911847     
   4.7099997829645872        1.0370219764269089     
   4.7199997827410698        1.0366803215956759     
   4.7299997825175524        1.0363400869269077     
   4.7399997822940350        1.0360012643777090     
   4.7499997820705175        1.0356638454036424     
   4.7599997818470001        1.0353278210727639     
   4.7699997816234827        1.0349931839362438     
   4.7799997813999653        1.0346599243070540     
   4.7899997811764479        1.0343280350423281     
   4.7999997809529305        1.0339975071423337     
   4.8099997807294130        1.0336683332546548     
   4.8199997805058956        1.0333405050818407     
   4.8299997802823782        1.0330140141645643     
   4.8399997800588608        1.0326888528384570     
   4.8499997798353434        1.0323650131519837     
   4.8599997796118259        1.0320424873787832     
   4.8699997793883085        1.0317212677567982     
   4.8799997791647911        1.0314013462965737     
   4.8899997789412737        1.0310827159514713     
   4.8999997787177563        1.0307653686062959     
   4.9099997784942389        1.0304492970701680     
   4.9199997782707214        1.0301344937977204     
   4.9299997780472040        1.0298209515039671     
   4.9399997778236866        1.0295086624577010     
   4.9499997776001692        1.0291976198494810     
   4.9599997773766518        1.0288878162437316     
   4.9699997771531343        1.0285792438745236     
   4.9799997769296169        1.0282718969363194     
   4.9899997767060995        1.0279657668005249     
   4.9999997764825821        1.0276608479436224     
