  -10.000000000000000        1.5820222369297112     
  -9.8999999985098839        1.5831349296587744     
  -9.7999999970197678        1.5842579542379394     
  -9.6999999955296516        1.5853914483638529     
  -9.5999999940395355        1.5865355427956205     
  -9.4999999925494194        1.5876903693219648     
  -9.3999999910593033        1.5888560573026036     
  -9.2999999895691872        1.5900327503975904     
  -9.1999999880790710        1.5912205716850540     
  -9.0999999865889549        1.5924196479829427     
  -8.9999999850988388        1.5936301099371659     
  -8.8999999836087227        1.5948520858613202     
  -8.7999999821186066        1.5960857017885195     
  -8.6999999806284904        1.5973310733503963     
  -8.5999999791383743        1.5985883267125511     
  -8.4999999776482582        1.5998575671459776     
  -8.3999999761581421        1.6011389096983655     
  -8.2999999746680260        1.6024324549930682     
  -8.1999999731779099        1.6037383009386736     
  -8.0999999716877937        1.6050565418124583     
  -7.9999999701976776        1.6063872489168283     
  -7.8999999687075615        1.6077305008973986     
  -7.7999999672174454        1.6090863574367213     
  -7.6999999657273293        1.6104548631854676     
  -7.5999999642372131        1.6118360516052828     
  -7.4999999627470970        1.6132299409736530     
  -7.3999999612569809        1.6146365312548221     
  -7.2999999597668648        1.6160557997815208     
  -7.1999999582767487        1.6174877016091884     
  -7.0999999567866325        1.6189321635759450     
  -6.9999999552965164        1.6203890863132739     
  -6.8999999538064003        1.6218583350266840     
  -6.7999999523162842        1.6233397392866658     
  -6.6999999508261681        1.6248330846205841     
  -6.5999999493360519        1.6263381126907182     
  -6.4999999478459358        1.6278545097687560     
  -6.3999999463558197        1.6293819031840444     
  -6.2999999448657036        1.6309198539060823     
  -6.1999999433755875        1.6324678483668720     
  -6.0999999418854713        1.6340252878823127     
  -5.9999999403953552        1.6355914792629387     
  -5.8999999389052391        1.6371656221512856     
  -5.7999999374151230        1.6387467967797642     
  -5.6999999359250069        1.6403339487139172     
  -5.5999999344348907        1.6419258656627651     
  -5.4999999329447746        1.6435211702734653     
  -5.3999999314546585        1.6451182851592112     
  -5.2999999299645424        1.6467154148135967     
  -5.1999999284744263        1.6483105109801166     
  -5.0999999269843102        1.6499012452036930     
  -4.9999999254941940        1.6514849679595631     
  -4.8999999240040779        1.6530586626072861     
  -4.7999999225139618        1.6546188991406303     
  -4.6999999210238457        1.6561617725917357     
  -4.5999999195337296        1.6576828400607500     
  -4.4999999180436134        1.6591770380746631     
  -4.3999999165534973        1.6606385975993789     
  -4.2999999150633812        1.6620609389127803     
  -4.1999999135732651        1.6634365518225804     
  -4.0999999120831490        1.6647568513624460     
  -3.9999999105930328        1.6660120183396427     
  -3.8999999091029167        1.6671908049601571     
  -3.7999999076128006        1.6682803100692265     
  -3.6999999061226845        1.6692657157938695     
  -3.5999999046325684        1.6701299767518498     
  -3.4999999031424522        1.6708534535060517     
  -3.3999999016523361        1.6714134810380989     
  -3.2999999001622200        1.6717838607200737     
  -3.1999998986721039        1.6719342514345770     
  -3.0999998971819878        1.6718294623170091     
  -2.9999998956918716        1.6714286033564703     
  -2.8999998942017555        1.6706840896336554     
  -2.7999998927116394        1.6695404644560186     
  -2.6999998912215233        1.6679330184987680     
  -2.5999998897314072        1.6657861775991467     
  -2.4999998882412910        1.6630116420467975     
  -2.3999998867511749        1.6595062651707020     
  -2.2999998852610588        1.6551496952022404     
  -2.1999998837709427        1.6498018349410075     
  -2.0999998822808266        1.6433002571939432     
  -1.9999998807907104        1.6354578150826649     
  -1.8999998793005943        1.6260608316987335     
  -1.7999998778104782        1.6148684431571541     
  -1.6999998763203621        1.6016139623817656     
  -1.5999998748302460        1.5860102826688744     
  -1.4999998733401299        1.5677680467313799     
  -1.3999998718500137        1.5466734992308178     
  -1.2999998703598976        1.5229753256968070     
  -1.1999998688697815        1.4992613136066577     
  -1.0999998673796654        1.4868134855151709     
 -0.99999986588954926        1.5053591593572526     
 -0.89999986439943314        1.5513361623631168     
 -0.79999986290931702        1.6073343568595606     
 -0.69999986141920090        1.6664286973055382     
 -0.59999985992908478        1.7268876083802533     
 -0.49999985843896866        1.7872227590261252     
 -0.39999985694885254        1.8448538758875437     
 -0.29999985545873642        1.8961230425474798     
 -0.19999985396862030        1.9368566352127579     
  -9.9999852478504181E-002   1.9631630094099557     
   1.4901161193847656E-007   1.9722675986220439     
  0.10000015050172806        1.9631629882649335     
  0.20000015199184418        1.9368565957973307     
  0.30000015348196030        1.8961229899316077     
  0.40000015497207642        1.8448538161809018     
  0.50000015646219254        1.7872226980347274     
  0.60000015795230865        1.7268875503755126     
  0.70000015944242477        1.6664286443909411     
  0.80000016093254089        1.6073343099495896     
  0.90000016242265701        1.5513361264112557     
   1.0000001639127731        1.5053591574464320     
   1.1000001654028893        1.4868135487967138     
   1.2000001668930054        1.4992614142440901     
   1.3000001683831215        1.5229754297542790     
   1.4000001698732376        1.5466735968810787     
   1.5000001713633537        1.5677681362564937     
   1.6000001728534698        1.5860103641323096     
   1.7000001743435860        1.6016140364041109     
   1.8000001758337021        1.6148685102596585     
   1.9000001773238182        1.6260608922980897     
   2.0000001788139343        1.6354578700329121     
   2.1000001803040504        1.6433003069000025     
   2.2000001817941666        1.6498018798609495     
   2.3000001832842827        1.6551497357752878     
   2.4000001847743988        1.6595063018919021     
   2.5000001862645149        1.6630116751119535     
   2.6000001877546310        1.6657862075805465     
   2.7000001892447472        1.6679330451735981     
   2.8000001907348633        1.6695404883477305     
   2.9000001922249794        1.6706841110773318     
   3.0000001937150955        1.6714286224652430     
   3.1000001952052116        1.6718294791631521     
   3.2000001966953278        1.6719342663545234     
   3.3000001981854439        1.6717838735667259     
   3.4000001996755600        1.6714134925432469     
   3.5000002011656761        1.6708534629048459     
   3.6000002026557922        1.6701299845025572     
   3.7000002041459084        1.6692657220150136     
   3.8000002056360245        1.6682803146359237     
   3.9000002071261406        1.6671908081511193     
   4.0000002086162567        1.6660120205176014     
   4.1000002101063728        1.6647568522575600     
   4.2000002115964890        1.6634365514343508     
   4.3000002130866051        1.6620609379944407     
   4.4000002145767212        1.6606385947652358     
   4.5000002160668373        1.6591770336644942     
   4.6000002175569534        1.6576828351771284     
   4.7000002190470695        1.6561617667730997     
   4.8000002205371857        1.6546188924433314     
   4.9000002220273018        1.6530586540353567     
   5.0000002235174179        1.6514849586112037     
   5.1000002250075340        1.6499012357880247     
   5.2000002264976501        1.6483105008973598     
   5.3000002279877663        1.6467154027222921     
   5.4000002294778824        1.6451182727600695     
   5.5000002309679985        1.6435211570434625     
   5.6000002324581146        1.6419258524316531     
   5.7000002339482307        1.6403339332076294     
   5.8000002354383469        1.6387467815843950     
   5.9000002369284630        1.6371656052912105     
   6.0000002384185791        1.6355914624460233     
   6.1000002399086952        1.6340252708928200     
   6.2000002413988113        1.6324678288740657     
   6.3000002428889275        1.6309198352048375     
   6.4000002443790436        1.6293818838190872     
   6.5000002458691597        1.6278544902196486     
   6.6000002473592758        1.6263380923722912     
   6.7000002488493919        1.6248330637287225     
   6.8000002503395081        1.6233397159476533     
   6.9000002518296242        1.6218583116038778     
   7.0000002533197403        1.6203890612953824     
   7.1000002548098564        1.6189321389492242     
   7.2000002562999725        1.6174876768168298     
   7.3000002577900887        1.6160557754024378     
   7.4000002592802048        1.6146365063002863     
   7.5000002607703209        1.6132299160231995     
   7.6000002622604370        1.6118360234630134     
   7.7000002637505531        1.6104548352814989     
   7.8000002652406693        1.6090863255398797     
   7.9000002667307854        1.6077304730594157     
   8.0000002682209015        1.6063872187196837     
   8.1000002697110176        1.6050565107022923     
   8.2000002712011337        1.6037382717988478     
   8.3000002726912498        1.6024324222474575     
   8.4000002741813660        1.6011388765948422     
   8.5000002756714821        1.5998575333109186     
   8.6000002771615982        1.5985882929174917     
   8.7000002786517143        1.5973310385412127     
   8.8000002801418304        1.5960856668421766     
   8.9000002816319466        1.5948520498978977     
   9.0000002831220627        1.5936300729459345     
   9.1000002846121788        1.5924196114724010     
   9.2000002861022949        1.5912205336437331     
   9.3000002875924110        1.5900327139455301     
   9.4000002890825272        1.5888560220616603     
   9.5000002905726433        1.5876903313270727     
   9.6000002920627594        1.5865355053393710     
   9.7000002935528755        1.5853914065699353     
   9.8000002950429916        1.5842579115363913     
   9.9000002965331078        1.5831348875055735     
