  -5.0000000000000000        24.939284891293674     
  -4.9900000002235174        24.939822887249793     
  -4.9800000004470348        24.940364053432731     
  -4.9700000006705523        24.940908420040135     
  -4.9600000008940697        24.941456014630543     
  -4.9500000011175871        24.942006859611869     
  -4.9400000013411045        24.942560981538527     
  -4.9300000015646219        24.943118406938165     
  -4.9200000017881393        24.943679159145706     
  -4.9100000020116568        24.944243266846840     
  -4.9000000022351742        24.944810760068155     
  -4.8900000024586916        24.945381658594517     
  -4.8800000026822090        24.945955992402933     
  -4.8700000029057264        24.946533789277556     
  -4.8600000031292439        24.947115081139593     
  -4.8500000033527613        24.947699890561505     
  -4.8400000035762787        24.948288241749850     
  -4.8300000037997961        24.948880173040180     
  -4.8200000040233135        24.949475712861606     
  -4.8100000042468309        24.950074878130938     
  -4.8000000044703484        24.950677710634789     
  -4.7900000046938658        24.951284241311150     
  -4.7800000049173832        24.951894488520843     
  -4.7700000051409006        24.952508487719271     
  -4.7600000053644180        24.953126273277523     
  -4.7500000055879354        24.953747874090656     
  -4.7400000058114529        24.954373328157434     
  -4.7300000060349703        24.955002652023925     
  -4.7200000062584877        24.955635884815813     
  -4.7100000064820051        24.956273066425595     
  -4.7000000067055225        24.956914216015317     
  -4.6900000069290400        24.957559375632929     
  -4.6800000071525574        24.958208575364743     
  -4.6700000073760748        24.958861850500433     
  -4.6600000075995922        24.959519228416177     
  -4.6500000078231096        24.960180754303014     
  -4.6400000080466270        24.960846454382949     
  -4.6300000082701445        24.961516368093434     
  -4.6200000084936619        24.962190530585122     
  -4.6100000087171793        24.962868975159598     
  -4.6000000089406967        24.963551739502016     
  -4.5900000091642141        24.964238854827336     
  -4.5800000093877316        24.964930364731273     
  -4.5700000096112490        24.965626308871194     
  -4.5600000098347664        24.966326713024650     
  -4.5500000100582838        24.967031629551599     
  -4.5400000102818012        24.967741087490356     
  -4.5300000105053186        24.968455124396435     
  -4.5200000107288361        24.969173784429032     
  -4.5100000109523535        24.969897104000054     
  -4.5000000111758709        24.970625130453207     
  -4.4900000113993883        24.971357901514583     
  -4.4800000116229057        24.972095453295644     
  -4.4700000118464231        24.972837823204983     
  -4.4600000120699406        24.973585063067915     
  -4.4500000122934580        24.974337214543738     
  -4.4400000125169754        24.975094312832152     
  -4.4300000127404928        24.975856409327314     
  -4.4200000129640102        24.976623540604621     
  -4.4100000131875277        24.977395758086050     
  -4.4000000134110451        24.978173099846995     
  -4.3900000136345625        24.978955615671143     
  -4.3800000138580799        24.979743350565069     
  -4.3700000140815973        24.980536347386231     
  -4.3600000143051147        24.981334654715617     
  -4.3500000145286322        24.982138316968673     
  -4.3400000147521496        24.982947386343813     
  -4.3300000149756670        24.983761907471017     
  -4.3200000151991844        24.984581934554324     
  -4.3100000154227018        24.985407509866256     
  -4.3000000156462193        24.986238687697782     
  -4.2900000158697367        24.987075516205156     
  -4.2800000160932541        24.987918046760932     
  -4.2700000163167715        24.988766335496994     
  -4.2600000165402889        24.989620424556438     
  -4.2500000167638063        24.990480375586635     
  -4.2400000169873238        24.991346239247505     
  -4.2300000172108412        24.992218062187050     
  -4.2200000174343586        24.993095909258720     
  -4.2100000176578760        24.993979829063566     
  -4.2000000178813934        24.994869886615014     
  -4.1900000181049109        24.995766122320756     
  -4.1800000183284283        24.996668605073541     
  -4.1700000185519457        24.997577392728392     
  -4.1600000187754631        24.998492536973664     
  -4.1500000189989805        24.999414098377098     
  -4.1400000192224979        25.000342143788661     
  -4.1300000194460154        25.001276720614555     
  -4.1200000196695328        25.002217903451598     
  -4.1100000198930502        25.003165743131781     
  -4.1000000201165676        25.004120308322651     
  -4.0900000203400850        25.005081664331041     
  -4.0800000205636024        25.006049863298699     
  -4.0700000207871199        25.007024979590835     
  -4.0600000210106373        25.008007080787610     
  -4.0500000212341547        25.008996223040842     
  -4.0400000214576721        25.009992484791127     
  -4.0300000216811895        25.010995923231825     
  -4.0200000219047070        25.012006613206129     
  -4.0100000221282244        25.013024621780556     
  -4.0000000223517418        25.014050021688362     
  -3.9900000225752592        25.015082876796136     
  -3.9800000227987766        25.016123267913375     
  -3.9700000230222940        25.017171262223631     
  -3.9600000232458115        25.018226934797269     
  -3.9500000234693289        25.019290362774626     
  -3.9400000236928463        25.020361614071295     
  -3.9300000239163637        25.021440772215044     
  -3.9200000241398811        25.022527908129693     
  -3.9100000243633986        25.023623107049268     
  -3.9000000245869160        25.024726439000172     
  -3.8900000248104334        25.025837994469711     
  -3.8800000250339508        25.026957845814515     
  -3.8700000252574682        25.028086079425446     
  -3.8600000254809856        25.029222774004829     
  -3.8500000257045031        25.030368020158107     
  -3.8400000259280205        25.031521894204690     
  -3.8300000261515379        25.032684492562808     
  -3.8200000263750553        25.033855890621428     
  -3.8100000265985727        25.035036183944822     
  -3.8000000268220901        25.036225462372482     
  -3.7900000270456076        25.037423811798178     
  -3.7800000272691250        25.038631324814517     
  -3.7700000274926424        25.039848099329507     
  -3.7600000277161598        25.041074222303671     
  -3.7500000279396772        25.042309790334446     
  -3.7400000281631947        25.043554899240906     
  -3.7300000283867121        25.044809649530830     
  -3.7200000286102295        25.046074139418394     
  -3.7100000288337469        25.047348462237728     
  -3.7000000290572643        25.048632724525682     
  -3.6900000292807817        25.049927028578725     
  -3.6800000295042992        25.051231476574589     
  -3.6700000297278166        25.052546175572235     
  -3.6600000299513340        25.053871227511440     
  -3.6500000301748514        25.055206745025043     
  -3.6400000303983688        25.056552832941627     
  -3.6300000306218863        25.057909608826215     
  -3.6200000308454037        25.059277172993539     
  -3.6100000310689211        25.060655646444317     
  -3.6000000312924385        25.062045143622274     
  -3.5900000315159559        25.063445777941730     
  -3.5800000317394733        25.064857668309031     
  -3.5700000319629908        25.066280938651747     
  -3.5600000321865082        25.067715701149815     
  -3.5500000324100256        25.069162083794708     
  -3.5400000326335430        25.070620211643707     
  -3.5300000328570604        25.072090207081413     
  -3.5200000330805779        25.073572197681194     
  -3.5100000333040953        25.075066314946451     
  -3.5000000335276127        25.076572686338878     
  -3.4900000337511301        25.078091446677259     
  -3.4800000339746475        25.079622730013813     
  -3.4700000341981649        25.081166674499151     
  -3.4600000344216824        25.082723412070983     
  -3.4500000346451998        25.084293085702406     
  -3.4400000348687172        25.085875838033225     
  -3.4300000350922346        25.087471811313627     
  -3.4200000353157520        25.089081150872111     
  -3.4100000355392694        25.090704001442603     
  -3.4000000357627869        25.092340519487308     
  -3.3900000359863043        25.093990850899942     
  -3.3800000362098217        25.095655147338785     
  -3.3700000364333391        25.097333574635382     
  -3.3600000366568565        25.099026277671683     
  -3.3500000368803740        25.100733423719607     
  -3.3400000371038914        25.102455173339372     
  -3.3300000373274088        25.104191689752632     
  -3.3200000375509262        25.105943137284321     
  -3.3100000377744436        25.107709691980507     
  -3.3000000379979610        25.109491520361807     
  -3.2900000382214785        25.111288795176282     
  -3.2800000384449959        25.113101695288517     
  -3.2700000386685133        25.114930397776405     
  -3.2600000388920307        25.116775080503515     
  -3.2500000391155481        25.118635934452481     
  -3.2400000393390656        25.120513138846075     
  -3.2300000395625830        25.122406883922690     
  -3.2200000397861004        25.124317364521652     
  -3.2100000400096178        25.126244771309604     
  -3.2000000402331352        25.128189304831473     
  -3.1900000404566526        25.130151160182763     
  -3.1800000406801701        25.132130541894703     
  -3.1700000409036875        25.134127656428916     
  -3.1600000411272049        25.136142709840005     
  -3.1500000413507223        25.138175916744668     
  -3.1400000415742397        25.140227489704909     
  -3.1300000417977571        25.142297645813851     
  -3.1200000420212746        25.144386608624242     
  -3.1100000422447920        25.146494599428770     
  -3.1000000424683094        25.148621844982099     
  -3.0900000426918268        25.150768577888712     
  -3.0800000429153442        25.152935032116268     
  -3.0700000431388617        25.155121441595870     
  -3.0600000433623791        25.157328050302848     
  -3.0500000435858965        25.159555102797501     
  -3.0400000438094139        25.161802847285703     
  -3.0300000440329313        25.164071534077369     
  -3.0200000442564487        25.166361417939477     
  -3.0100000444799662        25.168672760622712     
  -3.0000000447034836        25.171005820729288     
  -2.9900000449270010        25.173360872674692     
  -2.9800000451505184        25.175738181162590     
  -2.9700000453740358        25.178138021193519     
  -2.9600000455975533        25.180560676697503     
  -2.9500000458210707        25.183006427848809     
  -2.9400000460445881        25.185475563206719     
  -2.9300000462681055        25.187968375991986     
  -2.9200000464916229        25.190485160593930     
  -2.9100000467151403        25.193026221794867     
  -2.9000000469386578        25.195591861812161     
  -2.8900000471621752        25.198182389322696     
  -2.8800000473856926        25.200798125577002     
  -2.8700000476092100        25.203439387064279     
  -2.8600000478327274        25.206106497460397     
  -2.8500000480562449        25.208799790297796     
  -2.8400000482797623        25.211519596558333     
  -2.8300000485032797        25.214266260142317     
  -2.8200000487267971        25.217040126717883     
  -2.8100000489503145        25.219841544583350     
  -2.8000000491738319        25.222670871825709     
  -2.7900000493973494        25.225528473482527     
  -2.7800000496208668        25.228414711184662     
  -2.7700000498443842        25.231329963792195     
  -2.7600000500679016        25.234274608147842     
  -2.7500000502914190        25.237249030864682     
  -2.7400000505149364        25.240253623130240     
  -2.7300000507384539        25.243288784200125     
  -2.7200000509619713        25.246354917096212     
  -2.7100000511854887        25.249452432664466     
  -2.7000000514090061        25.252581748666117     
  -2.6900000516325235        25.255743289978547     
  -2.6800000518560410        25.258937484148724     
  -2.6700000520795584        25.262164773263770     
  -2.6600000523030758        25.265425599996640     
  -2.6500000525265932        25.268720417314412     
  -2.6400000527501106        25.272049682903081     
  -2.6300000529736280        25.275413865587282     
  -2.6200000531971455        25.278813439123809     
  -2.6100000534206629        25.282248887950498     
  -2.6000000536441803        25.285720697851033     
  -2.5900000538676977        25.289229370789638     
  -2.5800000540912151        25.292775411954814     
  -2.5700000543147326        25.296359339334241     
  -2.5600000545382500        25.299981669073894     
  -2.5500000547617674        25.303642940275832     
  -2.5400000549852848        25.307343691416989     
  -2.5300000552088022        25.311084471578887     
  -2.5200000554323196        25.314865841659557     
  -2.5100000556558371        25.318688367102890     
  -2.5000000558793545        25.322552631986390     
  -2.4900000561028719        25.326459215853859     
  -2.4800000563263893        25.330408721247103     
  -2.4700000565499067        25.334401754807558     
  -2.4600000567734241        25.338438934698196     
  -2.4500000569969416        25.342520889458477     
  -2.4400000572204590        25.346648257460103     
  -2.4300000574439764        25.350821689441279     
  -2.4200000576674938        25.355041845054849     
  -2.4100000578910112        25.359309397448609     
  -2.4000000581145287        25.363625030649384     
  -2.3900000583380461        25.367989439075942     
  -2.3800000585615635        25.372403330767192     
  -2.3700000587850809        25.376867425301334     
  -2.3600000590085983        25.381382454283742     
  -2.3500000592321157        25.385949162503387     
  -2.3400000594556332        25.390568307033419     
  -2.3300000596791506        25.395240657898626     
  -2.3200000599026680        25.399967001385228     
  -2.3100000601261854        25.404748132361636     
  -2.3000000603497028        25.409584863495237     
  -2.2900000605732203        25.414478020360182     
  -2.2800000607967377        25.419428442108792     
  -2.2700000610202551        25.424436983898730     
  -2.2600000612437725        25.429504516446325     
  -2.2500000614672899        25.434631921509240     
  -2.2400000616908073        25.439820103575457     
  -2.2300000619143248        25.445069976305284     
  -2.2200000621378422        25.450382471591102     
  -2.2100000623613596        25.455758539973385     
  -2.2000000625848770        25.461199146783493     
  -2.1900000628083944        25.466705274206550     
  -2.1800000630319118        25.472277921185388     
  -2.1700000632554293        25.477918108789215     
  -2.1600000634789467        25.483626869310157     
  -2.1500000637024641        25.489405258931267     
  -2.1400000639259815        25.495254349640874     
  -2.1300000641494989        25.501175236085857     
  -2.1200000643730164        25.507169026380751     
  -2.1100000645965338        25.513236854826815     
  -2.1000000648200512        25.519379870459883     
  -2.0900000650435686        25.525599247351181     
  -2.0800000652670860        25.531896178029609     
  -2.0700000654906034        25.538271878142218     
  -2.0600000657141209        25.544727582058940     
  -2.0500000659376383        25.551264547673799     
  -2.0400000661611557        25.557884059047353     
  -2.0300000663846731        25.564587417267933     
  -2.0200000666081905        25.571375949757329     
  -2.0100000668317080        25.578251008157519     
  -2.0000000670552254        25.585213968391038     
  -1.9900000672787428        25.592266228255877     
  -1.9800000675022602        25.599409214747720     
  -1.9700000677257776        25.606644376766607     
  -1.9600000679492950        25.613973192996237     
  -1.9500000681728125        25.621397164176827     
  -1.9400000683963299        25.628917820815264     
  -1.9300000686198473        25.636536720301621     
  -1.9200000688433647        25.644255447968735     
  -1.9100000690668821        25.652075616239046     
  -1.9000000692903996        25.659998867591501     
  -1.8900000695139170        25.668026873850987     
  -1.8800000697374344        25.676161336546674     
  -1.8700000699609518        25.684403986313942     
  -1.8600000701844692        25.692756585655264     
  -1.8500000704079866        25.701220926676683     
  -1.8400000706315041        25.709798837214521     
  -1.8300000708550215        25.718492171934603     
  -1.8200000710785389        25.727302821378178     
  -1.8100000713020563        25.736232710405186     
  -1.8000000715255737        25.745283793892025     
  -1.7900000717490911        25.754458065130198     
  -1.7800000719726086        25.763757548797727     
  -1.7700000721961260        25.773184306232544     
  -1.7600000724196434        25.782740433731700     
  -1.7500000726431608        25.792428064700903     
  -1.7400000728666782        25.802249368736767     
  -1.7300000730901957        25.812206552171215     
  -1.7200000733137131        25.822301860865437     
  -1.7100000735372305        25.832537575764839     
  -1.7000000737607479        25.842916018399759     
  -1.6900000739842653        25.853439548432380     
  -1.6800000742077827        25.864110565699285     
  -1.6700000744313002        25.874931508234770     
  -1.6600000746548176        25.885904857195495     
  -1.6500000748783350        25.897033130935167     
  -1.6400000751018524        25.908318890898641     
  -1.6300000753253698        25.919764738989070     
  -1.6200000755488873        25.931373319695467     
  -1.6100000757724047        25.943147318653320     
  -1.6000000759959221        25.955089463660009     
  -1.5900000762194395        25.967202525396708     
  -1.5800000764429569        25.979489316456171     
  -1.5700000766664743        25.991952693057932     
  -1.5600000768899918        26.004595555326951     
  -1.5500000771135092        26.017420844119616     
  -1.5400000773370266        26.030431545565524     
  -1.5300000775605440        26.043630686579135     
  -1.5200000777840614        26.057021341709689     
  -1.5100000780075788        26.070606623244910     
  -1.5000000782310963        26.084389691088351     
  -1.4900000784546137        26.098373743783768     
  -1.4800000786781311        26.112562026256807     
  -1.4700000789016485        26.126957822819445     
  -1.4600000791251659        26.141564460898636     
  -1.4500000793486834        26.156385309509790     
  -1.4400000795722008        26.171423776690624     
  -1.4300000797957182        26.186683312088938     
  -1.4200000800192356        26.202167404816336     
  -1.4100000802427530        26.217879582268953     
  -1.4000000804662704        26.233823408527133     
  -1.3900000806897879        26.250002485876056     
  -1.3800000809133053        26.266420450708303     
  -1.3700000811368227        26.283080974052655     
  -1.3600000813603401        26.299987760305136     
  -1.3500000815838575        26.317144542782088     
  -1.3400000818073750        26.334555087072065     
  -1.3300000820308924        26.352223184012953     
  -1.3200000822544098        26.370152651414440     
  -1.3100000824779272        26.388347331068072     
  -1.3000000827014446        26.406811083444175     
  -1.2900000829249620        26.425547789462403     
  -1.2800000831484795        26.444561344931145     
  -1.2700000833719969        26.463855660033190     
  -1.2600000835955143        26.483434652798966     
  -1.2500000838190317        26.503302248536333     
  -1.2400000840425491        26.523462375199383     
  -1.2300000842660666        26.543918959267973     
  -1.2200000844895840        26.564675922478237     
  -1.2100000847131014        26.585737178098348     
  -1.2000000849366188        26.607106622552045     
  -1.1900000851601362        26.628788135794707     
  -1.1800000853836536        26.650785572526765     
  -1.1700000856071711        26.673102758024253     
  -1.1600000858306885        26.695743481811167     
  -1.1500000860542059        26.718711491402573     
  -1.1400000862777233        26.742010486795053     
  -1.1300000865012407        26.765644114696798     
  -1.1200000867247581        26.789615955635565     
  -1.1100000869482756        26.813929525316709     
  -1.1000000871717930        26.838588257555820     
  -1.0900000873953104        26.863595504709558     
  -1.0800000876188278        26.888954521480624     
  -1.0700000878423452        26.914668461299879     
  -1.0600000880658627        26.940740362600614     
  -1.0500000882893801        26.967173143740087     
  -1.0400000885128975        26.993969588193089     
  -1.0300000887364149        27.021132335769082     
  -1.0200000889599323        27.048663872811304     
  -1.0100000891834497        27.076566516983686     
  -1.0000000894069672        27.104842410111903     
 -0.99000008963048458        27.133493501551794     
 -0.98000008985400200        27.162521537013106     
 -0.97000009007751942        27.191928046046868     
 -0.96000009030103683        27.221714327406271     
 -0.95000009052455425        27.251881435083781     
 -0.94000009074807167        27.282430162405603     
 -0.93000009097158909        27.313361030874020     
 -0.92000009119510651        27.344674270546861     
 -0.91000009141862392        27.376369807075115     
 -0.90000009164214134        27.408447245548395     
 -0.89000009186565876        27.440905852068596     
 -0.88000009208917618        27.473744538546292     
 -0.87000009231269360        27.506961846280213     
 -0.86000009253621101        27.540555928379309     
 -0.85000009275972843        27.574524530497374     
 -0.84000009298324585        27.608864975236830     
 -0.83000009320676327        27.643574144032549     
 -0.82000009343028069        27.678648458297960     
 -0.81000009365379810        27.714083861242489     
 -0.80000009387731552        27.749875800535392     
 -0.79000009410083294        27.786019211644071     
 -0.78000009432435036        27.822508495376365     
 -0.77000009454786777        27.859337505432748     
 -0.76000009477138519        27.896499526278220     
 -0.75000009499490261        27.933987258790179     
 -0.74000009521842003        27.971792800424492     
 -0.73000009544193745        28.009907630787865     
 -0.72000009566545486        28.048322593645498     
 -0.71000009588897228        28.087027882859385     
 -0.70000009611248970        28.126013025695499     
 -0.69000009633600712        28.165266868162799     
 -0.68000009655952454        28.204777563877276     
 -0.67000009678304195        28.244532557791203     
 -0.66000009700655937        28.284518576629424     
 -0.65000009723007679        28.324721617745919     
 -0.64000009745359421        28.365126938656470     
 -0.63000009767711163        28.405719048130386     
 -0.62000009790062904        28.446481702359730     
 -0.61000009812414646        28.487397894060518     
 -0.60000009834766388        28.528449853257847     
 -0.59000009857118130        28.569619040249609     
 -0.58000009879469872        28.610886149011726     
 -0.57000009901821613        28.652231103741268     
 -0.56000009924173355        28.693633064375831     
 -0.55000009946525097        28.735070431026266     
 -0.54000009968876839        28.776520849234327     
 -0.53000009991228580        28.817961219812702     
 -0.52000010013580322        28.859367709234679     
 -0.51000010035932064        28.900715763055647     
 -0.50000010058283806        28.941980121656716     
 -0.49000010080635548        28.983134837137737     
 -0.48000010102987289        29.024153294893651     
 -0.47000010125339031        29.065008234652908     
 -0.46000010147690773        29.105671776306611     
 -0.45000010170042515        29.146115448109203     
 -0.44000010192394257        29.186310215842383     
 -0.43000010214745998        29.226226514748173     
 -0.42000010237097740        29.265834287192327     
 -0.41000010259449482        29.305103017377654     
 -0.40000010281801224        29.344001772146470     
 -0.39000010304152966        29.382499243179822     
 -0.38000010326504707        29.420563793542158     
 -0.37000010348856449        29.458163501704153     
 -0.36000010371208191        29.495266212241788     
 -0.35000010393559933        29.531839587032415     
 -0.34000010415911674        29.567851158163652     
 -0.33000010438263416        29.603268383588514     
 -0.32000010460615158        29.638058702835046     
 -0.31000010482966900        29.672189596793242     
 -0.30000010505318642        29.705628647297143     
 -0.29000010527670383        29.738343598070582     
 -0.28000010550022125        29.770302416567709     
 -0.27000010572373867        29.801473359128778     
 -0.26000010594725609        29.831825033681309     
 -0.25000010617077351        29.861326464431361     
 -0.24000010639429092        29.889947157768436     
 -0.23000010661780834        29.917657166777250     
 -0.22000010684132576        29.944427155949604     
 -0.21000010706484318        29.970228468293833     
 -0.20000010728836060        29.995033186708429     
 -0.19000010751187801        30.018814198473077     
 -0.18000010773539543        30.041545258787622     
 -0.17000010795891285        30.063201051154710     
 -0.16000010818243027        30.083757247619094     
 -0.15000010840594769        30.103190566688532     
 -0.14000010862946510        30.121478828953435     
 -0.13000010885298252        30.138601013748339     
 -0.12000010907649994        30.154537307144100     
 -0.11000010930001736        30.169269154742452     
 -0.10000010952353477        30.182779305406516     
  -9.0000109747052193E-002   30.195051856571819     
  -8.0000109970569611E-002   30.206072293334064     
  -7.0000110194087029E-002   30.215827526765391     
  -6.0000110417604446E-002   30.224305925723595     
  -5.0000110641121864E-002   30.231497349138277     
  -4.0000110864639282E-002   30.237393170248207     
  -3.0000111088156700E-002   30.241986300071275     
  -2.0000111311674118E-002   30.245271205047644     
  -1.0000111535191536E-002   30.247243923032606     
  -1.1175870895385742E-007   30.247902071400972     
   9.9998880177736282E-003   30.247244856166247     
   1.9999887794256210E-002   30.245273070888558     
   2.9999887570738792E-002   30.241989096890240     
   3.9999887347221375E-002   30.237396895908841     
   4.9999887123703957E-002   30.231502001161608     
   5.9999886900186539E-002   30.224311500439448     
   6.9999886676669121E-002   30.215834019605769     
   7.9999886453151703E-002   30.206079699950127     
   8.9999886229634285E-002   30.195060170851310     
   9.9999886006116867E-002   30.182788521285389     
  0.10999988578259945        30.169279265507022     
  0.11999988555908203        30.154548305396059     
  0.12999988533556461        30.138612890774851     
  0.13999988511204720        30.121491576707019     
  0.14999988488852978        30.103204175502420     
  0.15999988466501236        30.083771708311325     
  0.16999988444149494        30.063216352742778     
  0.17999988421797752        30.041561390315074     
  0.18999988399446011        30.018831148868344     
  0.19999988377094269        29.995050944107600     
  0.20999988354742527        29.970247020608955     
  0.21999988332390785        29.944446490382820     
  0.22999988310039043        29.917677269454153     
  0.23999988287687302        29.889968015693107     
  0.24999988265335560        29.861348064631219     
  0.25999988242983818        29.831847361438768     
  0.26999988220632076        29.801496400508672     
  0.27999988198280334        29.770326156510148     
  0.28999988175928593        29.738368021368458     
  0.29999988153576851        29.705653739805214     
  0.30999988131225109        29.672215342401280     
  0.31999988108873367        29.638085086094623     
  0.32999988086521626        29.603295389319676     
  0.33999988064169884        29.567878770290402     
  0.34999988041818142        29.531867790255337     
  0.35999988019466400        29.495294990485139     
  0.36999987997114658        29.458192839087577     
  0.37999987974762917        29.420593674123154     
  0.38999987952411175        29.382529651230037     
  0.39999987930059433        29.344032691391952     
  0.40999987907707691        29.305134432423294     
  0.41999987885355949        29.265866182450232     
  0.42999987863004208        29.226258874078230     
  0.43999987840652466        29.186343023344772     
  0.44999987818300724        29.146148688908749     
  0.45999987795948982        29.105705434633222     
  0.46999987773597240        29.065042295139580     
  0.47999987751245499        29.024187743134370     
  0.48999987728893757        28.983169657696319     
  0.49999987706542015        28.942015299742710     
  0.50999987684190273        28.900751284272410     
  0.51999987661838531        28.859403559539320     
  0.52999987639486790        28.817997384973864     
  0.53999987617135048        28.776557315436690     
  0.54999987594783306        28.735107184215938     
  0.55999987572431564        28.693670091894202     
  0.56999987550079823        28.652268391300645     
  0.57999987527728081        28.610923684315139     
  0.58999987505376339        28.569656811185755     
  0.59999987483024597        28.528487846301207     
  0.60999987460672855        28.487436098118138     
  0.61999987438321114        28.446520104758783     
  0.62999987415969372        28.405757637394402     
  0.63999987393617630        28.365165703466072     
  0.64999987371265888        28.324760547511453     
  0.65999987348914146        28.284557660049764     
  0.66999987326562405        28.244571784437905     
  0.67999987304210663        28.204816923719402     
  0.68999987281858921        28.165306350909198     
  0.69999987259507179        28.126052621536914     
  0.70999987237155437        28.087067582971645     
  0.71999987214803696        28.048362388272540     
  0.72999987192451954        28.009947510927972     
  0.73999987170100212        27.971832758215388     
  0.74999987147748470        27.934027285139841     
  0.75999987125396729        27.896539613315536     
  0.76999987103044987        27.859377644871216     
  0.77999987080693245        27.822548679754423     
  0.78999987058341503        27.786059433361402     
  0.79999987035989761        27.749916052693422     
  0.80999987013638020        27.714124136494434     
  0.81999986991286278        27.678688750266875     
  0.82999986968934536        27.643614446735914     
  0.83999986946582794        27.608905281980853     
  0.84999986924231052        27.574564835422517     
  0.85999986901879311        27.540596225530628     
  0.86999986879527569        27.507002130071896     
  0.87999986857175827        27.473784803148206     
  0.88999986834824085        27.440946092015970     
  0.89999986812472343        27.408487456834845     
  0.90999986790120602        27.376409985016949     
  0.91999986767768860        27.344714409726091     
  0.92999986745417118        27.313401126603264     
  0.93999986723065376        27.282470210752148     
  0.94999986700713634        27.251921431987402     
  0.95999986678361893        27.221754269518673     
  0.96999986656010151        27.191967928997141     
  0.97999986633658409        27.162561356881120     
  0.98999986611306667        27.133533254927780     
  0.99999986588954926        27.104882094107232     
   1.0099998656660318        27.076606128320940     
   1.0199998654425144        27.048703407823094     
   1.0299998652189970        27.021171792485450     
   1.0399998649954796        26.994008963288255     
   1.0499998647719622        26.967212434466148     
   1.0599998645484447        26.940779567193687     
   1.0699998643249273        26.914707576109119     
   1.0799998641014099        26.888993545057865     
   1.0899998638778925        26.863634435017357     
   1.0999998636543751        26.838627091913374     
   1.1099998634308577        26.813968261990279     
   1.1199998632073402        26.789654593187056     
   1.1299998629838228        26.765682650240663     
   1.1399998627603054        26.742048920348097     
   1.1499998625367880        26.718749819632283     
   1.1599998623132706        26.695781703823418     
   1.1699998620897532        26.673140872591762     
   1.1799998618662357        26.650823578533441     
   1.1899998616427183        26.628826031287030     
   1.1999998614192009        26.607144406721261     
   1.2099998611956835        26.585774849322448     
   1.2199998609721661        26.564713480756840     
   1.2299998607486486        26.543956403211691     
   1.2399998605251312        26.523499703283186     
   1.2499998603016138        26.503339460995264     
   1.2599998600780964        26.483471747527069     
   1.2699998598545790        26.463892637418297     
   1.2799998596310616        26.444598203908264     
   1.2899998594075441        26.425584528866846     
   1.2999998591840267        26.406847703489269     
   1.3099998589605093        26.388383830760858     
   1.3199998587369919        26.370189031369300     
   1.3299998585134745        26.352259442144440     
   1.3399998582899570        26.334591223970893     
   1.3499998580664396        26.317180558065353     
   1.3599998578429222        26.300023653413927     
   1.3699998576194048        26.283116744801884     
   1.3799998573958874        26.266456099481623     
   1.3899998571723700        26.250038011753922     
   1.3999998569488525        26.233858811387979     
   1.4099998567253351        26.217914861813931     
   1.4199998565018177        26.202202561209866     
   1.4299998562783003        26.186718345381170     
   1.4399998560547829        26.171458686502739     
   1.4499998558312654        26.156420096805828     
   1.4599998556077480        26.141599125305422     
   1.4699998553842306        26.126992364247116     
   1.4799998551607132        26.112596444751706     
   1.4899998549371958        26.098408040182324     
   1.4999998547136784        26.084423864176280     
   1.5099998544901609        26.070640673827715     
   1.5199998542666435        26.057055269573691     
   1.5299998540431261        26.043664492729601     
   1.5399998538196087        26.030465229106785     
   1.5499998535960913        26.017454406466427     
   1.5599998533725739        26.004628997019505     
   1.5699998531490564        25.991986013431937     
   1.5799998529255390        25.979522515382978     
   1.5899998527020216        25.967235603225770     
   1.5999998524785042        25.955122421910950     
   1.6099998522549868        25.943180156784049     
   1.6199998520314693        25.931406038166827     
   1.6299998518079519        25.919797338901198     
   1.6399998515844345        25.908351370842308     
   1.6499998513609171        25.897065492608174     
   1.6599998511373997        25.885937100380868     
   1.6699998509138823        25.874963634740631     
   1.6799998506903648        25.864142573835796     
   1.6899998504668474        25.853471439880749     
   1.6999998502433300        25.842947792991634     
   1.7099998500198126        25.832569234702213     
   1.7199998497962952        25.822333403462117     
   1.7299998495727777        25.812237980343347     
   1.7399998493492603        25.802280681392766     
   1.7499998491257429        25.792459262633926     
   1.7599998489022255        25.782771517933011     
   1.7699998486787081        25.773215277493520     
   1.7799998484551907        25.763788406600902     
   1.7899998482316732        25.754488810797302     
   1.7999998480081558        25.745314428423917     
   1.8099998477846384        25.736263232728199     
   1.8199998475611210        25.727333232836770     
   1.8299998473376036        25.718522472258915     
   1.8399998471140862        25.709829027315557     
   1.8499998468905687        25.701251007884977     
   1.8599998466670513        25.692786557358179     
   1.8699998464435339        25.684433849546007     
   1.8799998462200165        25.676191092174204     
   1.8899998459964991        25.668056522171707     
   1.8999998457729816        25.660028409364951     
   1.9099998455494642        25.652105050264598     
   1.9199998453259468        25.644284775481662     
   1.9299998451024294        25.636565943111080     
   1.9399998448789120        25.628946939289818     
   1.9499998446553946        25.621426177286761     
   1.9599998444318771        25.614002101959219     
   1.9699998442083597        25.606673184042815     
   1.9799998439848423        25.599437917822115     
   1.9899998437613249        25.592294829635193     
   1.9999998435378075        25.585242467417519     
   2.0099998433142900        25.578279405810498     
   2.0199998430907726        25.571404247027441     
   2.0299998428672552        25.564615613650069     
   2.0399998426437378        25.557912154837993     
   2.0499998424202204        25.551292545397821     
   2.0599998421967030        25.544755480986421     
   2.0699998419731855        25.538299678655996     
   2.0799998417496681        25.531923881570112     
   2.0899998415261507        25.525626852699830     
   2.0999998413026333        25.519407379482281     
   2.1099998410791159        25.513264266189047     
   2.1199998408555984        25.507196343375018     
   2.1299998406320810        25.501202457111376     
   2.1399998404085636        25.495281476727335     
   2.1499998401850462        25.489432291871573     
   2.1599998399615288        25.483653808258094     
   2.1699998397380114        25.477944954067119     
   2.1799998395144939        25.472304674947964     
   2.1899998392909765        25.466731935478855     
   2.1999998390674591        25.461225715320552     
   2.2099998388439417        25.455785018625818     
   2.2199998386204243        25.450408859095649     
   2.2299998383969069        25.445096273225868     
   2.2399998381733894        25.439846311260748     
   2.2499998379498720        25.434658039934742     
   2.2599998377263546        25.429530545878066     
   2.2699998375028372        25.424462924984319     
   2.2799998372793198        25.419454295453409     
   2.2899998370558023        25.414503786461921     
   2.2999998368322849        25.409610542855429     
   2.3099998366087675        25.404773725382032     
   2.3199998363852501        25.399992507833201     
   2.3299998361617327        25.395266079838105     
   2.3399998359382153        25.390593643305142     
   2.3499998357146978        25.385974414116941     
   2.3599998354911804        25.381407621348405     
   2.3699998352676630        25.376892509784462     
   2.3799998350441456        25.372428332609747     
   2.3899998348206282        25.368014358052474     
   2.3999998345971107        25.363649867798770     
   2.4099998343735933        25.359334152382957     
   2.4199998341500759        25.355066519160903     
   2.4299998339265585        25.350846282503483     
   2.4399998337030411        25.346672770628825     
   2.4499998334795237        25.342545320885826     
   2.4599998332560062        25.338463287299316     
   2.4699998330324888        25.334426028649155     
   2.4799998328089714        25.330432914659667     
   2.4899998325854540        25.326483332622658     
   2.4999998323619366        25.322576669006377     
   2.5099998321384192        25.318712329883510     
   2.5199998319149017        25.314889725253408     
   2.5299998316913843        25.311108278847616     
   2.5399998314678669        25.307367423368390     
   2.5499998312443495        25.303666596691230     
   2.5599998310208321        25.300005250562226     
   2.5699998307973146        25.296382842232099     
   2.5799998305737972        25.292798843877240     
   2.5899998303502798        25.289252728439941     
   2.5999998301267624        25.285743981561211     
   2.6099998299032450        25.282272097605503     
   2.6199998296797276        25.278836577197033     
   2.6299998294562101        25.275436930417971     
   2.6399998292326927        25.272072676246744     
   2.6499998290091753        25.268743337886278     
   2.6599998287856579        25.265448450407121     
   2.6699998285621405        25.262187553236945     
   2.6799998283386230        25.258960193065501     
   2.6899998281151056        25.255765927725992     
   2.6999998278915882        25.252604318072773     
   2.7099998276680708        25.249474932814877     
   2.7199998274445534        25.246377346919534     
   2.7299998272210360        25.243311146555719     
   2.7399998269975185        25.240275916867191     
   2.7499998267740011        25.237271256720135     
   2.7599998265504837        25.234296767040444     
   2.7699998263269663        25.231352053124212     
   2.7799998261034489        25.228436735112190     
   2.7899998258799314        25.225550430271483     
   2.7999998256564140        25.222692765430651     
   2.8099998254328966        25.219863370924134     
   2.8199998252093792        25.217061886763432     
   2.8299998249858618        25.214287956406167     
   2.8399998247623444        25.211541228273955     
   2.8499998245388269        25.208821356425499     
   2.8599998243153095        25.206128000387828     
   2.8699998240917921        25.203460824119173     
   2.8799998238682747        25.200819500674019     
   2.8899998236447573        25.198203701859217     
   2.8999998234212399        25.195613109338979     
   2.9099998231977224        25.193047409397007     
   2.9199998229742050        25.190506286299268     
   2.9299998227506876        25.187989439364703     
   2.9399998225271702        25.185496566885305     
   2.9499998223036528        25.183027370257072     
   2.9599998220801353        25.180581556883439     
   2.9699998218566179        25.178158842126610     
   2.9799998216331005        25.175758939371722     
   2.9899998214095831        25.173381573584990     
   2.9999998211860657        25.171026463277624     
   3.0099998209625483        25.168693342090073     
   3.0199998207390308        25.166381941379548     
   3.0299998205155134        25.164091997765823     
   3.0399998202919960        25.161823252840662     
   3.0499998200684786        25.159575452809946     
   3.0599998198449612        25.157348342072275     
   3.0699998196214437        25.155141675355996     
   3.0799998193979263        25.152955207552811     
   3.0899998191744089        25.150788698189778     
   3.0999998189508915        25.148641907898970     
   3.1099998187273741        25.146514605441737     
   3.1199998185038567        25.144406558387512     
   3.1299998182803392        25.142317541706316     
   3.1399998180568218        25.140247330655892     
   3.1499998178333044        25.138195701137590     
   3.1599998176097870        25.136162440130573     
   3.1699998173862696        25.134147330860969     
   3.1799998171627522        25.132150163490685     
   3.1899998169392347        25.130170727997250     
   3.1999998167157173        25.128208818626284     
   3.2099998164921999        25.126264232869310     
   3.2199998162686825        25.124336772986101     
   3.2299998160451651        25.122426241054232     
   3.2399998158216476        25.120532439126393     
   3.2499998155981302        25.118655181631752     
   3.2599998153746128        25.116794280300777     
   3.2699998151510954        25.114949543120119     
   3.2799998149275780        25.113120787827388     
   3.2899998147040606        25.111307838072548     
   3.2999998144805431        25.109510512222617     
   3.3099998142570257        25.107728632555034     
   3.3199998140335083        25.105962028316021     
   3.3299998138099909        25.104210529330924     
   3.3399998135864735        25.102473962339680     
   3.3499998133629560        25.100752163818601     
   3.3599998131394386        25.099044969233272     
   3.3699998129159212        25.097352214056080     
   3.3799998126924038        25.095673741384019     
   3.3899998124688864        25.094009395552870     
   3.3999998122453690        25.092359016295578     
   3.4099998120218515        25.090722449620362     
   3.4199998117983341        25.089099548459615     
   3.4299998115748167        25.087490160315241     
   3.4399998113512993        25.085894140041848     
   3.4499998111277819        25.084311341576345     
   3.4599998109042645        25.082741619857156     
   3.4699998106807470        25.081184833499297     
   3.4799998104572296        25.079640845118117     
   3.4899998102337122        25.078109515372407     
   3.4999998100101948        25.076590709679909     
   3.5099998097866774        25.075084290042611     
   3.5199998095631599        25.073590129317285     
   3.5299998093396425        25.072108091840079     
   3.5399998091161251        25.070638049380314     
   3.5499998088926077        25.069179878677510     
   3.5599998086690903        25.067733451161104     
   3.5699998084455729        25.066298641111686     
   3.5799998082220554        25.064875330190411     
   3.5899998079985380        25.063463393457678     
   3.5999998077750206        25.062062715132146     
   3.6099998075515032        25.060673174476499     
   3.6199998073279858        25.059294655953636     
   3.6299998071044683        25.057927045553335     
   3.6399998068809509        25.056570231258593     
   3.6499998066574335        25.055224099155129     
   3.6599998064339161        25.053888540087478     
   3.6699998062103987        25.052563443431215     
   3.6799998059868813        25.051248703010124     
   3.6899998057633638        25.049944212253536     
   3.6999998055398464        25.048649867731701     
   3.7099998053163290        25.047365562425373     
   3.7199998050928116        25.046091193741432     
   3.7299998048692942        25.044826665241729     
   3.7399998046457767        25.043571874852415     
   3.7499998044222593        25.042326722739194     
   3.7599998041987419        25.041091114248065     
   3.7699998039752245        25.039864950510378     
   3.7799998037517071        25.038648138178079     
   3.7899998035281897        25.037440581097485     
   3.7999998033046722        25.036242191522486     
   3.8099998030811548        25.035052875401142     
   3.8199998028576374        25.033872541372567     
   3.8299998026341200        25.032701101372108     
   3.8399998024106026        25.031538464540926     
   3.8499998021870852        25.030384552840005     
   3.8599998019635677        25.029239266374592     
   3.8699998017400503        25.028102531716502     
   3.8799998015165329        25.026974259796717     
   3.8899998012930155        25.025854371073823     
   3.8999998010694981        25.024742777006548     
   3.9099998008459806        25.023639406600896     
   3.9199998006224632        25.022544173789974     
   3.9299998003989458        25.021456995389908     
   3.9399998001754284        25.020377800114328     
   3.9499997999519110        25.019306510961236     
   3.9599997997283936        25.018243048260356     
   3.9699997995048761        25.017187337954645     
   3.9799997992813587        25.016139303715651     
   3.9899997990578413        25.015098878687269     
   3.9999997988343239        25.014065982739560     
   4.0099997986108065        25.013040549174317     
   4.0199997983872890        25.012022499975405     
   4.0299997981637716        25.011011778417949     
   4.0399997979402542        25.010008300586701     
   4.0499997977167368        25.009012008338154     
   4.0599997974932194        25.008022825083604     
   4.0699997972697020        25.007040693526665     
   4.0799997970461845        25.006065538528517     
   4.0899997968226671        25.005097301309146     
   4.0999997965991497        25.004135910853087     
   4.1099997963756323        25.003181310246962     
   4.1199997961521149        25.002233435520495     
   4.1299997959285975        25.001292218240714     
   4.1399997957050800        25.000357606979012     
   4.1499997954815626        24.999429529107132     
   4.1599997952580452        24.998507931875494     
   4.1699997950345278        24.997592749272673     
   4.1799997948110104        24.996683932616197     
   4.1899997945874929        24.995781416262481     
   4.1999997943639755        24.994885144370613     
   4.2099997941404581        24.993995056405719     
   4.2199997939169407        24.993111101396089     
   4.2299997936934233        24.992233219509203     
   4.2399997934699059        24.991361362322046     
   4.2499997932463884        24.990495465304637     
   4.2599997930228710        24.989635481835133     
   4.2699997927993536        24.988781362002968     
   4.2799997925758362        24.987933042475291     
   4.2899997923523188        24.987090478205417     
   4.2999997921288013        24.986253615966650     
   4.3099997919052839        24.985422404080158     
   4.3199997916817665        24.984596798056579     
   4.3299997914582491        24.983776743037144     
   4.3399997912347317        24.982962186995355     
   4.3499997910112143        24.982153086500297     
   4.3599997907876968        24.981349389093218     
   4.3699997905641794        24.980551048690582     
   4.3799997903406620        24.979758023063269     
   4.3899997901171446        24.978970259985640     
   4.3999997898936272        24.978187714558878     
   4.4099997896701097        24.977410339124965     
   4.4199997894465923        24.976638094517821     
   4.4299997892230749        24.975870930033587     
   4.4399997889995575        24.975108801417601     
   4.4499997887760401        24.974351671820305     
   4.4599997885525227        24.973599496394687     
   4.4699997883290052        24.972852221914120     
   4.4799997881054878        24.972109818848917     
   4.4899997878819704        24.971372235732733     
   4.4999997876584530        24.970639442392649     
   4.5099997874349356        24.969911389251326     
   4.5199997872114182        24.969188032822874     
   4.5299997869879007        24.968469342680951     
   4.5399997867643833        24.967755274934149     
   4.5499997865408659        24.967045787852435     
   4.5599997863173485        24.966340844824195     
   4.5699997860938311        24.965640409358603     
   4.5799997858703136        24.964944441349214     
   4.5899997856467962        24.964252900398275     
   4.5999997854232788        24.963565754960904     
   4.6099997851997614        24.962882961049388     
   4.6199997849762440        24.962204490334557     
   4.6299997847527266        24.961530300773831     
   4.6399997845292091        24.960860360903347     
   4.6499997843056917        24.960194629290864     
   4.6599997840821743        24.959533076641037     
   4.6699997838586569        24.958875668238750     
   4.6799997836351395        24.958222365327973     
   4.6899997834116220        24.957573139438512     
   4.6999997831881046        24.956927954957539     
   4.7099997829645872        24.956286772501212     
   4.7199997827410698        24.955649569575048     
   4.7299997825175524        24.955016305681237     
   4.7399997822940350        24.954386954239443     
   4.7499997820705175        24.953761481236839     
   4.7599997818470001        24.953139851418143     
   4.7699997816234827        24.952522039322336     
   4.7799997813999653        24.951908006649571     
   4.7899997811764479        24.951297732310803     
   4.7999997809529305        24.950691175829057     
   4.8099997807294130        24.950088318846031     
   4.8199997805058956        24.949489124164870     
   4.8299997802823782        24.948893558179140     
   4.8399997800588608        24.948301601919987     
   4.8499997798353434        24.947713222964758     
   4.8599997796118259        24.947128389028968     
   4.8699997793883085        24.946547072685409     
   4.8799997791647911        24.945969247234228     
   4.8899997789412737        24.945394888590759     
   4.8999997787177563        24.944823965310125     
   4.9099997784942389        24.944256448351570     
   4.9199997782707214        24.943692318589626     
   4.9299997780472040        24.943131536250121     
   4.9399997778236866        24.942574085771824     
   4.9499997776001692        24.942019942760183     
   4.9599997773766518        24.941469069683826     
   4.9699997771531343        24.940921449835308     
   4.9799997769296169        24.940377061166163     
   4.9899997767060995        24.939835866660395     
   4.9999997764825821        24.939297852341532     
