   0.0000000000000000       -0.0000000000000000     
   1.0000000000000000E-002   1.6562767478084228E-006
   2.0000000000000000E-002   6.6232843896068404E-006
   2.9999999999999999E-002   1.4897667801851564E-005
   4.0000000000000001E-002   2.6475244964900964E-005
   5.0000000000000003E-002   4.1351009127686133E-005
   6.0000000000000005E-002   5.9519132190621023E-005
   7.0000000000000007E-002   8.0972968213691266E-005
   8.0000000000000002E-002   1.0570505618686569E-004
   8.9999999999999997E-002   1.3370712481229955E-004
   9.9999999999999992E-002   1.6497009663687755E-004
  0.10999999999999999        1.9948409261853504E-004
  0.11999999999999998        2.3723843776156045E-004
  0.12999999999999998        2.7822166578974218E-004
  0.13999999999999999        3.2242152537456252E-004
  0.14999999999999999        3.6982498600798770E-004
  0.16000000000000000        4.2041824519454087E-004
  0.17000000000000001        4.7418673396712734E-004
  0.18000000000000002        5.3111512543067146E-004
  0.19000000000000003        5.9118734132366949E-004
  0.20000000000000004        6.5438656015182170E-004
  0.21000000000000005        7.2069522521060183E-004
  0.22000000000000006        7.9009505313459513E-004
  0.23000000000000007        8.6256704249551238E-004
  0.24000000000000007        9.3809148303204020E-004
  0.25000000000000006        1.0166479652638817E-003
  0.26000000000000006        1.0982153897671043E-003
  0.27000000000000007        1.1827719769279409E-003
  0.28000000000000008        1.2702952782245116E-003
  0.29000000000000009        1.3607621857232963E-003
  0.30000000000000010        1.4541489436042773E-003
  0.31000000000000011        1.5504311588686939E-003
  0.32000000000000012        1.6495838131305068E-003
  0.33000000000000013        1.7515812737010938E-003
  0.34000000000000014        1.8563973064415610E-003
  0.35000000000000014        1.9640050865663539E-003
  0.36000000000000015        2.0743772126274843E-003
  0.37000000000000016        2.1874857182171904E-003
  0.38000000000000017        2.3033020844965869E-003
  0.39000000000000018        2.4217972545480674E-003
  0.40000000000000019        2.5429416458341647E-003
  0.41000000000000020        2.6667051637961452E-003
  0.42000000000000021        2.7930572163667212E-003
  0.43000000000000022        2.9219667269156308E-003
  0.44000000000000022        3.0534021488412321E-003
  0.45000000000000023        3.1873314805540031E-003
  0.46000000000000024        3.3237222790974403E-003
  0.47000000000000025        3.4625416755100355E-003
  0.48000000000000026        3.6037563889097035E-003
  0.49000000000000027        3.7473327427976324E-003
  0.50000000000000022        3.8932366788517322E-003
  0.51000000000000023        4.0414337735935751E-003
  0.52000000000000024        4.1918892527381792E-003
  0.53000000000000025        4.3445680075357793E-003
  0.54000000000000026        4.4994346099605596E-003
  0.55000000000000027        4.6564533294398570E-003
  0.56000000000000028        4.8155881472775539E-003
  0.57000000000000028        4.9768027743436506E-003
  0.58000000000000029        5.1400606661281727E-003
  0.59000000000000030        5.3053250392966454E-003
  0.60000000000000031        5.4725588879235626E-003
  0.61000000000000032        5.6417249997137561E-003
  0.62000000000000033        5.8127859726161578E-003
  0.63000000000000034        5.9857042311658127E-003
  0.64000000000000035        6.1604420427923048E-003
  0.65000000000000036        6.3369615347386244E-003
  0.66000000000000036        6.5152247098796369E-003
  0.67000000000000037        6.6951934637460098E-003
  0.68000000000000038        6.8768296011404127E-003
  0.69000000000000039        7.0600948523880033E-003
  0.70000000000000040        7.2449508897658174E-003
  0.71000000000000041        7.4313593443668200E-003
  0.72000000000000042        7.6192818220404438E-003
  0.73000000000000043        7.8086799199266980E-003
  0.74000000000000044        7.9995152437781925E-003
  0.75000000000000044        8.1917494220758742E-003
  0.76000000000000045        8.3853441248135010E-003
  0.77000000000000046        8.5802610772354303E-003
  0.78000000000000047        8.7764620780816614E-003
  0.79000000000000048        8.9739090136441105E-003
  0.80000000000000049        9.1725638747884742E-003
  0.81000000000000050        9.3723887725080529E-003
  0.82000000000000051        9.5733459529665291E-003
  0.83000000000000052        9.7753978137184068E-003
  0.84000000000000052        9.9785069186265427E-003
  0.85000000000000053        1.0182636012893771E-002
  0.86000000000000054        1.0387748038545830E-002
  0.87000000000000055        1.0593806149312154E-002
  0.88000000000000056        1.0800773724622187E-002
  0.89000000000000057        1.1008614384918085E-002
  0.90000000000000058        1.1217292005491604E-002
  0.91000000000000059        1.1426770730779719E-002
  0.92000000000000060        1.1637014988507994E-002
  0.93000000000000060        1.1847989502659502E-002
  0.94000000000000061        1.2059659308203317E-002
  0.95000000000000062        1.2271989762818248E-002
  0.96000000000000063        1.2484946561443158E-002
  0.97000000000000064        1.2698495747825085E-002
  0.98000000000000065        1.2912603727775137E-002
  0.99000000000000066        1.3127237281185108E-002
   1.0000000000000007        1.3342363574213742E-002
   1.0100000000000007        1.3557950170213494E-002
   1.0200000000000007        1.3773965042993986E-002
   1.0300000000000007        1.3990376586120847E-002
   1.0400000000000007        1.4207153624396129E-002
   1.0500000000000007        1.4424265425469197E-002
   1.0600000000000007        1.4641681708534257E-002
   1.0700000000000007        1.4859372655195996E-002
   1.0800000000000007        1.5077308919356868E-002
   1.0900000000000007        1.5295461635862923E-002
   1.1000000000000008        1.5513802430287655E-002
   1.1100000000000008        1.5732303427076127E-002
   1.1200000000000008        1.5950937258045056E-002
   1.1300000000000008        1.6169677070867045E-002
   1.1400000000000008        1.6388496536425594E-002
   1.1500000000000008        1.6607369855509351E-002
   1.1600000000000008        1.6826271767756525E-002
   1.1700000000000008        1.7045177556360369E-002
   1.1800000000000008        1.7264063055036364E-002
   1.1900000000000008        1.7482904654762463E-002
   1.2000000000000008        1.7701679308175632E-002
   1.2100000000000009        1.7920364535629243E-002
   1.2200000000000009        1.8138938429773706E-002
   1.2300000000000009        1.8357379660408610E-002
   1.2400000000000009        1.8575667478123975E-002
   1.2500000000000009        1.8793781718750780E-002
   1.2600000000000009        1.9011702805990498E-002
   1.2700000000000009        1.9229411755117387E-002
   1.2800000000000009        1.9446890175817123E-002
   1.2900000000000009        1.9664120273533117E-002
   1.3000000000000009        1.9881084852749531E-002
   1.3100000000000009        2.0097767317636763E-002
   1.3200000000000010        2.0314151673429221E-002
   1.3300000000000010        2.0530222527634548E-002
   1.3400000000000010        2.0745965090249941E-002
   1.3500000000000010        2.0961365174136111E-002
   1.3600000000000010        2.1176409194160122E-002
   1.3700000000000010        2.1391084167566559E-002
   1.3800000000000010        2.1605377712581638E-002
   1.3900000000000010        2.1819278046280248E-002
   1.4000000000000010        2.2032773984501552E-002
   1.4100000000000010        2.2245854938780014E-002
   1.4200000000000010        2.2458510914432059E-002
   1.4300000000000010        2.2670732507365090E-002
   1.4400000000000011        2.2882510901739289E-002
   1.4500000000000011        2.3093837865753981E-002
   1.4600000000000011        2.3304705749084886E-002
   1.4700000000000011        2.3515107477408873E-002
   1.4800000000000011        2.3725036549633153E-002
   1.4900000000000011        2.3934487031740084E-002
   1.5000000000000011        2.4143453553011805E-002
   1.5100000000000011        2.4351931299746925E-002
   1.5200000000000011        2.4559916010301525E-002
   1.5300000000000011        2.4767403969469970E-002
   1.5400000000000011        2.4974392000981633E-002
   1.5500000000000012        2.5180877462428516E-002
   1.5600000000000012        2.5386858238361266E-002
   1.5700000000000012        2.5592332732011849E-002
   1.5800000000000012        2.5797299859590395E-002
   1.5900000000000012        2.6001759041852607E-002
   1.6000000000000012        2.6205710196373369E-002
   1.6100000000000012        2.6409153729760465E-002
   1.6200000000000012        2.6612090529258892E-002
   1.6300000000000012        2.6814521954240708E-002
   1.6400000000000012        2.7016449827356698E-002
   1.6500000000000012        2.7217876425565585E-002
   1.6600000000000013        2.7418804471440832E-002
   1.6700000000000013        2.7619237123223211E-002
   1.6800000000000013        2.7819177965641605E-002
   1.6900000000000013        2.8018630999701585E-002
   1.7000000000000013        2.8217600633650003E-002
   1.7100000000000013        2.8416091672250197E-002
   1.7200000000000013        2.8614109305866602E-002
   1.7300000000000013        2.8811659102095249E-002
   1.7400000000000013        2.9008746993034514E-002
   1.7500000000000013        2.9205379265940575E-002
   1.7600000000000013        2.9401562552316910E-002
   1.7700000000000014        2.9597303816157536E-002
   1.7800000000000014        2.9792610344024851E-002
   1.7900000000000014        2.9987489733151049E-002
   1.8000000000000014        3.0181949880499059E-002
   1.8100000000000014        3.0375998971692929E-002
   1.8200000000000014        3.0569645469169706E-002
   1.8300000000000014        3.0762898101192884E-002
   1.8400000000000014        3.0955765849509445E-002
   1.8500000000000014        3.1148257939585717E-002
   1.8600000000000014        3.1340383826907590E-002
   1.8700000000000014        3.1532153186720847E-002
   1.8800000000000014        3.1723575902095735E-002
   1.8900000000000015        3.1914662052111319E-002
   1.9000000000000015        3.2105421900048989E-002
   1.9100000000000015        3.2295865882375450E-002
   1.9200000000000015        3.2486004596363714E-002
   1.9300000000000015        3.2675848789095657E-002
   1.9400000000000015        3.2865409345580160E-002
   1.9500000000000015        3.3054697276625689E-002
   1.9600000000000015        3.3243723708614510E-002
   1.9700000000000015        3.3432499871063379E-002
   1.9800000000000015        3.3621037084908441E-002
   1.9900000000000015        3.3809346752873205E-002
   2.0000000000000013        3.3997440345964747E-002
   2.0100000000000011        3.4185329393615044E-002
   2.0200000000000009        3.4373025473109713E-002
   2.0300000000000007        3.4560540196739396E-002
   2.0400000000000005        3.4747885202718209E-002
   2.0500000000000003        3.4935072143373415E-002
   2.0600000000000001        3.5122112674850124E-002
   2.0699999999999998        3.5309018446747012E-002
   2.0799999999999996        3.5495801090950595E-002
   2.0899999999999994        3.5682472212515345E-002
   2.0999999999999992        3.5869043378511815E-002
   2.1099999999999990        3.6055526108540972E-002
   2.1199999999999988        3.6241931864785040E-002
   2.1299999999999986        3.6428272042726716E-002
   2.1399999999999983        3.6614557960738113E-002
   2.1499999999999981        3.6800800852104319E-002
   2.1599999999999979        3.6987011854084109E-002
   2.1699999999999977        3.7173202001026723E-002
   2.1799999999999975        3.7359382214210562E-002
   2.1899999999999973        3.7545563293414325E-002
   2.1999999999999971        3.7731755909217922E-002
   2.2099999999999969        3.7917970593947872E-002
   2.2199999999999966        3.8104217734416003E-002
   2.2299999999999964        3.8290507563761504E-002
   2.2399999999999962        3.8476850154074337E-002
   2.2499999999999960        3.8663255409124846E-002
   2.2599999999999958        3.8849733056945390E-002
   2.2699999999999956        3.9036292643612733E-002
   2.2799999999999954        3.9222943525388562E-002
   2.2899999999999952        3.9409694864111861E-002
   2.2999999999999949        3.9596555618961249E-002
   2.3099999999999947        3.9783534542336699E-002
   2.3199999999999945        3.9970640172578814E-002
   2.3299999999999943        4.0157880829992665E-002
   2.3399999999999941        4.0345264610509662E-002
   2.3499999999999939        4.0532799380857201E-002
   2.3599999999999937        4.0720492774331193E-002
   2.3699999999999934        4.0908352185872070E-002
   2.3799999999999932        4.1096384768003008E-002
   2.3899999999999930        4.1284597426773359E-002
   2.3999999999999928        4.1472996818091190E-002
   2.4099999999999926        4.1661589343663576E-002
   2.4199999999999924        4.1850381149122332E-002
   2.4299999999999922        4.2039378119158359E-002
   2.4399999999999920        4.2228585876385158E-002
   2.4499999999999917        4.2418009778146866E-002
   2.4599999999999915        4.2607654914088681E-002
   2.4699999999999913        4.2797526104610517E-002
   2.4799999999999911        4.2987627898967387E-002
   2.4899999999999909        4.3177964573574763E-002
   2.4999999999999907        4.3368540130809145E-002
   2.5099999999999905        4.3559358298591679E-002
   2.5199999999999902        4.3750422528554905E-002
   2.5299999999999900        4.3941735996584540E-002
   2.5399999999999898        4.4133301601691523E-002
   2.5499999999999896        4.4325121966489960E-002
   2.5599999999999894        4.4517199437484424E-002
   2.5699999999999892        4.4709536084975826E-002
   2.5799999999999890        4.4902133703939660E-002
   2.5899999999999888        4.5094993815183171E-002
   2.5999999999999885        4.5288117666341707E-002
   2.6099999999999883        4.5481506233064115E-002
   2.6199999999999881        4.5675160220813006E-002
   2.6299999999999879        4.5869080066097703E-002
   2.6399999999999877        4.6063265939326789E-002
   2.6499999999999875        4.6257717746326574E-002
   2.6599999999999873        4.6452435131127845E-002
   2.6699999999999871        4.6647417478437189E-002
   2.6799999999999868        4.6842663916193537E-002
   2.6899999999999866        4.7038173319421749E-002
   2.6999999999999864        4.7233944312375188E-002
   2.7099999999999862        4.7429975272533086E-002
   2.7199999999999860        4.7626264334415504E-002
   2.7299999999999858        4.7822809392451461E-002
   2.7399999999999856        4.8019608106041993E-002
   2.7499999999999853        4.8216657902276958E-002
   2.7599999999999851        4.8413955981926465E-002
   2.7699999999999849        4.8611499322098989E-002
   2.7799999999999847        4.8809284682398174E-002
   2.7899999999999845        4.9007308608148954E-002
   2.7999999999999843        4.9205567436675215E-002
   2.8099999999999841        4.9404057301249277E-002
   2.8199999999999839        4.9602774136842151E-002
   2.8299999999999836        4.9801713685146895E-002
   2.8399999999999834        5.0000871499935227E-002
   2.8499999999999832        5.0200242952849736E-002
   2.8599999999999830        5.0399823238963921E-002
   2.8699999999999828        5.0599607382258979E-002
   2.8799999999999826        5.0799590241698250E-002
   2.8899999999999824        5.0999766516998384E-002
   2.8999999999999821        5.1200130754972234E-002
   2.9099999999999819        5.1400677355370621E-002
   2.9199999999999817        5.1601400577225752E-002
   2.9299999999999815        5.1802294544898299E-002
   2.9399999999999813        5.2003353254565371E-002
   2.9499999999999811        5.2204570580871607E-002
   2.9599999999999809        5.2405940282756552E-002
   2.9699999999999807        5.2607456010923460E-002
   2.9799999999999804        5.2809111313018138E-002
   2.9899999999999802        5.3010899641820042E-002
   2.9999999999999800        5.3212814360515642E-002
   3.0099999999999798        5.3414848750029997E-002
   3.0199999999999796        5.3616996015623114E-002
   3.0299999999999794        5.3819249293434950E-002
   3.0399999999999792        5.4021601657649070E-002
   3.0499999999999790        5.4224046126180370E-002
   3.0599999999999787        5.4426575668415612E-002
   3.0699999999999785        5.4629183211468951E-002
   3.0799999999999783        5.4831861646861060E-002
   3.0899999999999781        5.5034603837350884E-002
   3.0999999999999779        5.5237402622984065E-002
   3.1099999999999777        5.5440250829107883E-002
   3.1199999999999775        5.5643141271214600E-002
   3.1299999999999772        5.5846066762655029E-002
   3.1399999999999770        5.6049020120587503E-002
   3.1499999999999768        5.6251994172845085E-002
   3.1599999999999766        5.6454981763853433E-002
   3.1699999999999764        5.6657975761431049E-002
   3.1799999999999762        5.6860969062814508E-002
   3.1899999999999760        5.7063954600591819E-002
   3.1999999999999758        5.7266925349215514E-002
   3.2099999999999755        5.7469874331399398E-002
   3.2199999999999753        5.7672794622725322E-002
   3.2299999999999751        5.7875679359268038E-002
   3.2399999999999749        5.8078521742001538E-002
   3.2499999999999747        5.8281315043052374E-002
   3.2599999999999745        5.8484052611092477E-002
   3.2699999999999743        5.8686727877121654E-002
   3.2799999999999740        5.8889334359671947E-002
   3.2899999999999738        5.9091865669755432E-002
   3.2999999999999736        5.9294315516336966E-002
   3.3099999999999734        5.9496677711396030E-002
   3.3199999999999732        5.9698946174412890E-002
   3.3299999999999730        5.9901114937573496E-002
   3.3399999999999728        6.0103178150299745E-002
   3.3499999999999726        6.0305130083187802E-002
   3.3599999999999723        6.0506965133150931E-002
   3.3699999999999721        6.0708677827335134E-002
   3.3799999999999719        6.0910262827050247E-002
   3.3899999999999717        6.1111714931935901E-002
   3.3999999999999715        6.1313029083309649E-002
   3.4099999999999713        6.1514200368263411E-002
   3.4199999999999711        6.1715224022857312E-002
   3.4299999999999708        6.1916095435830022E-002
   3.4399999999999706        6.2116810150966539E-002
   3.4499999999999704        6.2317363871187408E-002
   3.4599999999999702        6.2517752460289511E-002
   3.4699999999999700        6.2717971946489037E-002
   3.4799999999999698        6.2918018524569214E-002
   3.4899999999999696        6.3117888557894353E-002
   3.4999999999999694        6.3317578581490286E-002
   3.5099999999999691        6.3517085303146356E-002
   3.5199999999999689        6.3716405606044371E-002
   3.5299999999999687        6.3915536549924531E-002
   3.5399999999999685        6.4114475372510027E-002
   3.5499999999999683        6.4313219491480805E-002
   3.5599999999999681        6.4511766505244025E-002
   3.5699999999999679        6.4710114193837112E-002
   3.5799999999999677        6.4908260520214367E-002
   3.5899999999999674        6.5106203630505594E-002
   3.5999999999999672        6.5303941854609943E-002
   3.6099999999999670        6.5501473706731969E-002
   3.6199999999999668        6.5698797885674273E-002
   3.6299999999999666        6.5895913274281653E-002
   3.6399999999999664        6.6092818939826353E-002
   3.6499999999999662        6.6289514133827984E-002
   3.6599999999999659        6.6485998290704812E-002
   3.6699999999999657        6.6682271028333878E-002
   3.6799999999999655        6.6878332146116201E-002
   3.6899999999999653        6.7074181625078985E-002
   3.6999999999999651        6.7269819625821820E-002
   3.7099999999999649        6.7465246487861619E-002
   3.7199999999999647        6.7660462728418094E-002
   3.7299999999999645        6.7855469040027760E-002
   3.7399999999999642        6.8050266289501352E-002
   3.7499999999999640        6.8244855516076550E-002
   3.7599999999999638        6.8439237928953914E-002
   3.7699999999999636        6.8633414905253529E-002
   3.7799999999999634        6.8827387988854336E-002
   3.7899999999999632        6.9021158886335240E-002
   3.7999999999999630        6.9214729465277638E-002
   3.8099999999999627        6.9408101751741363E-002
   3.8199999999999625        6.9601277927208952E-002
   3.8299999999999623        6.9794260325490395E-002
   3.8399999999999621        6.9987051430550964E-002
   3.8499999999999619        7.0179653872174771E-002
   3.8599999999999617        7.0372070423332309E-002
   3.8699999999999615        7.0564303997151231E-002
   3.8799999999999613        7.0756357642924428E-002
   3.8899999999999610        7.0948234542538319E-002
   3.8999999999999608        7.1139938007254516E-002
   3.9099999999999606        7.1331471473397523E-002
   3.9199999999999604        7.1522838498947083E-002
   3.9299999999999602        7.1714042759476154E-002
   3.9399999999999600        7.1905088043947241E-002
   3.9499999999999598        7.2095978250901818E-002
   3.9599999999999596        7.2286717383984456E-002
   3.9699999999999593        7.2477309548427668E-002
   3.9799999999999591        7.2667758945500704E-002
   3.9899999999999589        7.2858069869269793E-002
   3.9999999999999587        7.3048246701515371E-002
   4.0099999999999589        7.3238293908060553E-002
   4.0199999999999587        7.3428216032964830E-002
   4.0299999999999585        7.3618017695439159E-002
   4.0399999999999583        7.3807703583830223E-002
   4.0499999999999581        7.3997278452134663E-002
   4.0599999999999579        7.4186747114654020E-002
   4.0699999999999577        7.4376114441336086E-002
   4.0799999999999574        7.4565385353739230E-002
   4.0899999999999572        7.4754564819185243E-002
   4.0999999999999570        7.4943657846697168E-002
   4.1099999999999568        7.5132669482519482E-002
   4.1199999999999566        7.5321604804532996E-002
   4.1299999999999564        7.5510468917971821E-002
   4.1399999999999562        7.5699266950635405E-002
   4.1499999999999559        7.5888004048051724E-002
   4.1599999999999557        7.6076685369020125E-002
   4.1699999999999555        7.6265316079973944E-002
   4.1799999999999553        7.6453901351548337E-002
   4.1899999999999551        7.6642446352931742E-002
   4.1999999999999549        7.6830956247380219E-002
   4.2099999999999547        7.7019436188026896E-002
   4.2199999999999545        7.7207891312728164E-002
   4.2299999999999542        7.7396326739794172E-002
   4.2399999999999540        7.7584747563559250E-002
   4.2499999999999538        7.7773158849465493E-002
   4.2599999999999536        7.7961565630173840E-002
   4.2699999999999534        7.8149972901019119E-002
   4.2799999999999532        7.8338385615439710E-002
   4.2899999999999530        7.8526808680949731E-002
   4.2999999999999527        7.8715246955136833E-002
   4.3099999999999525        7.8903705241349487E-002
   4.3199999999999523        7.9092188284222750E-002
   4.3299999999999521        7.9280700766923118E-002
   4.3399999999999519        7.9469247305636592E-002
   4.3499999999999517        7.9657832447140878E-002
   4.3599999999999515        7.9846460664461924E-002
   4.3699999999999513        8.0035136352724273E-002
   4.3799999999999510        8.0223863827033670E-002
   4.3899999999999508        8.0412647317442423E-002
   4.3999999999999506        8.0601490966456912E-002
   4.4099999999999504        8.0790398825819176E-002
   4.4199999999999502        8.0979374852562735E-002
   4.4299999999999500        8.1168422907047441E-002
   4.4399999999999498        8.1357546748749704E-002
   4.4499999999999496        8.1546750034598103E-002
   4.4599999999999493        8.1736036315298258E-002
   4.4699999999999491        8.1925409033200405E-002
   4.4799999999999489        8.2114871519293225E-002
   4.4899999999999487        8.2304426991337248E-002
   4.4999999999999485        8.2494078551117150E-002
   4.5099999999999483        8.2683829182546922E-002
   4.5199999999999481        8.2873681749022959E-002
   4.5299999999999478        8.3063638992422820E-002
   4.5399999999999476        8.3253703530248316E-002
   4.5499999999999474        8.3443877854427528E-002
   4.5599999999999472        8.3634164329740066E-002
   4.5699999999999470        8.3824565191970513E-002
   4.5799999999999468        8.4015082546993414E-002
   4.5899999999999466        8.4205718369246438E-002
   4.5999999999999464        8.4396474500535057E-002
   4.6099999999999461        8.4587352649322156E-002
   4.6199999999999459        8.4778354389519292E-002
   4.6299999999999457        8.4969481160146784E-002
   4.6399999999999455        8.5160734264548676E-002
   4.6499999999999453        8.5352114869216900E-002
   4.6599999999999451        8.5543624004910765E-002
   4.6699999999999449        8.5735262564804474E-002
   4.6799999999999446        8.5927031305389173E-002
   4.6899999999999444        8.6118930846171587E-002
   4.6999999999999442        8.6310961669394087E-002
   4.7099999999999440        8.6503124121047617E-002
   4.7199999999999438        8.6695418410823816E-002
   4.7299999999999436        8.6887844612128090E-002
   4.7399999999999434        8.7080402663605005E-002
   4.7499999999999432        8.7273092369047123E-002
   4.7599999999999429        8.7465913398677209E-002
   4.7699999999999427        8.7658865289909724E-002
   4.7799999999999425        8.7851947448390075E-002
   4.7899999999999423        8.8045159149372179E-002
   4.7999999999999421        8.8238499538763407E-002
   4.8099999999999419        8.8431967634307732E-002
   4.8199999999999417        8.8625562327837151E-002
   4.8299999999999415        8.8819282386099027E-002
   4.8399999999999412        8.9013126452870128E-002
   4.8499999999999410        8.9207093050430675E-002
   4.8599999999999408        8.9401180581962253E-002
   4.8699999999999406        8.9595387332930876E-002
   4.8799999999999404        8.9789711473861167E-002
   4.8899999999999402        8.9984151061980572E-002
   4.8999999999999400        9.0178704043599844E-002
   4.9099999999999397        9.0373368256781758E-002
   4.9199999999999395        9.0568141433397836E-002
   4.9299999999999393        9.0763021201920438E-002
   4.9399999999999391        9.0958005089909574E-002
   4.9499999999999389        9.1153090526956068E-002
   4.9599999999999387        9.1348274846795363E-002
   4.9699999999999385        9.1543555291157028E-002
   4.9799999999999383        9.1738929011726256E-002
   4.9899999999999380        9.1934393073549434E-002
   4.9999999999999378        9.2129944458138283E-002
   5.0099999999999376        9.2325580066464435E-002
   5.0199999999999374        9.2521296721765428E-002
   5.0299999999999372        9.2717091173851449E-002
   5.0399999999999370        9.2912960100635267E-002
   5.0499999999999368        9.3108900113451035E-002
   5.0599999999999365        9.3304907758375979E-002
   5.0699999999999363        9.3500979521524627E-002
   5.0799999999999361        9.3697111830924620E-002
   5.0899999999999359        9.3893301060926956E-002
   5.0999999999999357        9.4089543535552433E-002
   5.1099999999999355        9.4285835531694062E-002
   5.1199999999999353        9.4482173283209389E-002
   5.1299999999999351        9.4678552983902514E-002
   5.1399999999999348        9.4874970791486241E-002
   5.1499999999999346        9.5071422830986185E-002
   5.1599999999999344        9.5267905199013847E-002
   5.1699999999999342        9.5464413966386552E-002
   5.1799999999999340        9.5660945182646048E-002
   5.1899999999999338        9.5857494879074953E-002
   5.1999999999999336        9.6054059072923040E-002
   5.2099999999999334        9.6250633770663035E-002
   5.2199999999999331        9.6447214971430772E-002
   5.2299999999999329        9.6643798671702807E-002
   5.2399999999999327        9.6840380867417752E-002
   5.2499999999999325        9.7036957558637865E-002
   5.2599999999999323        9.7233524753283285E-002
   5.2699999999999321        9.7430078469312467E-002
   5.2799999999999319        9.7626614739879811E-002
   5.2899999999999316        9.7823129616006116E-002
   5.2999999999999314        9.8019619169990274E-002
   5.3099999999999312        9.8216079499687567E-002
   5.3199999999999310        9.8412506730256921E-002
   5.3299999999999308        9.8608897019611064E-002
   5.3399999999999306        9.8805246559842727E-002
   5.3499999999999304        9.9001551582169681E-002
   5.3599999999999302        9.9197808358560749E-002
   5.3699999999999299        9.9394013206052526E-002
   5.3799999999999297        9.9590162489653522E-002
   5.3899999999999295        9.9786252625046964E-002
   5.3999999999999293        9.9982280081880592E-002
   5.4099999999999291       0.10017824138669862     
   5.4199999999999289       0.10037413312565845     
   5.4299999999999287       0.10056995194770547     
   5.4399999999999284       0.10076569456677692     
   5.4499999999999282       0.10096135776528799     
   5.4599999999999280       0.10115693839559493     
   5.4699999999999278       0.10135243338385024     
   5.4799999999999276       0.10154783973131198     
   5.4899999999999274       0.10174315451738578     
   5.4999999999999272       0.10193837490170699     
   5.5099999999999270       0.10213349812643077     
   5.5199999999999267       0.10232852151845624     
   5.5299999999999265       0.10252344249088839     
   5.5399999999999263       0.10271825854626247     
   5.5499999999999261       0.10291296727687041     
   5.5599999999999259       0.10310756636753413     
   5.5699999999999257       0.10330205359733706     
   5.5799999999999255       0.10349642684040733     
   5.5899999999999253       0.10369068406867975     
   5.5999999999999250       0.10388482335207377     
   5.6099999999999248       0.10407884286060973     
   5.6199999999999246       0.10427274086510822     
   5.6299999999999244       0.10446651573903055     
   5.6399999999999242       0.10466016595874506     
   5.6499999999999240       0.10485369010494719     
   5.6599999999999238       0.10504708686346059     
   5.6699999999999235       0.10524035502571955     
   5.6799999999999233       0.10543349348963776     
   5.6899999999999231       0.10562650126000275     
   5.6999999999999229       0.10581937744923454     
   5.7099999999999227       0.10601212127749955     
   5.7199999999999225       0.10620473207290083     
   5.7299999999999223       0.10639720927170838     
   5.7399999999999221       0.10658955241840024     
   5.7499999999999218       0.10678176116573550     
   5.7599999999999216       0.10697383527479347     
   5.7699999999999214       0.10716577461401128     
   5.7799999999999212       0.10735757915949137     
   5.7899999999999210       0.10754924899466231     
   5.7999999999999208       0.10774078430906360     
   5.8099999999999206       0.10793218539865426     
   5.8199999999999203       0.10812345266431897     
   5.8299999999999201       0.10831458661152461     
   5.8399999999999199       0.10850558784931905     
   5.8499999999999197       0.10869645708908468     
   5.8599999999999195       0.10888719514397056     
   5.8699999999999193       0.10907780292738881     
   5.8799999999999191       0.10926828145187069     
   5.8899999999999189       0.10945863182783368     
   5.8999999999999186       0.10964885526203055     
   5.9099999999999184       0.10983895305604979     
   5.9199999999999182       0.11002892660505292     
   5.9299999999999180       0.11021877739554684     
   5.9399999999999178       0.11040850700423807     
   5.9499999999999176       0.11059811709627075     
   5.9599999999999174       0.11078760942261089     
   5.9699999999999172       0.11097698581889645     
   5.9799999999999169       0.11116624820318990     
   5.9899999999999167       0.11135539857404107     
   5.9999999999999165       0.11154443900756840     
   6.0099999999999163       0.11173337165661393     
   6.0199999999999161       0.11192219874734184     
   6.0299999999999159       0.11211092257755856     
   6.0399999999999157       0.11229954551406625     
   6.0499999999999154       0.11248806999029148     
   6.0599999999999152       0.11267649850387045     
   6.0699999999999150       0.11286483361407619     
   6.0799999999999148       0.11305307793942652     
   6.0899999999999146       0.11324123415510157     
   6.0999999999999144       0.11342930498934532     
   6.1099999999999142       0.11361729322262648     
   6.1199999999999140       0.11380520168335198     
   6.1299999999999137       0.11399303324547094     
   6.1399999999999135       0.11418079082647876     
   6.1499999999999133       0.11436847738336181     
   6.1599999999999131       0.11455609591077207     
   6.1699999999999129       0.11474364943770382     
   6.1799999999999127       0.11493114102476562     
   6.1899999999999125       0.11511857376134257     
   6.1999999999999122       0.11530595076225605     
   6.2099999999999120       0.11549327516570669     
   6.2199999999999118       0.11568055012935592     
   6.2299999999999116       0.11586777882806622     
   6.2399999999999114       0.11605496445069585     
   6.2499999999999112       0.11624211019750981     
   6.2599999999999110       0.11642921927663617     
   6.2699999999999108       0.11661629490175288     
   6.2799999999999105       0.11680334028829550     
   6.2899999999999103       0.11699035865226046     
   6.2999999999999101       0.11717735320496873     
   6.3099999999999099       0.11736432715222272     
   6.3199999999999097       0.11755128369001677     
   6.3299999999999095       0.11773822600264010     
   6.3399999999999093       0.11792515725929356     
   6.3499999999999091       0.11811208061172235     
   6.3599999999999088       0.11829899919095045     
   6.3699999999999086       0.11848591610459767     
   6.3799999999999084       0.11867283443482801     
   6.3899999999999082       0.11885975723458657     
   6.3999999999999080       0.11904668752602186     
   6.4099999999999078       0.11923362829719618     
   6.4199999999999076       0.11942058249942568     
   6.4299999999999073       0.11960755304585091     
   6.4399999999999071       0.11979454280720078     
   6.4499999999999069       0.11998155461075878     
   6.4599999999999067       0.12016859123752625     
   6.4699999999999065       0.12035565541998565     
   6.4799999999999063       0.12054274983935083     
   6.4899999999999061       0.12072987712413860     
   6.4999999999999059       0.12091703984705326     
   6.5099999999999056       0.12110424052387193     
   6.5199999999999054       0.12129148161079689     
   6.5299999999999052       0.12147876550229293     
   6.5399999999999050       0.12166609452970419     
   6.5499999999999048       0.12185347095910884     
   6.5599999999999046       0.12204089698920302     
   6.5699999999999044       0.12222837475050724     
   6.5799999999999041       0.12241590630263030     
   6.5899999999999039       0.12260349363290425     
   6.5999999999999037       0.12279113865578295     
   6.6099999999999035       0.12297884321004239     
   6.6199999999999033       0.12316660905863958     
   6.6299999999999031       0.12335443788594565     
   6.6399999999999029       0.12354233129859685     
   6.6499999999999027       0.12373029082191279     
   6.6599999999999024       0.12391831790070923     
   6.6699999999999022       0.12410641389756411     
   6.6799999999999020       0.12429458009171868     
   6.6899999999999018       0.12448281767855707     
   6.6999999999999016       0.12467112776861757     
   6.7099999999999014       0.12485951138732648     
   6.7199999999999012       0.12504796947372313     
   6.7299999999999010       0.12523650288027854     
   6.7399999999999007       0.12542511237256007     
   6.7499999999999005       0.12561379862877337     
   6.7599999999999003       0.12580256223921840     
   6.7699999999999001       0.12599140370660872     
   6.7799999999998999       0.12618032344496249     
   6.7899999999998997       0.12636932178105900     
   6.7999999999998995       0.12655839895278043     
   6.8099999999998992       0.12674755511067665     
   6.8199999999998990       0.12693679031692798     
   6.8299999999998988       0.12712610454646472     
   6.8399999999998986       0.12731549768705874     
   6.8499999999998984       0.12750496953932872     
   6.8599999999998982       0.12769451981809279     
   6.8699999999998980       0.12788414815182117     
   6.8799999999998978       0.12807385408438701     
   6.8899999999998975       0.12826363707502883     
   6.8999999999998973       0.12845349649933213     
   6.9099999999998971       0.12864343165016270     
   6.9199999999998969       0.12883344173869007     
   6.9299999999998967       0.12902352589487787     
   6.9399999999998965       0.12921368316959564     
   6.9499999999998963       0.12940391253407715     
   6.9599999999998960       0.12959421288316134     
   6.9699999999998958       0.12978458303481347     
   6.9799999999998956       0.12997502173259121     
   6.9899999999998954       0.13016552764628439     
   6.9999999999998952       0.13035609937387180     
   7.0099999999998950       0.13054673544282119     
   7.0199999999998948       0.13073743431165552     
   7.0299999999998946       0.13092819437172207     
   7.0399999999998943       0.13111901394865574     
   7.0499999999998941       0.13130989130426365     
   7.0599999999998939       0.13150082463830068     
   7.0699999999998937       0.13169181209026770     
   7.0799999999998935       0.13188285174114572     
   7.0899999999998933       0.13207394161562022     
   7.0999999999998931       0.13226507968408779     
   7.1099999999998929       0.13245626386413853     
   7.1199999999998926       0.13264749202308593     
   7.1299999999998924       0.13283876198012154     
   7.1399999999998922       0.13303007150803609     
   7.1499999999998920       0.13322141833568260     
   7.1599999999998918       0.13341280015000639     
   7.1699999999998916       0.13360421459853764     
   7.1799999999998914       0.13379565929127690     
   7.1899999999998911       0.13398713180319086     
   7.1999999999998909       0.13417862967661642     
   7.2099999999998907       0.13437015042318429     
   7.2199999999998905       0.13456169152654854     
   7.2299999999998903       0.13475325044474434     
   7.2399999999998901       0.13494482461219637     
   7.2499999999998899       0.13513641144238864     
   7.2599999999998897       0.13532800833035027     
   7.2699999999998894       0.13551961265489082     
   7.2799999999998892       0.13571122178086509     
   7.2899999999998890       0.13590283306189610     
   7.2999999999998888       0.13609444384266239     
   7.3099999999998886       0.13628605146153400     
   7.3199999999998884       0.13647765325225183     
   7.3299999999998882       0.13666924654729692     
   7.3399999999998879       0.13686082867982113     
   7.3499999999998877       0.13705239698585117     
   7.3599999999998875       0.13724394880709290     
   7.3699999999998873       0.13743548149310897     
   7.3799999999998871       0.13762699240348758     
   7.3899999999998869       0.13781847891080648     
   7.3999999999998867       0.13800993840195458     
   7.4099999999998865       0.13820136828144855     
   7.4199999999998862       0.13839276597303551     
   7.4299999999998860       0.13858412892213717     
   7.4399999999998858       0.13877545459855303     
   7.4499999999998856       0.13896674049747271     
   7.4599999999998854       0.13915798414299824     
   7.4699999999998852       0.13934918308931624     
   7.4799999999998850       0.13954033492337661     
   7.4899999999998847       0.13973143726646295     
   7.4999999999998845       0.13992248777651059     
   7.5099999999998843       0.14011348415016808     
   7.5199999999998841       0.14030442412472366     
   7.5299999999998839       0.14049530547964198     
   7.5399999999998837       0.14068612603869815     
   7.5499999999998835       0.14087688367170922     
   7.5599999999998833       0.14106757629684338     
   7.5699999999998830       0.14125820188109553     
   7.5799999999998828       0.14144875844340904     
   7.5899999999998826       0.14163924405490130     
   7.5999999999998824       0.14182965684150672     
   7.6099999999998822       0.14201999498509255     
   7.6199999999998820       0.14221025672461934     
   7.6299999999998818       0.14240044035821625     
   7.6399999999998816       0.14259054424336290     
   7.6499999999998813       0.14278056679968679     
   7.6599999999998811       0.14297050650878759     
   7.6699999999998809       0.14316036191642825     
   7.6799999999998807       0.14335013163313839     
   7.6899999999998805       0.14353981433470017     
   7.6999999999998803       0.14372940876471960     
   7.7099999999998801       0.14391891373379381     
   7.7199999999998798       0.14410832812131605     
   7.7299999999998796       0.14429765087609708     
   7.7399999999998794       0.14448688101705953     
   7.7499999999998792       0.14467601763359503     
   7.7599999999998790       0.14486505988676282     
   7.7699999999998788       0.14505400700894908     
   7.7799999999998786       0.14524285830541522     
   7.7899999999998784       0.14543161315376843     
   7.7999999999998781       0.14562027100430389     
   7.8099999999998779       0.14580883138085662     
   7.8199999999998777       0.14599729388087487     
   7.8299999999998775       0.14618565817489701     
   7.8399999999998773       0.14637392400716870     
   7.8499999999998771       0.14656209119561908     
   7.8599999999998769       0.14675015963144852     
   7.8699999999998766       0.14693812927951344     
   7.8799999999998764       0.14712600017723299     
   7.8899999999998762       0.14731377243556423     
   7.8999999999998760       0.14750144623707293     
   7.9099999999998758       0.14768902183720214     
   7.9199999999998756       0.14787649956276228     
   7.9299999999998754       0.14806387981124039     
   7.9399999999998752       0.14825116305111721     
   7.9499999999998749       0.14843834982036397     
   7.9599999999998747       0.14862544072635589     
   7.9699999999998745       0.14881243644435452     
   7.9799999999998743       0.14899933771749244     
   7.9899999999998741       0.14918614535552410     
   7.9999999999998739       0.14937286023321369     
   8.0099999999998737       0.14955948329049945     
   8.0199999999998735       0.14974601553087474     
   8.0299999999998732       0.14993245802010452     
   8.0399999999998730       0.15011881188526424     
   8.0499999999998728       0.15030507831341583     
   8.0599999999998726       0.15049125855054485     
   8.0699999999998724       0.15067735389997403     
   8.0799999999998722       0.15086336572115450     
   8.0899999999998720       0.15104929542800780     
   8.0999999999998717       0.15123514448817721     
   8.1099999999998715       0.15142091442057129     
   8.1199999999998713       0.15160660679424223     
   8.1299999999998711       0.15179222322726588     
   8.1399999999998709       0.15197776538409163     
   8.1499999999998707       0.15216323497504977     
   8.1599999999998705       0.15234863375363800     
   8.1699999999998703       0.15253396351540108     
   8.1799999999998700       0.15271922609612446     
   8.1899999999998698       0.15290442336963792     
   8.1999999999998696       0.15308955724660814     
   8.2099999999998694       0.15327462967220504     
   8.2199999999998692       0.15345964262419190     
   8.2299999999998690       0.15364459811177647     
   8.2399999999998688       0.15382949817261432     
   8.2499999999998685       0.15401434487152629     
   8.2599999999998683       0.15419914029847587     
   8.2699999999998681       0.15438388656670463     
   8.2799999999998679       0.15456858581044031     
   8.2899999999998677       0.15475324018296999     
   8.2999999999998675       0.15493785185479400     
   8.3099999999998673       0.15512242301168122     
   8.3199999999998671       0.15530695585215476     
   8.3299999999998668       0.15549145258592109     
   8.3399999999998666       0.15567591543196702     
   8.3499999999998664       0.15586034661593609     
   8.3599999999998662       0.15604474836847607     
   8.3699999999998660       0.15622912292341273     
   8.3799999999998658       0.15641347251504273     
   8.3899999999998656       0.15659779937708962     
   8.3999999999998654       0.15678210573971557     
   8.4099999999998651       0.15696639382790112     
   8.4199999999998649       0.15715066585968354     
   8.4299999999998647       0.15733492404400884     
   8.4399999999998645       0.15751917057859299     
   8.4499999999998643       0.15770340764820287     
   8.4599999999998641       0.15788763742248649     
   8.4699999999998639       0.15807186205445295     
   8.4799999999998636       0.15825608367805385     
   8.4899999999998634       0.15844030440680584     
   8.4999999999998632       0.15862452633171198     
   8.5099999999998630       0.15880875151917362     
   8.5199999999998628       0.15899298201000703     
   8.5299999999998626       0.15917721981685712     
   8.5399999999998624       0.15936146692270153     
   8.5499999999998622       0.15954572527924779     
   8.5599999999998619       0.15972999680551866     
   8.5699999999998617       0.15991428338583444     
   8.5799999999998615       0.16009858686802042     
   8.5899999999998613       0.16028290906260739     
   8.5999999999998611       0.16046725174052601     
   8.6099999999998609       0.16065161663233027     
   8.6199999999998607       0.16083600542624341     
   8.6299999999998604       0.16102041976669521     
   8.6399999999998602       0.16120486125360436     
   8.6499999999998600       0.16138933144039558     
   8.6599999999998598       0.16157383183326504     
   8.6699999999998596       0.16175836388922271     
   8.6799999999998594       0.16194292901615412     
   8.6899999999998592       0.16212752857055751     
   8.6999999999998590       0.16231216385680167     
   8.7099999999998587       0.16249683612642188     
   8.7199999999998585       0.16268154657680292     
   8.7299999999998583       0.16286629635062744     
   8.7399999999998581       0.16305108653440137     
   8.7499999999998579       0.16323591815838337     
   8.7599999999998577       0.16342079219534233     
   8.7699999999998575       0.16360570955955991     
   8.7799999999998573       0.16379067110743209     
   8.7899999999998570       0.16397567763542958     
   8.7999999999998568       0.16416072988043870     
   8.8099999999998566       0.16434582851876689     
   8.8199999999998564       0.16453097416631549     
   8.8299999999998562       0.16471616737746858     
   8.8399999999998560       0.16490140864548122     
   8.8499999999998558       0.16508669840179885     
   8.8599999999998555       0.16527203701581653     
   8.8699999999998553       0.16545742479520784     
   8.8799999999998551       0.16564286198488376     
   8.8899999999998549       0.16582834876833791     
   8.8999999999998547       0.16601388526642155     
   8.9099999999998545       0.16619947153811251     
   8.9199999999998543       0.16638510758023803     
   8.9299999999998541       0.16657079332793573     
   8.9399999999998538       0.16675652865491589     
   8.9499999999998536       0.16694231337358489     
   8.9599999999998534       0.16712814723559519     
   8.9699999999998532       0.16731402993179278     
   8.9799999999998530       0.16749996109344981     
   8.9899999999998528       0.16768594029211878     
   8.9999999999998526       0.16787196704033666     
   9.0099999999998523       0.16805804079240177     
   9.0199999999998521       0.16824416094508371     
   9.0299999999998519       0.16843032683780967     
   9.0399999999998517       0.16861653775438193     
   9.0499999999998515       0.16880279292280867     
   9.0599999999998513       0.16898909151659430     
   9.0699999999998511       0.16917543265583018     
   9.0799999999998509       0.16936181540788367     
   9.0899999999998506       0.16954823878833461     
   9.0999999999998504       0.16973470176224817     
   9.1099999999998502       0.16992120324492813     
   9.1199999999998500       0.17010774210366392     
   9.1299999999998498       0.17029431715819976     
   9.1399999999998496       0.17048092718216196     
   9.1499999999998494       0.17066757090424145     
   9.1599999999998492       0.17085424701002788     
   9.1699999999998489       0.17104095414257617     
   9.1799999999998487       0.17122769090379963     
   9.1899999999998485       0.17141445585645174     
   9.1999999999998483       0.17160124752506070     
   9.2099999999998481       0.17178806439753622     
   9.2199999999998479       0.17197490492636489     
   9.2299999999998477       0.17216176753032336     
   9.2399999999998474       0.17234865059638679     
   9.2499999999998472       0.17253555248046176     
   9.2599999999998470       0.17272247150938264     
   9.2699999999998468       0.17290940598281684     
   9.2799999999998466       0.17309635417412383     
   9.2899999999998464       0.17328331433265984     
   9.2999999999998462       0.17347028468504755     
   9.3099999999998460       0.17365726343717072     
   9.3199999999998457       0.17384424877528498     
   9.3299999999998455       0.17403123886825189     
   9.3399999999998453       0.17421823186904201     
   9.3499999999998451       0.17440522591632773     
   9.3599999999998449       0.17459221913632539     
   9.3699999999998447       0.17477920964465782     
   9.3799999999998445       0.17496619554766443     
   9.3899999999998442       0.17515317494441579     
   9.3999999999998440       0.17534014592866723     
   9.4099999999998438       0.17552710658979756     
   9.4199999999998436       0.17571405501580445     
   9.4299999999998434       0.17590098929366127     
   9.4399999999998432       0.17608790751189926     
   9.4499999999998430       0.17627480776213517     
   9.4599999999998428       0.17646168814039387     
   9.4699999999998425       0.17664854674978103     
   9.4799999999998423       0.17683538170087518     
   9.4899999999998421       0.17702219111456713     
   9.4999999999998419       0.17720897312267306     
   9.5099999999998417       0.17739572587083433     
   9.5199999999998415       0.17758244751850594     
   9.5299999999998413       0.17776913624235377     
   9.5399999999998411       0.17795579023646596     
   9.5499999999998408       0.17814240771468176     
   9.5599999999998406       0.17832898691161378     
   9.5699999999998404       0.17851552608479290     
   9.5799999999998402       0.17870202351555664     
   9.5899999999998400       0.17888847751108947     
   9.5999999999998398       0.17907488640511157     
   9.6099999999998396       0.17926124856021894     
   9.6199999999998393       0.17944756236861900     
   9.6299999999998391       0.17963382625364804     
   9.6399999999998389       0.17982003867115404     
   9.6499999999998387       0.18000619811082466     
   9.6599999999998385       0.18019230309737047     
   9.6699999999998383       0.18037835219168316     
   9.6799999999998381       0.18056434399219606     
   9.6899999999998379       0.18075027713593006     
   9.6999999999998376       0.18093615029955987     
   9.7099999999998374       0.18112196220048701     
   9.7199999999998372       0.18130771159820291     
   9.7299999999998370       0.18149339729469388     
   9.7399999999998368       0.18167901813589390     
   9.7499999999998366       0.18186457301214906     
   9.7599999999998364       0.18205006085978900     
   9.7699999999998361       0.18223548066123552     
   9.7799999999998359       0.18242083144565677     
   9.7899999999998357       0.18260611229093685     
   9.7999999999998355       0.18279132232263184     
   9.8099999999998353       0.18297646071640322     
   9.8199999999998351       0.18316152669682442     
   9.8299999999998349       0.18334651953928588     
   9.8399999999998347       0.18353143856989174     
   9.8499999999998344       0.18371628316615643     
   9.8599999999998342       0.18390105275726090     
   9.8699999999998340       0.18408574682433307     
   9.8799999999998338       0.18427036490092799     
   9.8899999999998336       0.18445490657327970     
   9.8999999999998334       0.18463937148056347     
   9.9099999999998332       0.18482375931474321     
   9.9199999999998330       0.18500806982121984     
   9.9299999999998327       0.18519230279836271     
   9.9399999999998325       0.18537645809798353     
   9.9499999999998323       0.18556053562470345     
   9.9599999999998321       0.18574453533680410     
   9.9699999999998319       0.18592845724526288     
   9.9799999999998317       0.18611230141396690     
   9.9899999999998315       0.18629606795946616     
   9.9999999999998312       0.18647975705064845     
