   0.0000000000000000       -0.0000000000000000     
   1.0000000000000000E-002   1.8104512369933354E-006
   2.0000000000000000E-002   7.2399337825985709E-006
   2.9999999999999999E-002   1.6284946367826951E-005
   4.0000000000000001E-002   2.8941064687217743E-005
   5.0000000000000003E-002   4.5202944340103963E-005
   6.0000000000000005E-002   6.5064323732106659E-005
   7.0000000000000007E-002   8.8518027733580103E-005
   8.0000000000000002E-002   1.1555597183720675E-004
   8.9999999999999997E-002   1.4616916612304539E-004
   9.9999999999999992E-002   1.8034772095815957E-004
  0.10999999999999999        2.1808085151314163E-004
  0.11999999999999998        2.5935688442837231E-004
  0.12999999999999998        3.0416326266591190E-004
  0.13999999999999999        3.5248655289646071E-004
  0.14999999999999999        4.0431245312088466E-004
  0.16000000000000000        4.5962579783618928E-004
  0.17000000000000001        5.1841056842380029E-004
  0.18000000000000002        5.8064989924415888E-004
  0.19000000000000003        6.4632608732238556E-004
  0.20000000000000004        7.1542060096367935E-004
  0.21000000000000005        7.8791408853270256E-004
  0.22000000000000006        8.6378638957526437E-004
  0.23000000000000007        9.4301654284604456E-004
  0.24000000000000007        1.0255827985104994E-003
  0.25000000000000006        1.1114626280420783E-003
  0.26000000000000006        1.2006327351772707E-003
  0.27000000000000007        1.2930690682512232E-003
  0.28000000000000008        1.3887468309917818E-003
  0.29000000000000009        1.4876404957560420E-003
  0.30000000000000010        1.5897238145676880E-003
  0.31000000000000011        1.6949698335020544E-003
  0.32000000000000012        1.8033509050062377E-003
  0.33000000000000013        1.9148387009517624E-003
  0.34000000000000014        2.0294042270487928E-003
  0.35000000000000014        2.1470178368762274E-003
  0.36000000000000015        2.2676492456736555E-003
  0.37000000000000016        2.3912675449219898E-003
  0.38000000000000017        2.5178412178947130E-003
  0.39000000000000018        2.6473381542187193E-003
  0.40000000000000019        2.7797256652252618E-003
  0.41000000000000020        2.9149704999217509E-003
  0.42000000000000021        3.0530388607414097E-003
  0.43000000000000022        3.1938964187465282E-003
  0.44000000000000022        3.3375083319105801E-003
  0.45000000000000023        3.4838392594907070E-003
  0.46000000000000024        3.6328533799700499E-003
  0.47000000000000025        3.7845144079404671E-003
  0.48000000000000026        3.9387856110623658E-003
  0.49000000000000027        4.0956298264546954E-003
  0.50000000000000022        4.2550094799945516E-003
  0.51000000000000023        4.4168866021102888E-003
  0.52000000000000024        4.5812228465599925E-003
  0.53000000000000025        4.7479795080925206E-003
  0.54000000000000026        4.9171175399921694E-003
  0.55000000000000027        5.0885975731345106E-003
  0.56000000000000028        5.2623799333475219E-003
  0.57000000000000028        5.4384246602379224E-003
  0.58000000000000029        5.6166915255038471E-003
  0.59000000000000030        5.7971400511304776E-003
  0.60000000000000031        5.9797295285369881E-003
  0.61000000000000032        6.1644190364990182E-003
  0.62000000000000033        6.3511674604776981E-003
  0.63000000000000034        6.5399335110005773E-003
  0.64000000000000035        6.7306757424033439E-003
  0.65000000000000036        6.9233525710273199E-003
  0.66000000000000036        7.1179222953844535E-003
  0.67000000000000037        7.3143431133804206E-003
  0.68000000000000038        7.5125731416281673E-003
  0.69000000000000039        7.7125704345354148E-003
  0.70000000000000040        7.9142930022539238E-003
  0.71000000000000041        8.1176988296487659E-003
  0.72000000000000042        8.3227458947129108E-003
  0.73000000000000043        8.5293921873431811E-003
  0.74000000000000044        8.7375957269222940E-003
  0.75000000000000044        8.9473145817637288E-003
  0.76000000000000045        9.1585068860505041E-003
  0.77000000000000046        9.3711308590296496E-003
  0.78000000000000047        9.5851448221408436E-003
  0.79000000000000048        9.8005072174452666E-003
  0.80000000000000049        1.0017176624553460E-002
  0.81000000000000050        1.0235111778810207E-002
  0.82000000000000051        1.0454271588438055E-002
  0.83000000000000052        1.0674615151727901E-002
  0.84000000000000052        1.0896101773726666E-002
  0.85000000000000053        1.1118690983058477E-002
  0.86000000000000054        1.1342342549777817E-002
  0.87000000000000055        1.1567016499160171E-002
  0.88000000000000056        1.1792673130774076E-002
  0.89000000000000057        1.2019273031967417E-002
  0.90000000000000058        1.2246777094969748E-002
  0.91000000000000059        1.2475146532047709E-002
  0.92000000000000060        1.2704342890309330E-002
  0.93000000000000060        1.2934328066929856E-002
  0.94000000000000061        1.3165064323421176E-002
  0.95000000000000062        1.3396514300332656E-002
  0.96000000000000063        1.3628641031284966E-002
  0.97000000000000064        1.3861407956254367E-002
  0.98000000000000065        1.4094778935665761E-002
  0.99000000000000066        1.4328718262645449E-002
   1.0000000000000007        1.4563190676846714E-002
   1.0100000000000007        1.4798161375613053E-002
   1.0200000000000007        1.5033596027769856E-002
   1.0300000000000007        1.5269460783556784E-002
   1.0400000000000007        1.5505722287544691E-002
   1.0500000000000007        1.5742347688673788E-002
   1.0600000000000007        1.5979304651708458E-002
   1.0700000000000007        1.6216561366807460E-002
   1.0800000000000007        1.6454086560379558E-002
   1.0900000000000007        1.6691849503929095E-002
   1.1000000000000008        1.6929820023269784E-002
   1.1100000000000008        1.7167968508134946E-002
   1.1200000000000008        1.7406265919260262E-002
   1.1300000000000008        1.7644683797950696E-002
   1.1400000000000008        1.7883194272148403E-002
   1.1500000000000008        1.8121770065323183E-002
   1.1600000000000008        1.8360384501254198E-002
   1.1700000000000008        1.8599011512600686E-002
   1.1800000000000008        1.8837625645052560E-002
   1.1900000000000008        1.9076202064295798E-002
   1.2000000000000008        1.9314716560274843E-002
   1.2100000000000009        1.9553145552066928E-002
   1.2200000000000009        1.9791466092846446E-002
   1.2300000000000009        2.0029655872894785E-002
   1.2400000000000009        2.0267693224225274E-002
   1.2500000000000009        2.0505557122440364E-002
   1.2600000000000009        2.0743227189751322E-002
   1.2700000000000009        2.0980683698035209E-002
   1.2800000000000009        2.1217907569842431E-002
   1.2900000000000009        2.1454880379655768E-002
   1.3000000000000009        2.1691584355684738E-002
   1.3100000000000009        2.1928002379886128E-002
   1.3200000000000010        2.2164117988093514E-002
   1.3300000000000010        2.2399915369895489E-002
   1.3400000000000010        2.2635379368465922E-002
   1.3500000000000010        2.2870495478655141E-002
   1.3600000000000010        2.3105249846092069E-002
   1.3700000000000010        2.3339629265369592E-002
   1.3800000000000010        2.3573621177459848E-002
   1.3900000000000010        2.3807213667748184E-002
   1.4000000000000010        2.4040395462055518E-002
   1.4100000000000010        2.4273155924001241E-002
   1.4200000000000010        2.4505485051447746E-002
   1.4300000000000010        2.4737373470799372E-002
   1.4400000000000011        2.4968812435224971E-002
   1.4500000000000011        2.5199793816924856E-002
   1.4600000000000011        2.5430310104294900E-002
   1.4700000000000011        2.5660354394558462E-002
   1.4800000000000011        2.5889920389199850E-002
   1.4900000000000011        2.6119002386921449E-002
   1.5000000000000011        2.6347595277384710E-002
   1.5100000000000011        2.6575694534758356E-002
   1.5200000000000011        2.6803296209725724E-002
   1.5300000000000011        2.7030396922684323E-002
   1.5400000000000011        2.7256993855438935E-002
   1.5500000000000012        2.7483084743923015E-002
   1.5600000000000012        2.7708667869047209E-002
   1.5700000000000012        2.7933742048267787E-002
   1.5800000000000012        2.8158306627088219E-002
   1.5900000000000012        2.8382361469600468E-002
   1.6000000000000012        2.8605906949395157E-002
   1.6100000000000012        2.8828943939408904E-002
   1.6200000000000012        2.9051473802942228E-002
   1.6300000000000012        2.9273498382352998E-002
   1.6400000000000012        2.9495019990221926E-002
   1.6500000000000012        2.9716041397900000E-002
   1.6600000000000013        2.9936565825178091E-002
   1.6700000000000013        3.0156596929412877E-002
   1.6800000000000013        3.0376138794145795E-002
   1.6900000000000013        3.0595195919316091E-002
   1.7000000000000013        3.0813773207636490E-002
   1.7100000000000013        3.1031875955257866E-002
   1.7200000000000013        3.1249509839074069E-002
   1.7300000000000013        3.1466680905094746E-002
   1.7400000000000013        3.1683395556749018E-002
   1.7500000000000013        3.1899660543273506E-002
   1.7600000000000013        3.2115482946917913E-002
   1.7700000000000014        3.2330870171568160E-002
   1.7800000000000014        3.2545829929813801E-002
   1.7900000000000014        3.2760370231614433E-002
   1.8000000000000014        3.2974499371103319E-002
   1.8100000000000014        3.3188225914804713E-002
   1.8200000000000014        3.3401558689096583E-002
   1.8300000000000014        3.3614506767341845E-002
   1.8400000000000014        3.3827079458560234E-002
   1.8500000000000014        3.4039286293574264E-002
   1.8600000000000014        3.4251137013828536E-002
   1.8700000000000014        3.4462641558225357E-002
   1.8800000000000014        3.4673810050886808E-002
   1.8900000000000015        3.4884652789130312E-002
   1.9000000000000015        3.5095180230616724E-002
   1.9100000000000015        3.5305402981299867E-002
   1.9200000000000015        3.5515331783556550E-002
   1.9300000000000015        3.5724977503039476E-002
   1.9400000000000015        3.5934351118415059E-002
   1.9500000000000015        3.6143463707024953E-002
   1.9600000000000015        3.6352326435045372E-002
   1.9700000000000015        3.6560950544560655E-002
   1.9800000000000015        3.6769347342044956E-002
   1.9900000000000015        3.6977528187357916E-002
   2.0000000000000013        3.7185504481408345E-002
   2.0100000000000011        3.7393287655545282E-002
   2.0200000000000009        3.7600889160080662E-002
   2.0300000000000007        3.7808320453164325E-002
   2.0400000000000005        3.8015592990457890E-002
   2.0500000000000003        3.8222718213622130E-002
   2.0600000000000001        3.8429707540705252E-002
   2.0699999999999998        3.8636572354499750E-002
   2.0799999999999996        3.8843323993692870E-002
   2.0899999999999994        3.9049973741967316E-002
   2.0999999999999992        3.9256532818564512E-002
   2.1099999999999990        3.9463012368626656E-002
   2.1199999999999988        3.9669423453631891E-002
   2.1299999999999986        3.9875777042225162E-002
   2.1399999999999983        4.0082084001384806E-002
   2.1499999999999981        4.0288355087265353E-002
   2.1599999999999979        4.0494600937290022E-002
   2.1699999999999977        4.0700832061179394E-002
   2.1799999999999975        4.0907058832942406E-002
   2.1899999999999973        4.1113291482996549E-002
   2.1999999999999971        4.1319540091252695E-002
   2.2099999999999969        4.1525814578622672E-002
   2.2199999999999966        4.1732124700584905E-002
   2.2299999999999964        4.1938480039805499E-002
   2.2399999999999962        4.2144890000011460E-002
   2.2499999999999960        4.2351363798878154E-002
   2.2599999999999958        4.2557910463056743E-002
   2.2699999999999956        4.2764538820606962E-002
   2.2799999999999954        4.2971257496850525E-002
   2.2899999999999952        4.3178074908176670E-002
   2.2999999999999949        4.3384999256877263E-002
   2.3099999999999947        4.3592038527287248E-002
   2.3199999999999945        4.3799200479547870E-002
   2.3299999999999943        4.4006492646616449E-002
   2.3399999999999941        4.4213922329689362E-002
   2.3499999999999939        4.4421496594373500E-002
   2.3599999999999937        4.4629222267283643E-002
   2.3699999999999934        4.4837105932611719E-002
   2.3799999999999932        4.5045153928821857E-002
   2.3899999999999930        4.5253372346758983E-002
   2.3999999999999928        4.5461767026333505E-002
   2.4099999999999926        4.5670343554528689E-002
   2.4199999999999924        4.5879107263605653E-002
   2.4299999999999922        4.6088063229024034E-002
   2.4399999999999920        4.6297216268251534E-002
   2.4499999999999917        4.6506570939633084E-002
   2.4599999999999915        4.6716131540795028E-002
   2.4699999999999913        4.6925902108813776E-002
   2.4799999999999911        4.7135886419487717E-002
   2.4899999999999909        4.7346087986321089E-002
   2.4999999999999907        4.7556510061755604E-002
   2.5099999999999905        4.7767155636620456E-002
   2.5199999999999902        4.7978027440768581E-002
   2.5299999999999900        4.8189127944240059E-002
   2.5399999999999898        4.8400459357415014E-002
   2.5499999999999896        4.8612023633044392E-002
   2.5599999999999894        4.8823822467015027E-002
   2.5699999999999892        4.9035857300432743E-002
   2.5799999999999890        4.9248129321053123E-002
   2.5899999999999888        4.9460639465334452E-002
   2.5999999999999885        4.9673388421573927E-002
   2.6099999999999883        4.9886376631080004E-002
   2.6199999999999881        5.0099604291289047E-002
   2.6299999999999879        5.0313071359093742E-002
   2.6399999999999877        5.0526777553321016E-002
   2.6499999999999875        5.0740722358091274E-002
   2.6599999999999873        5.0954905026395887E-002
   2.6699999999999871        5.1169324583056466E-002
   2.6799999999999868        5.1383979829509430E-002
   2.6899999999999866        5.1598869346328284E-002
   2.6999999999999864        5.1813991498854635E-002
   2.7099999999999862        5.2029344439566805E-002
   2.7199999999999860        5.2244926114154787E-002
   2.7299999999999858        5.2460734264991322E-002
   2.7399999999999856        5.2676766435863047E-002
   2.7499999999999853        5.2893019977075864E-002
   2.7599999999999851        5.3109492049788432E-002
   2.7699999999999849        5.3326179631645723E-002
   2.7799999999999847        5.3543079521339583E-002
   2.7899999999999845        5.3760188343998580E-002
   2.7999999999999843        5.3977502556431148E-002
   2.8099999999999841        5.4195018452775474E-002
   2.8199999999999839        5.4412732169432300E-002
   2.8299999999999836        5.4630639691486946E-002
   2.8399999999999834        5.4848736857355328E-002
   2.8499999999999832        5.5067019365119145E-002
   2.8599999999999830        5.5285482778331820E-002
   2.8699999999999828        5.5504122531465208E-002
   2.8799999999999826        5.5722933936030741E-002
   2.8899999999999824        5.5941912186531245E-002
   2.8999999999999821        5.6161052366324377E-002
   2.9099999999999819        5.6380349453727614E-002
   2.9199999999999817        5.6599798328044001E-002
   2.9299999999999815        5.6819393775366218E-002
   2.9399999999999813        5.7039130494889484E-002
   2.9499999999999811        5.7259003105393932E-002
   2.9599999999999809        5.7479006150037731E-002
   2.9699999999999807        5.7699134104133229E-002
   2.9799999999999804        5.7919381379832484E-002
   2.9899999999999802        5.8139742333147670E-002
   2.9999999999999800        5.8360211269051325E-002
   3.0099999999999798        5.8580782448826502E-002
   3.0199999999999796        5.8801450094439774E-002
   3.0299999999999794        5.9022208396115119E-002
   3.0399999999999792        5.9243051516980366E-002
   3.0499999999999790        5.9463973599853018E-002
   3.0599999999999787        5.9684968772344804E-002
   3.0699999999999785        5.9906031153254491E-002
   3.0799999999999783        6.0127154857954987E-002
   3.0899999999999781        6.0348334004347248E-002
   3.0999999999999779        6.0569562717709406E-002
   3.1099999999999777        6.0790835137540133E-002
   3.1199999999999775        6.1012145421404082E-002
   3.1299999999999772        6.1233487751860854E-002
   3.1399999999999770        6.1454856340544192E-002
   3.1499999999999768        6.1676245433977039E-002
   3.1599999999999766        6.1897649318488561E-002
   3.1699999999999764        6.2119062325021589E-002
   3.1799999999999762        6.2340478834662920E-002
   3.1899999999999760        6.2561893282881129E-002
   3.1999999999999758        6.2783300164113431E-002
   3.2099999999999755        6.3004694036838435E-002
   3.2199999999999753        6.3226069527962003E-002
   3.2299999999999751        6.3447421336644924E-002
   3.2399999999999749        6.3668744239103070E-002
   3.2499999999999747        6.3890033092480245E-002
   3.2599999999999745        6.4111282838907588E-002
   3.2699999999999743        6.4332488509265304E-002
   3.2799999999999740        6.4553645227115389E-002
   3.2899999999999738        6.4774748211948494E-002
   3.2999999999999736        6.4995792782893358E-002
   3.3099999999999734        6.5216774362171090E-002
   3.3199999999999732        6.5437688477946052E-002
   3.3299999999999730        6.5658530767484249E-002
   3.3399999999999728        6.5879296980361504E-002
   3.3499999999999726        6.6099982980934641E-002
   3.3599999999999723        6.6320584750801950E-002
   3.3699999999999721        6.6541098391702830E-002
   3.3799999999999719        6.6761520127791296E-002
   3.3899999999999717        6.6981846307435380E-002
   3.3999999999999715        6.7202073405727633E-002
   3.4099999999999713        6.7422198026080918E-002
   3.4199999999999711        6.7642216902154301E-002
   3.4299999999999708        6.7862126899522743E-002
   3.4399999999999706        6.8081925016809833E-002
   3.4499999999999704        6.8301608387504861E-002
   3.4599999999999702        6.8521174280407729E-002
   3.4699999999999700        6.8740620101419209E-002
   3.4799999999999698        6.8959943394180628E-002
   3.4899999999999696        6.9179141840467431E-002
   3.4999999999999694        6.9398213261165104E-002
   3.5099999999999691        6.9617155616565826E-002
   3.5199999999999689        6.9835967006950328E-002
   3.5299999999999687        7.0054645672085650E-002
   3.5399999999999685        7.0273189991875720E-002
   3.5499999999999683        7.0491598486232626E-002
   3.5599999999999681        7.0709869814488707E-002
   3.5699999999999679        7.0928002775125287E-002
   3.5799999999999677        7.1145996305610582E-002
   3.5899999999999674        7.1363849481259956E-002
   3.5999999999999672        7.1581561514781566E-002
   3.6099999999999670        7.1799131755313952E-002
   3.6199999999999668        7.2016559687519910E-002
   3.6299999999999666        7.2233844930055871E-002
   3.6399999999999664        7.2450987234697506E-002
   3.6499999999999662        7.2667986485064562E-002
   3.6599999999999659        7.2884842694854027E-002
   3.6699999999999657        7.3101556006048063E-002
   3.6799999999999655        7.3318126687910962E-002
   3.6899999999999653        7.3534555134505630E-002
   3.6999999999999651        7.3750841863120989E-002
   3.7099999999999649        7.3966987512139051E-002
   3.7199999999999647        7.4182992839043574E-002
   3.7299999999999645        7.4398858718025457E-002
   3.7399999999999642        7.4614586137925362E-002
   3.7499999999999640        7.4830176199784840E-002
   3.7599999999999638        7.5045630114235304E-002
   3.7699999999999636        7.5260949199024402E-002
   3.7799999999999634        7.5476134876735185E-002
   3.7899999999999632        7.5691188671605458E-002
   3.7999999999999630        7.5906112206957893E-002
   3.8099999999999627        7.6120907202535629E-002
   3.8199999999999625        7.6335575471393066E-002
   3.8299999999999623        7.6550118917053184E-002
   3.8399999999999621        7.6764539530399661E-002
   3.8499999999999619        7.6978839387165016E-002
   3.8599999999999617        7.7193020643874982E-002
   3.8699999999999615        7.7407085535439943E-002
   3.8799999999999613        7.7621036371667923E-002
   3.8899999999999610        7.7834875534284642E-002
   3.8999999999999608        7.8048605473568261E-002
   3.9099999999999606        7.8262228704734260E-002
   3.9199999999999604        7.8475747805352214E-002
   3.9299999999999602        7.8689165411109027E-002
   3.9399999999999600        7.8902484213198495E-002
   3.9499999999999598        7.9115706954806866E-002
   3.9599999999999596        7.9328836427401517E-002
   3.9699999999999593        7.9541875467706830E-002
   3.9799999999999591        7.9754826953957483E-002
   3.9899999999999589        7.9967693802987017E-002
   3.9999999999999587        8.0180478966603977E-002
   4.0099999999999589        8.0393185427838590E-002
   4.0199999999999587        8.0605816198283928E-002
   4.0299999999999585        8.0818374314322927E-002
   4.0399999999999583        8.1030862833640929E-002
   4.0499999999999581        8.1243284832213727E-002
   4.0599999999999579        8.1455643400938346E-002
   4.0699999999999577        8.1667941642223255E-002
   4.0799999999999574        8.1880182666679110E-002
   4.0899999999999572        8.2092369590558961E-002
   4.0999999999999570        8.2304505531514208E-002
   4.1099999999999568        8.2516593606181493E-002
   4.1199999999999566        8.2728636926934371E-002
   4.1299999999999564        8.2940638598853145E-002
   4.1399999999999562        8.3152601716440552E-002
   4.1499999999999559        8.3364529360902440E-002
   4.1599999999999557        8.3576424597383570E-002
   4.1699999999999555        8.3788290471566940E-002
   4.1799999999999553        8.4000130007369903E-002
   4.1899999999999551        8.4211946204039226E-002
   4.1999999999999549        8.4423742033374050E-002
   4.2099999999999547        8.4635520436980347E-002
   4.2199999999999545        8.4847284324341438E-002
   4.2299999999999542        8.5059036569330768E-002
   4.2399999999999540        8.5270780008545571E-002
   4.2499999999999538        8.5482517438694741E-002
   4.2599999999999536        8.5694251614301373E-002
   4.2699999999999534        8.5905985245392363E-002
   4.2799999999999532        8.6117720995526323E-002
   4.2899999999999530        8.6329461479590988E-002
   4.2999999999999527        8.6541209261943794E-002
   4.3099999999999525        8.6752966854255723E-002
   4.3199999999999523        8.6964736714032168E-002
   4.3299999999999521        8.7176521242390462E-002
   4.3399999999999519        8.7388322782893213E-002
   4.3499999999999517        8.7600143619506521E-002
   4.3599999999999515        8.7811985975406140E-002
   4.3699999999999513        8.8023852011400436E-002
   4.3799999999999510        8.8235743824606402E-002
   4.3899999999999508        8.8447663447032698E-002
   4.3999999999999506        8.8659612844825847E-002
   4.4099999999999504        8.8871593916789421E-002
   4.4199999999999502        8.9083608493388561E-002
   4.4299999999999500        8.9295658336080191E-002
   4.4399999999999498        8.9507745136312669E-002
   4.4499999999999496        8.9719870514757674E-002
   4.4599999999999493        8.9932036020614878E-002
   4.4699999999999491        9.0144243131149562E-002
   4.4799999999999489        9.0356493251206760E-002
   4.4899999999999487        9.0568787712480184E-002
   4.4999999999999485        9.0781127773643555E-002
   4.5099999999999483        9.0993514619749485E-002
   4.5199999999999481        9.1205949362090921E-002
   4.5299999999999478        9.1418433038607860E-002
   4.5399999999999476        9.1630966612900322E-002
   4.5499999999999474        9.1843550975225327E-002
   4.5599999999999472        9.2056186942145138E-002
   4.5699999999999470        9.2268875256915656E-002
   4.5799999999999468        9.2481616589770430E-002
   4.5899999999999466        9.2694411538358432E-002
   4.5999999999999464        9.2907260627858562E-002
   4.6099999999999461        9.3120164312076065E-002
   4.6199999999999459        9.3333122973483437E-002
   4.6299999999999457        9.3546136924160736E-002
   4.6399999999999455        9.3759206406519108E-002
   4.6499999999999453        9.3972331594022226E-002
   4.6599999999999451        9.4185512592110290E-002
   4.6699999999999449        9.4398749438774202E-002
   4.6799999999999446        9.4612042106319419E-002
   4.6899999999999444        9.4825390501511259E-002
   4.6999999999999442        9.5038794467190504E-002
   4.7099999999999440        9.5252253783422461E-002
   4.7199999999999438        9.5465768168390142E-002
   4.7299999999999436        9.5679337279986065E-002
   4.7399999999999434        9.5892960716885411E-002
   4.7499999999999432        9.6106638019986673E-002
   4.7599999999999429        9.6320368673844484E-002
   4.7699999999999427        9.6534152108094309E-002
   4.7799999999999425        9.6747987698801066E-002
   4.7899999999999423        9.6961874770011558E-002
   4.7999999999999421        9.7175812595754030E-002
   4.8099999999999419        9.7389800400816601E-002
   4.8199999999999417        9.7603837363042581E-002
   4.8299999999999415        9.7817922614566080E-002
   4.8399999999999412        9.8032055244029498E-002
   4.8499999999999410        9.8246234297405532E-002
   4.8599999999999408        9.8460458780680410E-002
   4.8699999999999406        9.8674727660956113E-002
   4.8799999999999404        9.8889039868433129E-002
   4.8899999999999402        9.9103394298314454E-002
   4.8999999999999400        9.9317789812310570E-002
   4.9099999999999397        9.9532225240813316E-002
   4.9199999999999395        9.9746699384352946E-002
   4.9299999999999393        9.9961211015719295E-002
   4.9399999999999391       0.10017575888153772     
   4.9499999999999389       0.10039034170432923     
   4.9599999999999387       0.10060495818436872     
   4.9699999999999385       0.10081960700116323     
   4.9799999999999383       0.10103428681561794     
   4.9899999999999380       0.10124899627198969     
   4.9999999999999378       0.10146373399923796     
   5.0099999999999376       0.10167849861321894     
   5.0199999999999374       0.10189328871835136     
   5.0299999999999372       0.10210810290937887     
   5.0399999999999370       0.10232293977324869     
   5.0499999999999368       0.10253779789070855     
   5.0599999999999365       0.10275267583828956     
   5.0699999999999363       0.10296757218965873     
   5.0799999999999361       0.10318248551773944     
   5.0899999999999359       0.10339741439592695     
   5.0999999999999357       0.10361235740012634     
   5.1099999999999355       0.10382731311023580     
   5.1199999999999353       0.10404228011153167     
   5.1299999999999351       0.10425725699646192     
   5.1399999999999348       0.10447224236613041     
   5.1499999999999346       0.10468723483187679     
   5.1599999999999344       0.10490223301636940     
   5.1699999999999342       0.10511723555534611     
   5.1799999999999340       0.10533224109904578     
   5.1899999999999338       0.10554724831325685     
   5.1999999999999336       0.10576225588077696     
   5.2099999999999334       0.10597726250279584     
   5.2199999999999331       0.10619226689994848     
   5.2299999999999329       0.10640726781350562     
   5.2399999999999327       0.10662226400656188     
   5.2499999999999325       0.10683725426503481     
   5.2599999999999323       0.10705223739887811     
   5.2699999999999321       0.10726721224286281     
   5.2799999999999319       0.10748217765777736     
   5.2899999999999316       0.10769713253097229     
   5.2999999999999314       0.10791207577761325     
   5.3099999999999312       0.10812700634123479     
   5.3199999999999310       0.10834192319443994     
   5.3299999999999308       0.10855682533992998     
   5.3399999999999306       0.10877171181081184     
   5.3499999999999304       0.10898658167139623     
   5.3599999999999302       0.10920143401770557     
   5.3699999999999299       0.10941626797789347     
   5.3799999999999297       0.10963108271297320     
   5.3899999999999295       0.10984587741683262     
   5.3999999999999293       0.11006065131698953     
   5.4099999999999291       0.11027540367452411     
   5.4199999999999289       0.11049013378466832     
   5.4299999999999287       0.11070484097680830     
   5.4399999999999284       0.11091952461469265     
   5.4499999999999282       0.11113418409653365     
   5.4599999999999280       0.11134881885512220     
   5.4699999999999278       0.11156342835779195     
   5.4799999999999276       0.11177801210641601     
   5.4899999999999274       0.11199256963730632     
   5.4999999999999272       0.11220710052105741     
   5.5099999999999270       0.11242160436250936     
   5.5199999999999267       0.11263608080038595     
   5.5299999999999265       0.11285052950705229     
   5.5399999999999263       0.11306495018828668     
   5.5499999999999261       0.11327934258294940     
   5.5599999999999259       0.11349370646248354     
   5.5699999999999257       0.11370804163063283     
   5.5799999999999255       0.11392234792285907     
   5.5899999999999253       0.11413662520585589     
   5.5999999999999250       0.11435087337718555     
   5.6099999999999248       0.11456509236445497     
   5.6199999999999246       0.11477928212486521     
   5.6299999999999244       0.11499344264453933     
   5.6399999999999242       0.11520757393782695     
   5.6499999999999240       0.11542167604664912     
   5.6599999999999238       0.11563574903967845     
   5.6699999999999235       0.11584979301173715     
   5.6799999999999233       0.11606380808282253     
   5.6899999999999231       0.11627779439742322     
   5.6999999999999229       0.11649175212366390     
   5.7099999999999227       0.11670568145239793     
   5.7199999999999225       0.11691958259640384     
   5.7299999999999223       0.11713345578937231     
   5.7399999999999221       0.11734730128513497     
   5.7499999999999218       0.11756111935663144     
   5.7599999999999216       0.11777491029500252     
   5.7699999999999214       0.11798867440855310     
   5.7799999999999212       0.11820241202190478     
   5.7899999999999210       0.11841612347493517     
   5.7999999999999208       0.11862980912177835     
   5.8099999999999206       0.11884346932977785     
   5.8199999999999203       0.11905710447864135     
   5.8299999999999201       0.11927071495925765     
   5.8399999999999199       0.11948430117274847     
   5.8499999999999197       0.11969786352944645     
   5.8599999999999195       0.11991140244791364     
   5.8699999999999193       0.12012491835381146     
   5.8799999999999191       0.12033841167900146     
   5.8899999999999189       0.12055188286051741     
   5.8999999999999186       0.12076533233946204     
   5.9099999999999184       0.12097876056018345     
   5.9199999999999182       0.12119216796904092     
   5.9299999999999180       0.12140555501370129     
   5.9399999999999178       0.12161892214195355     
   5.9499999999999176       0.12183226980081958     
   5.9599999999999174       0.12204559843564197     
   5.9699999999999172       0.12225890848916071     
   5.9799999999999169       0.12247220040049091     
   5.9899999999999167       0.12268547460435811     
   5.9999999999999165       0.12289873153014939     
   6.0099999999999163       0.12311197160103954     
   6.0199999999999161       0.12332519523322184     
   6.0299999999999159       0.12353840283503434     
   6.0399999999999157       0.12375159480619506     
   6.0499999999999154       0.12396477153695791     
   6.0599999999999152       0.12417793340749227     
   6.0699999999999150       0.12439108078708475     
   6.0799999999999148       0.12460421403342230     
   6.0899999999999146       0.12481733349200579     
   6.0999999999999144       0.12503043949541279     
   6.1099999999999142       0.12524353236279895     
   6.1199999999999140       0.12545661239920874     
   6.1299999999999137       0.12566967989509936     
   6.1399999999999135       0.12588273512579698     
   6.1499999999999133       0.12609577835101696     
   6.1599999999999131       0.12630880981438325     
   6.1699999999999129       0.12652182974305609     
   6.1799999999999127       0.12673483834723348     
   6.1899999999999125       0.12694783581997793     
   6.1999999999999122       0.12716082233669593     
   6.2099999999999120       0.12737379805499940     
   6.2199999999999118       0.12758676311433007     
   6.2299999999999116       0.12779971763583545     
   6.2399999999999114       0.12801266172213285     
   6.2499999999999112       0.12822559545718590     
   6.2599999999999110       0.12843851890614449     
   6.2699999999999108       0.12865143211531127     
   6.2799999999999105       0.12886433511204637     
   6.2899999999999103       0.12907722790482079     
   6.2999999999999101       0.12929011048315420     
   6.3099999999999099       0.12950298281775982     
   6.3199999999999097       0.12971584486054691     
   6.3299999999999095       0.12992869654483183     
   6.3399999999999093       0.13014153778542753     
   6.3499999999999091       0.13035436847887114     
   6.3599999999999088       0.13056718850363341     
   6.3699999999999086       0.13077999772038659     
   6.3799999999999084       0.13099279597227778     
   6.3899999999999082       0.13120558308527214     
   6.3999999999999080       0.13141835886847392     
   6.4099999999999078       0.13163112311454420     
   6.4199999999999076       0.13184387560006719     
   6.4299999999999073       0.13205661608603667     
   6.4399999999999071       0.13226934431828413     
   6.4499999999999069       0.13248206002799073     
   6.4599999999999067       0.13269476293223523     
   6.4699999999999065       0.13290745273448118     
   6.4799999999999063       0.13312012912522217     
   6.4899999999999061       0.13333279178251151     
   6.4999999999999059       0.13354544037263050     
   6.5099999999999056       0.13375807455071595     
   6.5199999999999054       0.13397069396140476     
   6.5299999999999052       0.13418329823955494     
   6.5399999999999050       0.13439588701091901     
   6.5499999999999048       0.13460845989289638     
   6.5599999999999046       0.13482101649521203     
   6.5699999999999044       0.13503355642074946     
   6.5799999999999041       0.13524607926626425     
   6.5899999999999039       0.13545858462317273     
   6.5999999999999037       0.13567107207840368     
   6.6099999999999035       0.13588354121512372     
   6.6199999999999033       0.13609599161358787     
   6.6299999999999031       0.13630842285198422     
   6.6399999999999029       0.13652083450729374     
   6.6499999999999027       0.13673322615602829     
   6.6599999999999024       0.13694559737518036     
   6.6699999999999022       0.13715794774304146     
   6.6799999999999020       0.13737027684002109     
   6.6899999999999018       0.13758258424955072     
   6.6999999999999016       0.13779486955892817     
   6.7099999999999014       0.13800713236014572     
   6.7199999999999012       0.13821937225079436     
   6.7299999999999010       0.13843158883480791     
   6.7399999999999007       0.13864378172347583     
   6.7499999999999005       0.13885595053612348     
   6.7599999999999003       0.13906809490102656     
   6.7699999999999001       0.13928021445623168     
   6.7799999999998999       0.13949230885034219     
   6.7899999999998997       0.13970437774334141     
   6.7999999999998995       0.13991642080737510     
   6.8099999999998992       0.14012843772757183     
   6.8199999999998990       0.14034042820270753     
   6.8299999999998988       0.14055239194610891     
   6.8399999999998986       0.14076432868623862     
   6.8499999999998984       0.14097623816749516     
   6.8599999999998982       0.14118812015089460     
   6.8699999999998980       0.14139997441477484     
   6.8799999999998978       0.14161180075536345     
   6.8899999999998975       0.14182359898751060     
   6.8999999999998973       0.14203536894529481     
   6.9099999999998971       0.14224711048255881     
   6.9199999999998969       0.14245882347351124     
   6.9299999999998967       0.14267050781328366     
   6.9399999999998965       0.14288216341842319     
   6.9499999999998963       0.14309379022733723     
   6.9599999999998960       0.14330538820090721     
   6.9699999999998958       0.14351695732269437     
   6.9799999999998956       0.14372849759954923     
   6.9899999999998954       0.14394000906191079     
   6.9999999999998952       0.14415149176409428     
   7.0099999999998950       0.14436294578467521     
   7.0199999999998948       0.14457437122673811     
   7.0299999999998946       0.14478576821815747     
   7.0399999999998943       0.14499713691181407     
   7.0499999999998941       0.14520847748565835     
   7.0599999999998939       0.14541979014310785     
   7.0699999999998937       0.14563107511288928     
   7.0799999999998935       0.14584233264928609     
   7.0899999999998933       0.14605356303221267     
   7.0999999999998931       0.14626476656710549     
   7.1099999999998929       0.14647594358493313     
   7.1199999999998926       0.14668709444225989     
   7.1299999999998924       0.14689821952097407     
   7.1399999999998922       0.14710931922830262     
   7.1499999999998920       0.14732039399660579     
   7.1599999999998918       0.14753144428318915     
   7.1699999999998916       0.14774247056996731     
   7.1799999999998914       0.14795347336340392     
   7.1899999999998911       0.14816445319406557     
   7.1999999999998909       0.14837541061631246     
   7.2099999999998907       0.14858634620794664     
   7.2199999999998905       0.14879726056976050     
   7.2299999999998903       0.14900815432520803     
   7.2399999999998901       0.14921902811984389     
   7.2499999999998899       0.14942988262086812     
   7.2599999999998897       0.14964071851653230     
   7.2699999999998894       0.14985153651563590     
   7.2799999999998892       0.15006233734690894     
   7.2899999999998890       0.15027312175843502     
   7.2999999999998888       0.15048389051684974     
   7.3099999999998886       0.15069464440680932     
   7.3199999999998884       0.15090538423019270     
   7.3299999999998882       0.15111611080540732     
   7.3399999999998879       0.15132682496653976     
   7.3499999999998877       0.15153752756265787     
   7.3599999999998875       0.15174821945694769     
   7.3699999999998873       0.15195890152584157     
   7.3799999999998871       0.15216957465808617     
   7.3899999999998869       0.15238023975410278     
   7.3999999999998867       0.15259089772484632     
   7.4099999999998865       0.15280154949077224     
   7.4199999999998862       0.15301219598120666     
   7.4299999999998860       0.15322283813320292     
   7.4399999999998858       0.15343347689041500     
   7.4499999999998856       0.15364411320231794     
   7.4599999999998854       0.15385474802312973     
   7.4699999999998852       0.15406538231066319     
   7.4799999999998850       0.15427601702535304     
   7.4899999999998847       0.15448665312917439     
   7.4999999999998845       0.15469729158471268     
   7.5099999999998843       0.15490793335381584     
   7.5199999999998841       0.15511857939663568     
   7.5299999999998839       0.15532923067065441     
   7.5399999999998837       0.15553988812940145     
   7.5499999999998835       0.15575055272136090     
   7.5599999999998833       0.15596122538910048     
   7.5699999999998830       0.15617190706773204     
   7.5799999999998828       0.15638259868420537     
   7.5899999999998826       0.15659330115592784     
   7.5999999999998824       0.15680401538990871     
   7.6099999999998822       0.15701474228135512     
   7.6199999999998820       0.15722548271282252     
   7.6299999999998818       0.15743623755295663     
   7.6399999999998816       0.15764700765547754     
   7.6499999999998813       0.15785779385817469     
   7.6599999999998811       0.15806859698167441     
   7.6699999999998809       0.15827941782850169     
   7.6799999999998807       0.15849025718199947     
   7.6899999999998805       0.15870111580530152     
   7.6999999999998803       0.15891199444031823     
   7.7099999999998801       0.15912289380673530     
   7.7199999999998798       0.15933381460101473     
   7.7299999999998796       0.15954475749549030     
   7.7399999999998794       0.15975572313736863     
   7.7499999999998792       0.15996671214779884     
   7.7599999999998790       0.16017772512106396     
   7.7699999999998788       0.16038876262354884     
   7.7799999999998786       0.16059982519307839     
   7.7899999999998784       0.16081091333794803     
   7.7999999999998781       0.16102202753616887     
   7.8099999999998779       0.16123316823465969     
   7.8199999999998777       0.16144433584869552     
   7.8299999999998775       0.16165553076087849     
   7.8399999999998773       0.16186675332074560     
   7.8499999999998771       0.16207800384384383     
   7.8599999999998769       0.16228928261149839     
   7.8699999999998766       0.16250058986982727     
   7.8799999999998764       0.16271192582930966     
   7.8899999999998762       0.16292329066452613     
   7.8999999999998760       0.16313468451333316     
   7.9099999999998758       0.16334610747654510     
   7.9199999999998756       0.16355755961764135     
   7.9299999999998754       0.16376904096223230     
   7.9399999999998752       0.16398055149781121     
   7.9499999999998749       0.16419209117353278     
   7.9599999999998747       0.16440365989977995     
   7.9699999999998745       0.16461525754805933     
   7.9799999999998743       0.16482688395090866     
   7.9899999999998741       0.16503853890160183     
   7.9999999999998739       0.16525022215420976     
   8.0099999999998737       0.16546193342343024     
   8.0199999999998735       0.16567367238458813     
   8.0299999999998732       0.16588543867390509     
   8.0399999999998730       0.16609723188810077     
   8.0499999999998728       0.16630905158507447     
   8.0599999999998726       0.16652089728362693     
   8.0699999999998724       0.16673276846390334     
   8.0799999999998722       0.16694466456746868     
   8.0899999999998720       0.16715658499776603     
   8.0999999999998717       0.16736852912043165     
   8.1099999999998715       0.16758049626339805     
   8.1199999999998713       0.16779248571767283     
   8.1299999999998711       0.16800449673761686     
   8.1399999999998709       0.16821652854132202     
   8.1499999999998707       0.16842858031150842     
   8.1599999999998705       0.16864065119552160     
   8.1699999999998703       0.16885274030668976     
   8.1799999999998700       0.16906484672425293     
   8.1899999999998698       0.16927696949458265     
   8.1999999999998696       0.16948910763156463     
   8.2099999999998694       0.16970126011765019     
   8.2199999999998692       0.16991342590444927     
   8.2299999999998690       0.17012560391366460     
   8.2399999999998688       0.17033779303798055     
   8.2499999999998685       0.17054999214185207     
   8.2599999999998683       0.17076220006273127     
   8.2699999999998681       0.17097441561168264     
   8.2799999999998679       0.17118663757466221     
   8.2899999999998677       0.17139886471355539     
   8.2999999999998675       0.17161109576694006     
   8.3099999999998673       0.17182332945160333     
   8.3199999999998671       0.17203556446350179     
   8.3299999999998668       0.17224779947875068     
   8.3399999999998666       0.17246003315514713     
   8.3499999999998664       0.17267226413304079     
   8.3599999999998662       0.17288449103681675     
   8.3699999999998660       0.17309671247597308     
   8.3799999999998658       0.17330892704653242     
   8.3899999999998656       0.17352113333224162     
   8.3999999999998654       0.17373332990594806     
   8.4099999999998651       0.17394551533101471     
   8.4199999999998649       0.17415768816238561     
   8.4299999999998647       0.17436984694820365     
   8.4399999999998645       0.17458199023115556     
   8.4499999999998643       0.17479411654986998     
   8.4599999999998641       0.17500622444003056     
   8.4699999999998639       0.17521831243629343     
   8.4799999999998636       0.17543037907331241     
   8.4899999999998634       0.17564242288743664     
   8.4999999999998632       0.17585444241759940     
   8.5099999999998630       0.17606643620760790     
   8.5199999999998628       0.17627840280684468     
   8.5299999999998626       0.17649034077205855     
   8.5399999999998624       0.17670224866859777     
   8.5499999999998622       0.17691412507212140     
   8.5599999999998619       0.17712596856985424     
   8.5699999999998617       0.17733777776184254     
   8.5799999999998615       0.17754955126257746     
   8.5899999999998613       0.17776128770263194     
   8.5999999999998611       0.17797298572939030     
   8.6099999999998609       0.17818464400926595     
   8.6199999999998607       0.17839626122829386     
   8.6299999999998604       0.17860783609415612     
   8.6399999999998602       0.17881936733696518     
   8.6499999999998600       0.17903085371098656     
   8.6599999999998598       0.17924229399564770     
   8.6699999999998596       0.17945368699731321     
   8.6799999999998594       0.17966503154984675     
   8.6899999999998592       0.17987632651652008     
   8.6999999999998590       0.18008757079082482     
   8.7099999999998587       0.18029876329783245     
   8.7199999999998585       0.18050990299525008     
   8.7299999999998583       0.18072098887481580     
   8.7399999999998581       0.18093201996307434     
   8.7499999999998579       0.18114299532250244     
   8.7599999999998577       0.18135391405322951     
   8.7699999999998575       0.18156477529284124     
   8.7799999999998573       0.18177557821839771     
   8.7899999999998570       0.18198632204680956     
   8.7999999999998568       0.18219700603632494     
   8.8099999999998566       0.18240762948662545     
   8.8199999999998564       0.18261819174025387     
   8.8299999999998562       0.18282869218335598     
   8.8399999999998560       0.18303913024600266     
   8.8499999999998558       0.18324950540364801     
   8.8599999999998555       0.18345981717698512     
   8.8699999999998553       0.18367006513319076     
   8.8799999999998551       0.18388024888631824     
   8.8899999999998549       0.18409036809781595     
   8.8999999999998547       0.18430042247698006     
   8.9099999999998545       0.18451041178154504     
   8.9199999999998543       0.18472033581804770     
   8.9299999999998541       0.18493019444204256     
   8.9399999999998538       0.18513998755876002     
   8.9499999999998536       0.18534971512302920     
   8.9599999999998534       0.18555937713968207     
   8.9699999999998532       0.18576897366369527     
   8.9799999999998530       0.18597850480023331     
   8.9899999999998528       0.18618797070494628     
   8.9999999999998526       0.18639737158383554     
   9.0099999999998523       0.18660670769307655     
   9.0199999999998521       0.18681597933924721     
   9.0299999999998519       0.18702518687916794     
   9.0399999999998517       0.18723433071949852     
   9.0499999999998515       0.18744341131672623     
   9.0599999999998513       0.18765242917691577     
   9.0699999999998511       0.18786138485530360     
   9.0799999999998509       0.18807027895583156     
   9.0899999999998506       0.18827911213092527     
   9.0999999999998504       0.18848788508102521     
   9.1099999999998502       0.18869659855399648     
   9.1199999999998500       0.18890525334456770     
   9.1299999999998498       0.18911385029368680     
   9.1399999999998496       0.18932239028792594     
   9.1499999999998494       0.18953087425894788     
   9.1599999999998492       0.18973930318249102     
   9.1699999999998489       0.18994767807747370     
   9.1799999999998487       0.19015600000592367     
   9.1899999999998485       0.19036427007107790     
   9.1999999999998483       0.19057248941702454     
   9.2099999999998481       0.19078065922786303     
   9.2199999999998479       0.19098878072630940     
   9.2299999999998477       0.19119685517307383     
   9.2399999999998474       0.19140488386502641     
   9.2499999999998472       0.19161286813522846     
   9.2599999999998470       0.19182080935086759     
   9.2699999999998468       0.19202870891231699     
   9.2799999999998466       0.19223656825187144     
   9.2899999999998464       0.19244438883268261     
   9.2999999999998462       0.19265217214727443     
   9.3099999999998460       0.19285991971635688     
   9.3199999999998457       0.19306763308716693     
   9.3299999999998455       0.19327531383241295     
   9.3399999999998453       0.19348296354879260     
   9.3499999999998451       0.19369058385548801     
   9.3599999999998449       0.19389817639241747     
   9.3699999999998447       0.19410574281957332     
   9.3799999999998445       0.19431328481442439     
   9.3899999999998442       0.19452080407133479     
   9.3999999999998440       0.19472830229924903     
   9.4099999999998438       0.19493578122079250     
   9.4199999999998436       0.19514324257033602     
   9.4299999999998434       0.19535068809209646     
   9.4399999999998432       0.19555811953905675     
   9.4499999999998430       0.19576553867128477     
   9.4599999999998428       0.19597294725389272     
   9.4699999999998425       0.19618034705577103     
   9.4799999999998423       0.19638773984768307     
   9.4899999999998421       0.19659512740083782     
   9.4999999999998419       0.19680251148499978     
   9.5099999999998417       0.19700989386698511     
   9.5199999999998415       0.19721727630898025     
   9.5299999999998413       0.19742466056668823     
   9.5399999999998411       0.19763204838793247     
   9.5499999999998408       0.19783944151086474     
   9.5599999999998406       0.19804684166222802     
   9.5699999999998404       0.19825425055606818     
   9.5799999999998402       0.19846166989153075     
   9.5899999999998400       0.19866910135150773     
   9.5999999999998398       0.19887654660142184     
   9.6099999999998396       0.19908400728686554     
   9.6199999999998393       0.19929148503272606     
   9.6299999999998391       0.19949898144116288     
   9.6399999999998389       0.19970649809007943     
   9.6499999999998387       0.19991403653174128     
   9.6599999999998385       0.20012159829145257     
   9.6699999999998383       0.20032918486566470     
   9.6799999999998381       0.20053679772078764     
   9.6899999999998379       0.20074443829155114     
   9.6999999999998376       0.20095210798000418     
   9.7099999999998374       0.20115980815354786     
   9.7199999999998372       0.20136754014388938     
   9.7299999999998370       0.20157530524628664     
   9.7399999999998368       0.20178310471687153     
   9.7499999999998366       0.20199093977271620     
   9.7599999999998364       0.20219881159031980     
   9.7699999999998361       0.20240672130368254     
   9.7799999999998359       0.20261467000433028     
   9.7899999999998357       0.20282265873941438     
   9.7999999999998355       0.20303068851060366     
   9.8099999999998353       0.20323876027377052     
   9.8199999999998351       0.20344687493726876     
   9.8299999999998349       0.20365503336113636     
   9.8399999999998347       0.20386323635690631     
   9.8499999999998344       0.20407148468586003     
   9.8599999999998342       0.20427977905854733     
   9.8699999999998340       0.20448812013428233     
   9.8799999999998338       0.20469650852008461     
   9.8899999999998336       0.20490494477041846     
   9.8999999999998334       0.20511342938594684     
   9.9099999999998332       0.20532196281379744     
   9.9199999999998330       0.20553054544618912     
   9.9299999999998327       0.20573917762088531     
   9.9399999999998325       0.20594785962013529     
   9.9499999999998323       0.20615659167022563     
   9.9599999999998321       0.20636537394199703     
   9.9699999999998319       0.20657420654967926     
   9.9799999999998317       0.20678308955126665     
   9.9899999999998315       0.20699202294796973     
   9.9999999999998312       0.20720100668461602     
