   0.0000000000000000       -0.0000000000000000     
   1.0000000000000000E-002   3.2999095132334844E-005
   2.0000000000000000E-002   1.3188529143790337E-004
   2.9999999999999999E-002   2.9646241304917250E-004
   4.0000000000000001E-002   5.2649507606856592E-004
   5.0000000000000003E-002   8.2170892847324337E-004
   6.0000000000000005E-002   1.1817909047374621E-003
   7.0000000000000007E-002   1.6063894961615148E-003
   8.0000000000000002E-002   2.0951150371214893E-003
   8.9999999999999997E-002   2.6475400080660390E-003
   9.9999999999999992E-002   3.2631993560408171E-003
  0.10999999999999999        3.9415908327670151E-003
  0.11999999999999998        4.6821753525692006E-003
  0.12999999999999998        5.4843773691350267E-003
  0.13999999999999999        6.3475852737635060E-003
  0.14999999999999999        7.2711518153007939E-003
  0.16000000000000000        8.2543945429036092E-003
  0.17000000000000001        9.2965962725829500E-003
  0.18000000000000002        1.0397005579581939E-002
  0.19000000000000003        1.1554837316341014E-002
  0.20000000000000004        1.2769273158869226E-002
  0.21000000000000005        1.4039462180933300E-002
  0.22000000000000006        1.5364521459407685E-002
  0.23000000000000007        1.6743536710269128E-002
  0.24000000000000007        1.8175562957246989E-002
  0.25000000000000006        1.9659625234541400E-002
  0.26000000000000006        2.1194719324326868E-002
  0.27000000000000007        2.2779812530700660E-002
  0.28000000000000008        2.4413844490640300E-002
  0.29000000000000009        2.6095728023532997E-002
  0.30000000000000010        2.7824350020556245E-002
  0.31000000000000011        2.9598572373583543E-002
  0.32000000000000012        3.1417232946165878E-002
  0.33000000000000013        3.3279146586098908E-002
  0.34000000000000014        3.5183106180608784E-002
  0.35000000000000014        3.7127883755084599E-002
  0.36000000000000015        3.9112231614997529E-002
  0.37000000000000016        4.1134883532043989E-002
  0.38000000000000017        4.3194555973894926E-002
  0.39000000000000018        4.5289949378156891E-002
  0.40000000000000019        4.7419749469939265E-002
  0.41000000000000020        4.9582628622488932E-002
  0.42000000000000021        5.1777247260586447E-002
  0.43000000000000022        5.4002255305756919E-002
  0.44000000000000022        5.6256293662243557E-002
  0.45000000000000023        5.8537995742441375E-002
  0.46000000000000024        6.0845989030123511E-002
  0.47000000000000025        6.3178896680424299E-002
  0.48000000000000026        6.5535339153597397E-002
  0.49000000000000027        6.7913935881207449E-002
  0.50000000000000022        7.0313306961689817E-002
  0.51000000000000023        7.2732074882981099E-002
  0.52000000000000024        7.5168866269090820E-002
  0.53000000000000025        7.7622313647297658E-002
  0.54000000000000026        8.0091057232625662E-002
  0.55000000000000027        8.2573746726254407E-002
  0.56000000000000028        8.5069043123276109E-002
  0.57000000000000028        8.7575620526246900E-002
  0.58000000000000029        9.0092167960026517E-002
  0.59000000000000030        9.2617391183330580E-002
  0.60000000000000031        9.5150014492389134E-002
  0.61000000000000032        9.7688782511870353E-002
  0.62000000000000033       0.10023246196800978     
  0.63000000000000034       0.10277984343890367     
  0.64000000000000035       0.10532974307673738     
  0.65000000000000036       0.10788100429674952     
  0.66000000000000036       0.11043249942750581     
  0.67000000000000037       0.11298313131719605     
  0.68000000000000038       0.11553183489072508     
  0.69000000000000039       0.11807757865223080     
  0.70000000000000040       0.12061936612773527     
  0.71000000000000041       0.12315623724301701     
  0.72000000000000042       0.12568726963162963     
  0.73000000000000043       0.12821157986814100     
  0.74000000000000044       0.13072832462217551     
  0.75000000000000044       0.13323670172864752     
  0.76000000000000045       0.13573595117019169     
  0.77000000000000046       0.13822535596778163     
  0.78000000000000047       0.14070424297601589     
  0.79000000000000048       0.14317198357982905     
  0.80000000000000049       0.14562799428968853     
  0.81000000000000050       0.14807173723275466     
  0.82000000000000051       0.15050272053785865     
  0.83000000000000052       0.15292049861263046     
  0.84000000000000052       0.15532467231127442     
  0.85000000000000053       0.15771488899234204     
  0.86000000000000054       0.16009084246584462     
  0.87000000000000055       0.16245227282984476     
  0.88000000000000056       0.16479896619674797     
  0.89000000000000057       0.16713075431050098     
  0.90000000000000058       0.16944751405567349     
  0.91000000000000059       0.17174916686027808     
  0.92000000000000060       0.17403567799464273     
  0.93000000000000060       0.17630705576855135     
  0.94000000000000061       0.17856335063010317     
  0.95000000000000062       0.18080465416900898     
  0.96000000000000063       0.18303109802869322     
  0.97000000000000064       0.18524285273045660     
  0.98000000000000065       0.18744012641488658     
  0.99000000000000066       0.18962316350421854     
   1.0000000000000007       0.19179224329124270     
   1.0100000000000007       0.19394767845937483     
   1.0200000000000007       0.19608981353934785     
   1.0300000000000007       0.19821902330808880     
   1.0400000000000007       0.20033571113501600     
   1.0500000000000007       0.20244030728161863     
   1.0600000000000007       0.20453326716053247     
   1.0700000000000007       0.20661506955895501     
   1.0800000000000007       0.20868621483294697     
   1.0900000000000007       0.21074722307862256     
   1.1000000000000008       0.21279863228520704     
   1.1100000000000008       0.21484099647629598     
   1.1200000000000008       0.21687488384500622     
   1.1300000000000008       0.21890087488796539     
   1.1400000000000008       0.22091956054437570     
   1.1500000000000008       0.22293154034457874     
   1.1600000000000008       0.22493742057389024     
   1.1700000000000008       0.22693781245612710     
   1.1800000000000008       0.22893333036187394     
   1.1900000000000008       0.23092459004573712     
   1.2000000000000008       0.23291220691725967     
   1.2100000000000009       0.23489679434887245     
   1.2200000000000009       0.23687896202572920     
   1.2300000000000009       0.23885931433994584     
   1.2400000000000009       0.24083844883341973     
   1.2500000000000009       0.24281695469189873     
   1.2600000000000009       0.24479541129333043     
   1.2700000000000009       0.24677438681310884     
   1.2800000000000009       0.24875443688873794     
   1.2900000000000009       0.25073610334568158     
   1.3000000000000009       0.25271991298663021     
   1.3100000000000009       0.25470637644618194     
   1.3200000000000010       0.25669598711147257     
   1.3300000000000010       0.25868922011103229     
   1.3400000000000010       0.26068653137239778     
   1.3500000000000010       0.26268835674914381     
   1.3600000000000010       0.26469511121872752     
   1.3700000000000010       0.26670718815071198     
   1.3800000000000010       0.26872495864635232     
   1.3900000000000010       0.27074877094920441     
   1.4000000000000010       0.27277894992709223     
   1.4100000000000010       0.27481579662504174     
   1.4200000000000010       0.27685958788860215     
   1.4300000000000010       0.27891057605777003     
   1.4400000000000011       0.28096898872989634     
   1.4500000000000011       0.28303502859181412     
   1.4600000000000011       0.28510887331972884     
   1.4700000000000011       0.28719067554621103     
   1.4800000000000011       0.28928056289252568     
   1.4900000000000011       0.29137863806634939     
   1.5000000000000011       0.29348497902251325     
   1.5100000000000011       0.29559963918545379     
   1.5200000000000011       0.29772264773290358     
   1.5300000000000011       0.29985400993776706     
   1.5400000000000011       0.30199370756805299     
   1.5500000000000012       0.30414169934160912     
   1.5600000000000012       0.30629792143535017     
   1.5700000000000012       0.30846228804611969     
   1.5800000000000012       0.31063469200137567     
   1.5900000000000012       0.31281500541799045     
   1.6000000000000012       0.31500308040703473     
   1.6100000000000012       0.31719874982171148     
   1.6200000000000012       0.31940182804750489     
   1.6300000000000012       0.32161211183075583     
   1.6400000000000012       0.32382938114466880     
   1.6500000000000012       0.32605340008922629     
   1.6600000000000013       0.32828391782338950     
   1.6700000000000013       0.33052066952640480     
   1.6800000000000013       0.33276337738613204     
   1.6900000000000013       0.33501175161147972     
   1.7000000000000013       0.33726549146627521     
   1.7100000000000013       0.33952428632178494     
   1.7200000000000013       0.34178781672557657     
   1.7300000000000013       0.34405575548322637     
   1.7400000000000013       0.34632776875029203     
   1.7500000000000013       0.34860351713213922     
   1.7600000000000013       0.35088265678791880     
   1.7700000000000014       0.35316484053627617     
   1.7800000000000014       0.35544971896009997     
   1.7900000000000014       0.35773694150649643     
   1.8000000000000014       0.36002615758019507     
   1.8100000000000014       0.36231701762642643     
   1.8200000000000014       0.36460917420121486     
   1.8300000000000014       0.36690228302557942     
   1.8400000000000014       0.36919600402123959     
   1.8500000000000014       0.37149000232473617     
   1.8600000000000014       0.37378394927742425     
   1.8700000000000014       0.37607752338846712     
   1.8800000000000014       0.37837041126844684     
   1.8900000000000015       0.38066230853078686     
   1.9000000000000015       0.38295292065877301     
   1.9100000000000015       0.38524196383563214     
   1.9200000000000015       0.38752916573561730     
   1.9300000000000015       0.38981426627373444     
   1.9400000000000015       0.39209701831232957     
   1.9500000000000015       0.39437718832252822     
   1.9600000000000015       0.39665455699878699     
   1.9700000000000015       0.39892891982509837     
   1.9800000000000015       0.40120008759118903     
   1.9900000000000015       0.40346788685771212     
   2.0000000000000013       0.40573216036906951     
   2.0100000000000011       0.40799276741310808     
   2.0200000000000009       0.41024958412679674     
   2.0300000000000007       0.41250250374743275     
   2.0400000000000005       0.41475143680878279     
   2.0500000000000003       0.41699631128219639     
   2.0600000000000001       0.41923707266237675     
   2.0699999999999998       0.42147368399816432     
   2.0799999999999996       0.42370612586854267     
   2.0899999999999994       0.42593439630438290     
   2.0999999999999992       0.42815851065678473     
   2.1099999999999990       0.43037850141246492     
   2.1199999999999988       0.43259441795786813     
   2.1299999999999986       0.43480632629237875     
   2.1399999999999983       0.43701430869290503     
   2.1499999999999981       0.43921846333048625     
   2.1599999999999979       0.44141890384125954     
   2.1699999999999977       0.44361575885305304     
   2.1799999999999975       0.44580917147012900     
   2.1899999999999973       0.44799929871733801     
   2.1999999999999971       0.45018631094666656     
   2.2099999999999969       0.45237039120789174     
   2.2199999999999966       0.45455173458583287     
   2.2299999999999964       0.45673054750679276     
   2.2399999999999962       0.45890704701662571     
   2.2499999999999960       0.46108146003266415     
   2.2599999999999958       0.46325402257285109     
   2.2699999999999956       0.46542497896394447     
   2.2799999999999954       0.46759458103220181     
   2.2899999999999952       0.46976308727864474     
   2.2999999999999949       0.47193076204201012     
   2.3099999999999947       0.47409787465216835     
   2.3199999999999945       0.47626469857616188     
   2.3299999999999943       0.47843151056051481     
   2.3399999999999941       0.48059858977132425     
   2.3499999999999939       0.48276621693594629     
   2.3599999999999937       0.48493467348783881     
   2.3699999999999934       0.48710424071775704     
   2.3799999999999932       0.48927519893362476     
   2.3899999999999930       0.49144782663106090     
   2.3999999999999928       0.49362239967802163     
   2.4099999999999926       0.49579919051399873     
   2.4199999999999924       0.49797846736815521     
   2.4299999999999922       0.50016049349661251     
   2.4399999999999920       0.50234552644164221     
   2.4499999999999917       0.50453381731532798     
   2.4599999999999915       0.50672561010801509     
   2.4699999999999913       0.50892114102472763     
   2.4799999999999911       0.51112063785005024     
   2.4899999999999909       0.51332431934373624     
   2.4999999999999907       0.51553239466833156     
   2.5099999999999905       0.51774506284899757     
   2.5199999999999902       0.51996251226894696     
   2.5299999999999900       0.52218492019925156     
   2.5399999999999898       0.52441245236522405     
   2.5499999999999896       0.52664526255008426     
   2.5599999999999894       0.52888349223676823     
   2.5699999999999892       0.53112727028761064     
   2.5799999999999890       0.53337671266382269     
   2.5899999999999888       0.53563192218403155     
   2.5999999999999885       0.53789298832291454     
   2.6099999999999883       0.54015998704945600     
   2.6199999999999881       0.54243298070592283     
   2.6299999999999879       0.54471201792659485     
   2.6399999999999877       0.54699713359653923     
   2.6499999999999875       0.54928834885033351     
   2.6599999999999873       0.55158567111046286     
   2.6699999999999871       0.55388909416454613     
   2.6799999999999868       0.55619859828187046     
   2.6899999999999866       0.55851415036724750     
   2.6999999999999864       0.56083570415290851     
   2.7099999999999862       0.56316320042703261     
   2.7199999999999860       0.56549656729789011     
   2.7299999999999858       0.56783572049305509     
   2.7399999999999856       0.57018056369272141     
   2.7499999999999853       0.57253098889539367     
   2.7599999999999851       0.57488687681584094     
   2.7699999999999849       0.57724809731304838     
   2.7799999999999847       0.57961450984746732     
   2.7899999999999845       0.58198596396572544     
   2.7999999999999843       0.58436229981193510     
   2.8099999999999841       0.58674334866378153     
   2.8199999999999839       0.58912893349118678     
   2.8299999999999836       0.59151886953713417     
   2.8399999999999834       0.59391296491799372     
   2.8499999999999832       0.59631102124187907     
   2.8599999999999830       0.59871283424324107     
   2.8699999999999828       0.60111819443212666     
   2.8799999999999826       0.60352688775543495     
   2.8899999999999824       0.60593869626946695     
   2.8999999999999821       0.60835339882016282     
   2.9099999999999819       0.61077077173102989     
   2.9199999999999817       0.61319058949476446     
   2.9299999999999815       0.61561262546819673     
   2.9399999999999813       0.61803665256736751     
   2.9499999999999811       0.62046244396136629     
   2.9599999999999809       0.62288977376255694     
   2.9699999999999807       0.62531841771142538     
   2.9799999999999804       0.62774815385348581     
   2.9899999999999802       0.63017876320730226     
   2.9999999999999800       0.63261003042028330     
   3.0099999999999798       0.63504174441137595     
   3.0199999999999796       0.63747369899832884     
   3.0299999999999794       0.63990569350754345     
   3.0399999999999792       0.64233753336509114     
   3.0499999999999790       0.64476903066659130     
   3.0599999999999787       0.64720000472485595     
   3.0699999999999785       0.64963028259316502     
   3.0799999999999783       0.65205969956281984     
   3.0899999999999781       0.65448809963378152     
   3.0999999999999779       0.65691533595625462     
   3.1099999999999777       0.65934127124292796     
   3.1199999999999775       0.66176577814961124     
   3.1299999999999772       0.66418873962412761     
   3.1399999999999770       0.66661004922181644     
   3.1499999999999768       0.66902961138688710     
   3.1599999999999766       0.67144734169923004     
   3.1699999999999764       0.67386316708539706     
   3.1799999999999762       0.67627702599381012     
   3.1899999999999760       0.67868886853330035     
   3.1999999999999758       0.68109865657502788     
   3.2099999999999755       0.68350636381739405     
   3.2199999999999753       0.68591197581392116     
   3.2299999999999751       0.68831548996432534     
   3.2399999999999749       0.69071691546869718     
   3.2499999999999747       0.69311627324533132     
   3.2599999999999745       0.69551359581254490     
   3.2699999999999743       0.69790892713504471     
   3.2799999999999740       0.70030232243547574     
   3.2899999999999738       0.70269384797198220     
   3.2999999999999736       0.70508358078264688     
   3.3099999999999734       0.70747160839772771     
   3.3199999999999732       0.70985802852091684     
   3.3299999999999730       0.71224294868066351     
   3.3399999999999728       0.71462648585298305     
   3.3499999999999726       0.71700876605688457     
   3.3599999999999723       0.71938992392417600     
   3.3699999999999721       0.72177010224489180     
   3.3799999999999719       0.72414945148993703     
   3.3899999999999717       0.72652812931292521     
   3.3999999999999715       0.72890630003228096     
   3.4099999999999713       0.73128413409607462     
   3.4199999999999711       0.73366180753078014     
   3.4299999999999708       0.73603950137602236     
   3.4399999999999706       0.73841740110740561     
   3.4499999999999704       0.74079569604855122     
   3.4599999999999702       0.74317457877527726     
   3.4699999999999700       0.74555424451273222     
   3.4799999999999698       0.74793489052821183     
   3.4899999999999696       0.75031671552113366     
   3.4999999999999694       0.75269991901197664     
   3.5099999999999691       0.75508470073253930     
   3.5199999999999689       0.75747126001854870     
   3.5299999999999687       0.75985979520735214     
   3.5399999999999685       0.76225050304173825     
   3.5499999999999683       0.76464357808204242     
   3.5599999999999681       0.76703921212789972     
   3.5699999999999679       0.76943759365169884     
   3.5799999999999677       0.77183890724516679     
   3.5899999999999674       0.77424333308028059     
   3.5999999999999672       0.77665104638658422     
   3.6099999999999670       0.77906221694620781     
   3.6199999999999668       0.78147700860711100     
   3.6299999999999666       0.78389557881752281     
   3.6399999999999664       0.78631807818099475     
   3.6499999999999662       0.78874465003438166     
   3.6599999999999659       0.79117543004956370     
   3.6699999999999657       0.79361054585975699     
   3.6799999999999655       0.79605011671112136     
   3.6899999999999653       0.79849425314160516     
   3.6999999999999651       0.80094305668607324     
   3.7099999999999649       0.80339661960983710     
   3.7199999999999647       0.80585502467091796     
   3.7299999999999645       0.80831834491061993     
   3.7399999999999642       0.81078664347449703     
   3.7499999999999640       0.81325997346219725     
   3.7599999999999638       0.81573837780838065     
   3.7699999999999636       0.81822188919331995     
   3.7799999999999634       0.82071052998384197     
   3.7899999999999632       0.82320431220566970     
   3.7999999999999630       0.82570323754488095     
   3.8099999999999627       0.82820729738075571     
   3.8199999999999625       0.83071647284808992     
   3.8299999999999623       0.83323073492964694     
   3.8399999999999621       0.83575004457766466     
   3.8499999999999619       0.83827435286506724     
   3.8599999999999617       0.84080360116416564     
   3.8699999999999615       0.84333772135433871     
   3.8799999999999613       0.84587663605594421     
   3.8899999999999610       0.84842025889149841     
   3.8999999999999608       0.85096849477207859     
   3.9099999999999606       0.85352124020882525     
   3.9199999999999604       0.85607838364820665     
   3.9299999999999602       0.85863980582979293     
   3.9399999999999600       0.86120538016678472     
   3.9499999999999598       0.86377497314614393     
   3.9599999999999596       0.86634844474901951     
   3.9699999999999593       0.86892564888883861     
   3.9799999999999591       0.87150643386693538     
   3.9899999999999589       0.87409064284332572     
   3.9999999999999587       0.87667811432206011     
   4.0099999999999589       0.87926868264919678     
   4.0199999999999587       0.88186217852230975     
   4.0299999999999585       0.88445842950955689     
   4.0399999999999583       0.88705726057746526     
   4.0499999999999581       0.88965849462510382     
   4.0599999999999579       0.89226195302376499     
   4.0699999999999577       0.89486745615993146     
   4.0799999999999574       0.89747482398048606     
   4.0899999999999572       0.90008387653790989     
   4.0999999999999570       0.90269443453454401     
   4.1099999999999568       0.90530631986356802     
   4.1199999999999566       0.90791935614595687     
   4.1299999999999564       0.91053336926036366     
   4.1399999999999562       0.91314818786637941     
   4.1499999999999559       0.91576364391726428     
   4.1599999999999557       0.91837957316262753     
   4.1699999999999555       0.92099581563813104     
   4.1799999999999553       0.92361221614165223     
   4.1899999999999551       0.92622862469349143     
   4.1999999999999549       0.92884489698048112     
   4.2099999999999547       0.93146089478110727     
   4.2199999999999545       0.93407648637193585     
   4.2299999999999542       0.93669154691280665     
   4.2399999999999540       0.93930595881018797     
   4.2499999999999538       0.94191961205784769     
   4.2599999999999536       0.94453240455299114     
   4.2699999999999534       0.94714424238785011     
   4.2799999999999532       0.94975504011496370     
   4.2899999999999530       0.95236472098617098     
   4.2999999999999527       0.95497321716394878     
   4.3099999999999525       0.95758046990463996     
   4.3199999999999523       0.96018642971347268     
   4.3299999999999521       0.96279105647035423     
   4.3399999999999519       0.96539431952627042     
   4.3499999999999517       0.96799619777035040     
   4.3599999999999515       0.97059667966700736     
   4.3699999999999513       0.97319576326351254     
   4.3799999999999510       0.97579345616753554     
   4.3899999999999508       0.97838977549547501     
   4.3999999999999506       0.98098474779121725     
   4.4099999999999504       0.98357840891603487     
   4.4199999999999502       0.98617080390981871     
   4.4299999999999500       0.98876198682438299     
   4.4399999999999498       0.99135202052932303     
   4.4499999999999496       0.99394097649116675     
   4.4599999999999493       0.99652893452655411     
   4.4699999999999491       0.99911598253045653     
   4.4799999999999489        1.0017022161802602     
   4.4899999999999487        1.0042877386166853     
   4.4999999999999485        1.0068726601028717     
   4.5099999999999483        1.0094570976624890     
   4.5199999999999481        1.0120411746982485     
   4.5299999999999478        1.0146250205921583     
   4.5399999999999476        1.0172087702886861     
   4.5499999999999474        1.0197925638622087     
   4.5599999999999472        1.0223765460704322     
   4.5699999999999470        1.0249608658947114     
   4.5799999999999468        1.0275456760693804     
   4.5899999999999466        1.0301311326010236     
   4.5999999999999464        1.0327173942795815     
   4.6099999999999461        1.0353046221827222     
   4.6199999999999459        1.0378929791749127     
   4.6299999999999457        1.0404826294029634     
   4.6399999999999455        1.0430737377894910     
   4.6499999999999453        1.0456664695256441     
   4.6599999999999451        1.0482609895650696     
   4.6699999999999449        1.0508574621203071     
   4.6799999999999446        1.0534560501632642     
   4.6899999999999444        1.0560569149308225     
   4.6999999999999442        1.0586602154382958     
   4.7099999999999440        1.0612661080000494     
   4.7199999999999438        1.0638747457610815     
   4.7299999999999436        1.0664862782389313     
   4.7399999999999434        1.0691008508782460     
   4.7499999999999432        1.0717186046191971     
   4.7599999999999429        1.0743396754805312     
   4.7699999999999427        1.0769641941587853     
   4.7799999999999425        1.0795922856448366     
   4.7899999999999423        1.0822240688583147     
   4.7999999999999421        1.0848596563014543     
   4.8099999999999419        1.0874991537331193     
   4.8199999999999417        1.0901426598635864     
   4.8299999999999415        1.0927902660715061     
   4.8399999999999412        1.0954420561428586     
   4.8499999999999410        1.0980981060339678     
   4.8599999999999408        1.1007584836571154     
   4.8699999999999406        1.1034232486920827     
   4.8799999999999404        1.1060924524208835     
   4.8899999999999402        1.1087661375890676     
   4.8999999999999400        1.1114443382916219     
   4.9099999999999397        1.1141270798854819     
   4.9199999999999395        1.1168143789268477     
   4.9299999999999393        1.1195062431363263     
   4.9399999999999391        1.1222026713886539     
   4.9499999999999389        1.1249036537289614     
   4.9599999999999387        1.1276091714159158     
   4.9699999999999385        1.1303191969890278     
   4.9799999999999383        1.1330336943633057     
   4.9899999999999380        1.1357526189480989     
   4.9999999999999378        1.1384759177908841     
   5.0099999999999376        1.1412035297462604     
   5.0199999999999374        1.1439353856680294     
   5.0299999999999372        1.1466714086252674     
   5.0399999999999370        1.1494115141405770     
   5.0499999999999368        1.1521556104506936     
   5.0599999999999365        1.1549035987885938     
   5.0699999999999363        1.1576553736853230     
   5.0799999999999361        1.1604108232921602     
   5.0899999999999359        1.1631698297205348     
   5.0999999999999357        1.1659322694003349     
   5.1099999999999355        1.1686980134544800     
   5.1199999999999353        1.1714669280885794     
   5.1299999999999351        1.1742388749956170     
   5.1399999999999348        1.1770137117733803     
   5.1499999999999346        1.1797912923538991     
   5.1599999999999344        1.1825714674432357     
   5.1699999999999342        1.1853540849711599     
   5.1799999999999340        1.1881389905490869     
   5.1899999999999338        1.1909260279332037     
   5.1999999999999336        1.1937150394948930     
   5.2099999999999334        1.1965058666937349     
   5.2199999999999331        1.1992983505534152     
   5.2299999999999329        1.2020923321386980     
   5.2399999999999327        1.2048876530320123     
   5.2499999999999325        1.2076841558083640     
   5.2599999999999323        1.2104816845066022     
   5.2699999999999321        1.2132800850966357     
   5.2799999999999319        1.2160792059399499     
   5.2899999999999316        1.2188788982429402     
   5.2999999999999314        1.2216790165013336     
   5.3099999999999312        1.2244794189342845     
   5.3199999999999310        1.2272799679067283     
   5.3299999999999308        1.2300805303393927     
   5.3399999999999306        1.2328809781035841     
   5.3499999999999304        1.2356811884017096     
   5.3599999999999302        1.2384810441306275     
   5.3699999999999299        1.2412804342271742     
   5.3799999999999297        1.2440792539949961     
   5.3899999999999295        1.2468774054120699     
   5.3999999999999293        1.2496747974163989     
   5.4099999999999291        1.2524713461711701     
   5.4199999999999289        1.2552669753065073     
   5.4299999999999287        1.2580616161386129     
   5.4399999999999284        1.2608552078643569     
   5.4499999999999282        1.2636476977320630     
   5.4599999999999280        1.2664390411866044     
   5.4699999999999278        1.2692292019892373     
   5.4799999999999276        1.2720181523118650     
   5.4899999999999274        1.2748058728044058     
   5.4999999999999272        1.2775923526368336     
   5.5099999999999270        1.2803775895140332     
   5.5199999999999267        1.2831615896644295     
   5.5299999999999265        1.2859443678024944     
   5.5399999999999263        1.2887259470647421     
   5.5499999999999261        1.2915063589197877     
   5.5599999999999259        1.2942856430530196     
   5.5699999999999257        1.2970638472258058     
   5.5799999999999255        1.2998410271098357     
   5.5899999999999253        1.3026172460978216     
   5.5999999999999250        1.3053925750900874     
   5.6099999999999248        1.3081670922586477     
   5.6199999999999246        1.3109408827892954     
   5.6299999999999244        1.3137140386024377     
   5.6399999999999242        1.3164866580537979     
   5.6499999999999240        1.3192588456158492     
   5.6599999999999238        1.3220307115409899     
   5.6699999999999235        1.3248023715077990     
   5.6799999999999233        1.3275739462512395     
   5.6899999999999231        1.3303455611781443     
   5.6999999999999229        1.3331173459691561     
   5.7099999999999227        1.3358894341685497     
   5.7199999999999225        1.3386619627629797     
   5.7299999999999223        1.3414350717507122     
   5.7399999999999221        1.3442089037026095     
   5.7499999999999218        1.3469836033162537     
   5.7599999999999216        1.3497593169644664     
   5.7699999999999214        1.3525361922399288     
   5.7799999999999212        1.3553143774968981     
   5.7899999999999210        1.3580940213918620     
   5.7999999999999208        1.3608752724240554     
   5.8099999999999206        1.3636582784776394     
   5.8199999999999203        1.3664431863666784     
   5.8299999999999201        1.3692301413842967     
   5.8399999999999199        1.3720192868575276     
   5.8499999999999197        1.3748107637088181     
   5.8599999999999195        1.3776047100258877     
   5.8699999999999193        1.3804012606409095     
   5.8799999999999191        1.3832005467202979     
   5.8899999999999189        1.3860026953662619     
   5.8999999999999186        1.3888078292315038     
   5.9099999999999184        1.3916160661476189     
   5.9199999999999182        1.3944275187689963     
   5.9299999999999180        1.3972422942324132     
   5.9399999999999178        1.4000604938339547     
   5.9499999999999176        1.4028822127237952     
   5.9599999999999174        1.4057075396196312     
   5.9699999999999172        1.4085365565398345     
   5.9799999999999169        1.4113693385569575     
   5.9899999999999167        1.4142059535719849     
   5.9999999999999165        1.4170464621103835     
   6.0099999999999163        1.4198909171400287     
   6.0199999999999161        1.4227393639121686     
   6.0299999999999159        1.4255918398246163     
   6.0399999999999157        1.4284483743093574     
   6.0499999999999154        1.4313089887429975     
   6.0599999999999152        1.4341736963812566     
   6.0699999999999150        1.4370425023178874     
   6.0799999999999148        1.4399154034672967     
   6.0899999999999146        1.4427923885714486     
   6.0999999999999144        1.4456734382310783     
   6.1099999999999142        1.4485585249605473     
   6.1199999999999140        1.4514476132668093     
   6.1299999999999137        1.4543406597519521     
   6.1399999999999135        1.4572376132387677     
   6.1499999999999133        1.4601384149195820     
   6.1599999999999131        1.4630429985274189     
   6.1699999999999129        1.4659512905289545     
   6.1799999999999127        1.4688632103393591     
   6.1899999999999125        1.4717786705574325     
   6.1999999999999122        1.4746975772214528     
   6.2099999999999120        1.4776198300836911     
   6.2199999999999118        1.4805453229043897     
   6.2299999999999116        1.4834739437629849     
   6.2399999999999114        1.4864055753863266     
   6.2499999999999112        1.4893400954926261     
   6.2599999999999110        1.4922773771509643     
   6.2699999999999108        1.4952172891542457     
   6.2799999999999105        1.4981596964046646     
   6.2899999999999103        1.5011044603117214     
   6.2999999999999101        1.5040514392002005     
   6.3099999999999099        1.5070004887273971     
   6.3199999999999097        1.5099514623089945     
   6.3299999999999095        1.5129042115513456     
   6.3399999999999093        1.5158585866893288     
   6.3499999999999091        1.5188144370291541     
   6.3599999999999088        1.5217716113930240     
   6.3699999999999086        1.5247299585664364     
   6.3799999999999084        1.5276893277453414     
   6.3899999999999082        1.5306495689820223     
   6.3999999999999080        1.5336105336292722     
   6.4099999999999078        1.5365720747796690     
   6.4199999999999076        1.5395340477010768     
   6.4299999999999073        1.5424963102645264     
   6.4399999999999071        1.5454587233651680     
   6.4499999999999069        1.5484211513336275     
   6.4599999999999067        1.5513834623374019     
   6.4699999999999065        1.5543455287702683     
   6.4799999999999063        1.5573072276292839     
   6.4899999999999061        1.5602684408776255     
   6.4999999999999059        1.5632290557920350     
   6.5099999999999056        1.5661889652946692     
   6.5199999999999054        1.5691480682670849     
   6.5299999999999052        1.5721062698462647     
   6.5399999999999050        1.5750634817013747     
   6.5499999999999048        1.5780196222903300     
   6.5599999999999046        1.5809746170956511     
   6.5699999999999044        1.5839283988387329     
   6.5799999999999041        1.5868809076713817     
   6.5899999999999039        1.5898320913445840     
   6.5999999999999037        1.5927819053543870     
   6.6099999999999035        1.5957303130628702     
   6.6199999999999033        1.5986772857952358     
   6.6299999999999031        1.6016228029126600     
   6.6399999999999029        1.6045668518593814     
   6.6499999999999027        1.6075094281859765     
   6.6599999999999024        1.6104505355461745     
   6.6699999999999022        1.6133901856699555     
   6.6799999999999020        1.6163283983108137     
   6.6899999999999018        1.6192652011686313     
   6.6999999999999016        1.6222006297879954     
   6.7099999999999014        1.6251347274323553     
   6.7199999999999012        1.6280675449343387     
   6.7299999999999010        1.6309991405229944     
   6.7399999999999007        1.6339295796282254     
   6.7499999999999005        1.6368589346632849     
   6.7599999999999003        1.6397872847858805     
   6.7699999999999001        1.6427147156387243     
   6.7799999999998999        1.6456413190705608     
   6.7899999999998997        1.6485671928380896     
   6.7999999999998995        1.6514924402904070     
   6.8099999999998992        1.6544171700362200     
   6.8199999999998990        1.6573414955958674     
   6.8299999999998988        1.6602655350380811     
   6.8399999999998986        1.6631894106036318     
   6.8499999999998984        1.6661132483166392     
   6.8599999999998982        1.6690371775846584     
   6.8699999999998980        1.6719613307891139     
   6.8799999999998978        1.6748858428670341     
   6.8899999999998975        1.6778108508856484     
   6.8999999999998973        1.6807364936110107     
   6.9099999999998971        1.6836629110719727     
   6.9199999999998969        1.6865902441210181     
   6.9299999999998967        1.6895186339929928     
   6.9399999999998965        1.6924482218634076     
   6.9499999999998963        1.6953791484073710     
   6.9599999999998960        1.6983115533606108     
   6.9699999999998958        1.7012455750839122     
   6.9799999999998956        1.7041813501322129     
   6.9899999999998954        1.7071190128295877     
   6.9999999999998952        1.7100586948515404     
   7.0099999999998950        1.7130005248155828     
   7.0199999999998948        1.7159446278815813     
   7.0299999999998946        1.7188911253627361     
   7.0399999999998943        1.7218401343485659     
   7.0499999999998941        1.7247917673408593     
   7.0599999999998939        1.7277461319035503     
   7.0699999999998937        1.7307033303277926     
   7.0799999999998935        1.7336634593128466     
   7.0899999999998933        1.7366266096639267     
   7.0999999999998931        1.7395928660077971     
   7.1099999999998929        1.7425623065268705     
   7.1199999999998926        1.7455350027123135     
   7.1299999999998924        1.7485110191378184     
   7.1399999999998922        1.7514904132530429     
   7.1499999999998920        1.7544732351989372     
   7.1599999999998918        1.7574595276443188     
   7.1699999999998916        1.7604493256447635     
   7.1799999999998914        1.7634426565237797     
   7.1899999999998911        1.7664395397772634     
   7.1999999999998909        1.7694399870003648     
   7.2099999999998907        1.7724440018383192     
   7.2199999999998905        1.7754515799601751     
   7.2299999999998903        1.7784627090561882     
   7.2399999999998901        1.7814773688589847     
   7.2499999999998899        1.7844955311875932     
   7.2599999999998897        1.7875171600152264     
   7.2699999999998894        1.7905422115600131     
   7.2799999999998892        1.7935706343985922     
   7.2899999999998890        1.7966023696022426     
   7.2999999999998888        1.7996373508953472     
   7.3099999999998886        1.8026755048350955     
   7.3199999999998884        1.8057167510132548     
   7.3299999999998882        1.8087610022773590     
   7.3399999999998879        1.8118081649736724     
   7.3499999999998877        1.8148581392075684     
   7.3599999999998875        1.8179108191240572     
   7.3699999999998873        1.8209660932052842     
   7.3799999999998871        1.8240238445855979     
   7.3899999999998869        1.8270839513820554     
   7.3999999999998867        1.8301462870410405     
   7.4099999999998865        1.8332107206979984     
   7.4199999999998862        1.8362771175508874     
   7.4299999999998860        1.8393453392458423     
   7.4399999999998858        1.8424152442736244     
   7.4499999999998856        1.8454866883750987     
   7.4599999999998854        1.8485595249572939     
   7.4699999999998852        1.8516336055142482     
   7.4799999999998850        1.8547087800564543     
   7.4899999999998847        1.8577848975436964     
   7.4999999999998845        1.8608618063216351     
   7.5099999999998843        1.8639393545617011     
   7.5199999999998841        1.8670173907004526     
   7.5299999999998839        1.8700957638801283     
   7.5399999999998837        1.8731743243865300     
   7.5499999999998835        1.8762529240836825     
   7.5599999999998833        1.8793314168455912     
   7.5699999999998830        1.8824096589808570     
   7.5799999999998828        1.8854875096508148     
   7.5899999999998826        1.8885648312800274     
   7.5999999999998824        1.8916414899561949     
   7.6099999999998822        1.8947173558200636     
   7.6199999999998820        1.8977923034431810     
   7.6299999999998818        1.9008662121922510     
   7.6399999999998816        1.9039389665793360     
   7.6499999999998813        1.9070104565966612     
   7.6599999999998811        1.9100805780346175     
   7.6699999999998809        1.9131492327827431     
   7.6799999999998807        1.9162163291115830     
   7.6899999999998805        1.9192817819359671     
   7.6999999999998803        1.9223455130571088     
   7.7099999999998801        1.9254074513845323     
   7.7199999999998798        1.9284675331355008     
   7.7299999999998796        1.9315257020130285     
   7.7399999999998794        1.9345819093598573     
   7.7499999999998792        1.9376361142896963     
   7.7599999999998790        1.9406882837942636     
   7.7699999999998788        1.9437383928262850     
   7.7799999999998786        1.9467864243576587     
   7.7899999999998784        1.9498323694132704     
   7.7999999999998781        1.9528762270799023     
   7.8099999999998779        1.9559180044898632     
   7.8199999999998777        1.9589577167802921     
   7.8299999999998775        1.9619953870280689     
   7.8399999999998773        1.9650310461589702     
   7.8499999999998771        1.9680647328345033     
   7.8599999999998769        1.9710964933129307     
   7.8699999999998766        1.9741263812887875     
   7.8799999999998764        1.9771544577082254     
   7.8899999999998762        1.9801807905626341     
   7.8999999999998760        1.9832054546606017     
   7.9099999999998758        1.9862285313791728     
   7.9199999999998756        1.9892501083946708     
   7.9299999999998754        1.9922702793946143     
   7.9399999999998752        1.9952891437712950     
   7.9499999999998749        1.9983068062980460     
   7.9599999999998747        2.0013233767889003     
   7.9699999999998745        2.0043389697436806     
   7.9799999999998743        2.0073537039784353     
   7.9899999999998741        2.0103677022431730     
   7.9999999999998739        2.0133810908279020     
   8.0099999999998737        2.0163939991578608     
   8.0199999999998735        2.0194065593799975     
   8.0299999999998732        2.0224189059409841     
   8.0399999999998730        2.0254311751589160     
   8.0499999999998728        2.0284435047893448     
   8.0599999999998726        2.0314560335876055     
   8.0699999999998724        2.0344689008680512     
   8.0799999999998722        2.0374822460624191     
   8.0899999999998720        2.0404962082776010     
   8.0999999999998717        2.0435109258551072     
   8.1099999999998715        2.0465265359331006     
   8.1199999999998713        2.0495431740120540     
   8.1299999999998711        2.0525609735258690     
   8.1399999999998709        2.0555800654194654     
   8.1499999999998707        2.0586005777339027     
   8.1599999999998705        2.0616226352005742     
   8.1699999999998703        2.0646463588453239     
   8.1799999999998700        2.0676718656040611     
   8.1899999999998698        2.0706992679504319     
   8.1999999999998696        2.0737286735371674     
   8.2099999999998694        2.0767601848517567     
   8.2199999999998692        2.0797938988876146     
   8.2299999999998690        2.0828299068315412     
   8.2399999999998688        2.0858682937685247     
   8.2499999999998685        2.0889091384046696     
   8.2599999999998683        2.0919525128089114     
   8.2699999999998681        2.0949984821743759     
   8.2799999999998679        2.0980471046000901     
   8.2899999999998677        2.1010984308934821     
   8.2999999999998675        2.1041525043944445     
   8.3099999999998673        2.1072093608211935     
   8.3199999999998671        2.1102690281387209     
   8.3299999999998668        2.1133315264497821     
   8.3399999999998666        2.1163968679090730     
   8.3499999999998664        2.1194650566607294     
   8.3599999999998662        2.1225360887991322     
   8.3699999999998660        2.1256099523536029     
   8.3799999999998658        2.1286866272965210     
   8.3899999999998656        2.1317660855751659     
   8.3999999999998654        2.1348482911671649     
   8.4099999999998651        2.1379332001592437     
   8.4199999999998649        2.1410207608493210     
   8.4299999999998647        2.1441109138715921     
   8.4399999999998645        2.1472035923439887     
   8.4499999999998643        2.1502987220380598     
   8.4599999999998641        2.1533962215705786     
   8.4699999999998639        2.1564960026163917     
   8.4799999999998636        2.1595979701417729     
   8.4899999999998634        2.1627020226581157     
   8.4999999999998632        2.1658080524944645     
   8.5099999999998630        2.1689159460892071     
   8.5199999999998628        2.1720255842989409     
   8.5299999999998626        2.1751368427245641     
   8.5399999999998624        2.1782495920533220     
   8.5499999999998622        2.1813636984157196     
   8.5599999999998619        2.1844790237568064     
   8.5699999999998617        2.1875954262196253     
   8.5799999999998615        2.1907127605415289     
   8.5899999999998613        2.1938308784602865     
   8.5999999999998611        2.1969496291305783     
   8.6099999999998609        2.2000688595481170     
   8.6199999999998607        2.2031884149809393     
   8.6299999999998604        2.2063081394073087     
   8.6399999999998602        2.2094278759569956     
   8.6499999999998600        2.2125474673569174     
   8.6599999999998598        2.2156667563775367     
   8.6699999999998596        2.2187855862810664     
   8.6799999999998594        2.2219038012677754     
   8.6899999999998592        2.2250212469211199     
   8.6999999999998590        2.2281377706484831     
   8.7099999999998587        2.2312532221177683     
   8.7199999999998585        2.2343674536878955     
   8.7299999999998583        2.2374803208308469     
   8.7399999999998581        2.2405916825462611     
   8.7499999999998579        2.2437014017649135     
   8.7599999999998577        2.2468093457410645     
   8.7699999999998575        2.2499153864328010     
   8.7799999999998573        2.2530194008676467     
   8.7899999999998570        2.2561212714939902     
   8.7999999999998568        2.2592208865161574     
   8.8099999999998566        2.2623181402118502     
   8.8199999999998564        2.2654129332329109     
   8.8299999999998562        2.2685051728850243     
   8.8399999999998560        2.2715947733890136     
   8.8499999999998558        2.2746816561200460     
   8.8599999999998555        2.2777657498262021     
   8.8699999999998553        2.2808469908240450     
   8.8799999999998551        2.2839253231710690     
   8.8899999999998549        2.2870006988150351     
   8.8999999999998547        2.2900730777195242     
   8.9099999999998545        2.2931424279632702     
   8.9199999999998543        2.2962087258171113     
   8.9299999999998541        2.2992719557938579     
   8.9399999999998538        2.3023321106742589     
   8.9499999999998536        2.3053891915064160     
   8.9599999999998534        2.3084432075806345     
   8.9699999999998532        2.3114941763790093     
   8.9799999999998530        2.3145421234993546     
   8.9899999999998528        2.3175870825545299     
   8.9999999999998526        2.3206290950471939     
   9.0099999999998523        2.3236682102203670     
   9.0199999999998521        2.3267044848837384     
   9.0299999999998519        2.3297379832180241     
   9.0399999999998517        2.3327687765554512     
   9.0499999999998515        2.3357969431386971     
   9.0599999999998513        2.3388225678599293     
   9.0699999999998511        2.3418457419777430     
   9.0799999999998509        2.3448665628157910     
   9.0899999999998506        2.3478851334432203     
   9.0999999999998504        2.3509015623370466     
   9.1099999999998502        2.3539159630280806     
   9.1199999999998500        2.3569284537328956     
   9.1299999999998498        2.3599391569698542     
   9.1399999999998496        2.3629481991640158     
   9.1499999999998494        2.3659557102388158     
   9.1599999999998492        2.3689618231988736     
   9.1699999999998489        2.3719666737022833     
   9.1799999999998487        2.3749703996263745     
   9.1899999999998485        2.3779731406263256     
   9.1999999999998483        2.3809750376882377     
   9.2099999999998481        2.3839762326796015     
   9.2199999999998479        2.3869768678967600     
   9.2299999999998477        2.3899770856110267     
   9.2399999999998474        2.3929770276159141     
   9.2499999999998472        2.3959768347750567     
   9.2599999999998470        2.3989766465745470     
   9.2699999999998468        2.4019766006780681     
   9.2799999999998466        2.4049768324890231     
   9.2899999999998464        2.4079774747187912     
   9.2999999999998462        2.4109786569636311     
   9.3099999999998460        2.4139805052908088     
   9.3199999999998457        2.4169831418356722     
   9.3299999999998455        2.4199866844101701     
   9.3399999999998453        2.4229912461247749     
   9.3499999999998451        2.4259969350239734     
   9.3599999999998449        2.4290038537372132     
   9.3699999999998447        2.4320120991457825     
   9.3799999999998445        2.4350217620666901     
   9.3899999999998442        2.4380329269545400     
   9.3999999999998440        2.4410456716221365     
   9.4099999999998438        2.4440600669806889     
   9.4199999999998436        2.4470761768002443     
   9.4299999999998434        2.4500940574912380     
   9.4399999999998432        2.4531137579073476     
   9.4499999999998430        2.4561353191708926     
   9.4599999999998428        2.4591587745205317     
   9.4699999999998425        2.4621841491821912     
   9.4799999999998423        2.4652114602634461     
   9.4899999999998421        2.4682407166715525     
   9.4999999999998419        2.4712719190555950     
   9.5099999999998417        2.4743050597727829     
   9.5199999999998415        2.4773401228788217     
   9.5299999999998413        2.4803770841429409     
   9.5399999999998411        2.4834159110868783     
   9.5499999999998408        2.4864565630483511     
   9.5599999999998406        2.4894989912683636     
   9.5699999999998404        2.4925431390024575     
   9.5799999999998402        2.4955889416554755     
   9.5899999999998400        2.4986363269395486     
   9.5999999999998398        2.5016852150547568     
   9.6099999999998396        2.5047355188922658     
   9.6199999999998393        2.5077871442589674     
   9.6299999999998391        2.5108399901235310     
   9.6399999999998389        2.5138939488827563     
   9.6499999999998387        2.5169489066478423     
   9.6599999999998385        2.5200047435492348     
   9.6699999999998383        2.5230613340603107     
   9.6799999999998381        2.5261185473377035     
   9.6899999999998379        2.5291762475781523     
   9.6999999999998376        2.5322342943905576     
   9.7099999999998374        2.5352925431825675     
   9.7199999999998372        2.5383508455599482     
   9.7299999999998370        2.5414090497383399     
   9.7399999999998368        2.5444670009655117     
   9.7499999999998366        2.5475245419536252     
   9.7599999999998364        2.5505815133196048     
   9.7699999999998361        2.5536377540328927     
   9.7799999999998359        2.5566931018686652     
   9.7899999999998357        2.5597473938659800     
   9.7999999999998355        2.5628004667884818     
   9.8099999999998353        2.5658521575875435     
   9.8199999999998351        2.5689023038653089     
   9.8299999999998349        2.5719507443367298     
   9.8399999999998347        2.5749973192894178     
   9.8499999999998344        2.5780418710396775     
   9.8599999999998342        2.5810842443830460     
   9.8699999999998340        2.5841242870385530     
   9.8799999999998338        2.5871618500852080     
   9.8899999999998336        2.5901967883883743     
   9.8999999999998334        2.5932289610167492     
   9.9099999999998332        2.5962582316459160     
   9.9199999999998330        2.5992844689505690     
   9.9299999999998327        2.6023075469801089     
   9.9399999999998325        2.6053273455201440     
   9.9499999999998323        2.6083437504373910     
   9.9599999999998321        2.6113566540050845     
   9.9699999999998319        2.6143659552108756     
   9.9799999999998317        2.6173715600447505     
   9.9899999999998315        2.6203733817647610     
   9.9999999999998312        2.6233713411427022     
