   0.0000000000000000       -0.0000000000000000     
   1.0000000000000000E-002   3.7096424165794850E-006
   2.0000000000000000E-002   1.4785270675007557E-005
   2.9999999999999999E-002   3.3146790223363278E-005
   4.0000000000000001E-002   5.8713919478733195E-005
   5.0000000000000003E-002   9.1406199669163119E-005
   6.0000000000000005E-002   1.3114300459458083E-004
   7.0000000000000007E-002   1.7784355047795091E-004
   8.0000000000000002E-002   2.3142690583550748E-004
   8.9999999999999997E-002   2.9181200130350181E-004
   9.9999999999999992E-002   3.5891763959282303E-004
  0.10999999999999999        4.3266250538035416E-004
  0.11999999999999998        5.1296517525756984E-004
  0.12999999999999998        5.9974412771059246E-004
  0.13999999999999999        6.9291775308319490E-004
  0.14999999999999999        7.9240436358092180E-004
  0.16000000000000000        8.9812220332293206E-004
  0.17000000000000001        1.0099894583454317E-003
  0.18000000000000002        1.1279242667048353E-003
  0.19000000000000003        1.2518447285056243E-003
  0.20000000000000004        1.3816689160305123E-003
  0.21000000000000005        1.5173148838217474E-003
  0.22000000000000006        1.6587006788275152E-003
  0.23000000000000007        1.8057443505070151E-003
  0.24000000000000007        1.9583639610034273E-003
  0.25000000000000006        2.1164775952652974E-003
  0.26000000000000006        2.2800033712585058E-003
  0.27000000000000007        2.4488594500930317E-003
  0.28000000000000008        2.6229640462399539E-003
  0.29000000000000009        2.8022354376946836E-003
  0.30000000000000010        2.9865919761863551E-003
  0.31000000000000011        3.1759520973571975E-003
  0.32000000000000012        3.3702343309599701E-003
  0.33000000000000013        3.5693573110885742E-003
  0.34000000000000014        3.7732397863149531E-003
  0.35000000000000014        3.9818006299287053E-003
  0.36000000000000015        4.1949588501064110E-003
  0.37000000000000016        4.4126336000969192E-003
  0.38000000000000017        4.6347441883999724E-003
  0.39000000000000018        4.8612100889261567E-003
  0.40000000000000019        5.0919509511594312E-003
  0.41000000000000020        5.3268866102816883E-003
  0.42000000000000021        5.5659370973177415E-003
  0.43000000000000022        5.8090226492481297E-003
  0.44000000000000022        6.0560637190657726E-003
  0.45000000000000023        6.3069809859002098E-003
  0.46000000000000024        6.5616953650222513E-003
  0.47000000000000025        6.8201280178886063E-003
  0.48000000000000026        7.0822003621326558E-003
  0.49000000000000027        7.3478340815381141E-003
  0.50000000000000022        7.6169511359664849E-003
  0.51000000000000023        7.8894737712734229E-003
  0.52000000000000024        8.1653245291755071E-003
  0.53000000000000025        8.4444262570756868E-003
  0.54000000000000026        8.7267021178623824E-003
  0.55000000000000027        9.0120755996566174E-003
  0.56000000000000028        9.3004705255135163E-003
  0.57000000000000028        9.5918110630919002E-003
  0.58000000000000029        9.8860217342559495E-003
  0.59000000000000030        1.0183027424631638E-002
  0.60000000000000031        1.0482753393112738E-002
  0.61000000000000032        1.0785125281315708E-002
  0.62000000000000033        1.1090069122961902E-002
  0.63000000000000034        1.1397511353197920E-002
  0.64000000000000035        1.1707378817874812E-002
  0.65000000000000036        1.2019598782731082E-002
  0.66000000000000036        1.2334098942527702E-002
  0.67000000000000037        1.2650807430102677E-002
  0.68000000000000038        1.2969652825345913E-002
  0.69000000000000039        1.3290564164118682E-002
  0.70000000000000040        1.3613470947063253E-002
  0.71000000000000041        1.3938303148354708E-002
  0.72000000000000042        1.4264991224356819E-002
  0.73000000000000043        1.4593466122200102E-002
  0.74000000000000044        1.4923659288247522E-002
  0.75000000000000044        1.5255502676503517E-002
  0.76000000000000045        1.5588928756886115E-002
  0.77000000000000046        1.5923870523440412E-002
  0.78000000000000047        1.6260261502420631E-002
  0.79000000000000048        1.6598035760295927E-002
  0.80000000000000049        1.6937127911618947E-002
  0.81000000000000050        1.7277473126812520E-002
  0.82000000000000051        1.7619007139835725E-002
  0.83000000000000052        1.7961666255740544E-002
  0.84000000000000052        1.8305387358100757E-002
  0.85000000000000053        1.8650107916332162E-002
  0.86000000000000054        1.8995765992892828E-002
  0.87000000000000055        1.9342300250348655E-002
  0.88000000000000056        1.9689649958336053E-002
  0.89000000000000057        2.0037755000343306E-002
  0.90000000000000058        2.0386555880445641E-002
  0.91000000000000059        2.0735993729815404E-002
  0.92000000000000060        2.1086010313162182E-002
  0.93000000000000060        2.1436548035002494E-002
  0.94000000000000061        2.1787549945792097E-002
  0.95000000000000062        2.2138959747926762E-002
  0.96000000000000063        2.2490721801586098E-002
  0.97000000000000064        2.2842781130437924E-002
  0.98000000000000065        2.3195083427180119E-002
  0.99000000000000066        2.3547575058945273E-002
   1.0000000000000007        2.3900203072543588E-002
   1.0100000000000007        2.4252915199547000E-002
   1.0200000000000007        2.4605659861225922E-002
   1.0300000000000007        2.4958386173305466E-002
   1.0400000000000007        2.5311043950590324E-002
   1.0500000000000007        2.5663583711383792E-002
   1.0600000000000007        2.6015956681786755E-002
   1.0700000000000007        2.6368114799793497E-002
   1.0800000000000007        2.6720010719240867E-002
   1.0900000000000007        2.7071597813559955E-002
   1.1000000000000008        2.7422830179396875E-002
   1.1100000000000008        2.7773662640013217E-002
   1.1200000000000008        2.8124050748543836E-002
   1.1300000000000008        2.8473950791059442E-002
   1.1400000000000008        2.8823319789469261E-002
   1.1500000000000008        2.9172115504218003E-002
   1.1600000000000008        2.9520296436828540E-002
   1.1700000000000008        2.9867821832237875E-002
   1.1800000000000008        3.0214651680981825E-002
   1.1900000000000008        3.0560746721156776E-002
   1.2000000000000008        3.0906068440234306E-002
   1.2100000000000009        3.1250579076662004E-002
   1.2200000000000009        3.1594241621286774E-002
   1.2300000000000009        3.1937019818605028E-002
   1.2400000000000009        3.2278878167801589E-002
   1.2500000000000009        3.2619781923621943E-002
   1.2600000000000009        3.2959697097029374E-002
   1.2700000000000009        3.3298590455713650E-002
   1.2800000000000009        3.3636429524365151E-002
   1.2900000000000009        3.3973182584788403E-002
   1.3000000000000009        3.4308818675815103E-002
   1.3100000000000009        3.4643307593047901E-002
   1.3200000000000010        3.4976619888367956E-002
   1.3300000000000010        3.5308726869301907E-002
   1.3400000000000010        3.5639600598178937E-002
   1.3500000000000010        3.5969213891096564E-002
   1.3600000000000010        3.6297540316696915E-002
   1.3700000000000010        3.6624554194769239E-002
   1.3800000000000010        3.6950230594640796E-002
   1.3900000000000010        3.7274545333414261E-002
   1.4000000000000010        3.7597474973984878E-002
   1.4100000000000010        3.7918996822882904E-002
   1.4200000000000010        3.8239088927949257E-002
   1.4300000000000010        3.8557730075811508E-002
   1.4400000000000011        3.8874899789162295E-002
   1.4500000000000011        3.9190578323894706E-002
   1.4600000000000011        3.9504746666033611E-002
   1.4700000000000011        3.9817386528468023E-002
   1.4800000000000011        4.0128480347560579E-002
   1.4900000000000011        4.0438011279529465E-002
   1.5000000000000011        4.0745963196678579E-002
   1.5100000000000011        4.1052320683456753E-002
   1.5200000000000011        4.1357069032329982E-002
   1.5300000000000011        4.1660194239507647E-002
   1.5400000000000011        4.1961683000477923E-002
   1.5500000000000012        4.2261522705393989E-002
   1.5600000000000012        4.2559701434293266E-002
   1.5700000000000012        4.2856207952136474E-002
   1.5800000000000012        4.3151031703720664E-002
   1.5900000000000012        4.3444162808405407E-002
   1.6000000000000012        4.3735592054702822E-002
   1.6100000000000012        4.4025310894704392E-002
   1.6200000000000012        4.4313311438354243E-002
   1.6300000000000012        4.4599586447594888E-002
   1.6400000000000012        4.4884129330344677E-002
   1.6500000000000012        4.5166934134335451E-002
   1.6600000000000013        4.5447995540830073E-002
   1.6700000000000013        4.5727308858184386E-002
   1.6800000000000013        4.6004870015269657E-002
   1.6900000000000013        4.6280675554783934E-002
   1.7000000000000013        4.6554722626417799E-002
   1.7100000000000013        4.6827008979900032E-002
   1.7200000000000013        4.7097532957920366E-002
   1.7300000000000013        4.7366293488930934E-002
   1.7400000000000013        4.7633290079827993E-002
   1.7500000000000013        4.7898522808532865E-002
   1.7600000000000013        4.8161992316441277E-002
   1.7700000000000014        4.8423699800780651E-002
   1.7800000000000014        4.8683647006866136E-002
   1.7900000000000014        4.8941836220232869E-002
   1.8000000000000014        4.9198270258700598E-002
   1.8100000000000014        4.9452952464324594E-002
   1.8200000000000014        4.9705886695256406E-002
   1.8300000000000014        4.9957077317526903E-002
   1.8400000000000014        5.0206529196735940E-002
   1.8500000000000014        5.0454247689659316E-002
   1.8600000000000014        5.0700238635798998E-002
   1.8700000000000014        5.0944508348825017E-002
   1.8800000000000014        5.1187063607983772E-002
   1.8900000000000015        5.1427911649402434E-002
   1.9000000000000015        5.1667060157367634E-002
   1.9100000000000015        5.1904517255512775E-002
   1.9200000000000015        5.2140291497971579E-002
   1.9300000000000015        5.2374391860460126E-002
   1.9400000000000015        5.2606827731326682E-002
   1.9500000000000015        5.2837608902542757E-002
   1.9600000000000015        5.3066745560662015E-002
   1.9700000000000015        5.3294248277736586E-002
   1.9800000000000015        5.3520128002191351E-002
   1.9900000000000015        5.3744396049677227E-002
   2.0000000000000013        5.3967064093895560E-002
   2.0100000000000011        5.4188144157391184E-002
   2.0200000000000009        5.4407648602332853E-002
   2.0300000000000007        5.4625590121263161E-002
   2.0400000000000005        5.4841981727855343E-002
   2.0500000000000003        5.5056836747643716E-002
   2.0600000000000001        5.5270168808743983E-002
   2.0699999999999998        5.5481991832586897E-002
   2.0799999999999996        5.5692320024636484E-002
   2.0899999999999994        5.5901167865126090E-002
   2.0999999999999992        5.6108550099778776E-002
   2.1099999999999990        5.6314481730560959E-002
   2.1199999999999988        5.6518978006438896E-002
   2.1299999999999986        5.6722054414150340E-002
   2.1399999999999983        5.6923726668999253E-002
   2.1499999999999981        5.7124010705669609E-002
   2.1599999999999979        5.7322922669076501E-002
   2.1699999999999977        5.7520478905230696E-002
   2.1799999999999975        5.7716695952144126E-002
   2.1899999999999973        5.7911590530778677E-002
   2.1999999999999971        5.8105179536014684E-002
   2.2099999999999969        5.8297480027675055E-002
   2.2199999999999966        5.8488509221596194E-002
   2.2299999999999964        5.8678284480738335E-002
   2.2399999999999962        5.8866823306338772E-002
   2.2499999999999960        5.9054143329150037E-002
   2.2599999999999958        5.9240262300683778E-002
   2.2699999999999956        5.9425198084566373E-002
   2.2799999999999954        5.9608968647922360E-002
   2.2899999999999952        5.9791592052822320E-002
   2.2999999999999949        5.9973086447818402E-002
   2.3099999999999947        6.0153470059535086E-002
   2.3199999999999945        6.0332761184321161E-002
   2.3299999999999943        6.0510978180000903E-002
   2.3399999999999941        6.0688139457680160E-002
   2.3499999999999939        6.0864263473644035E-002
   2.3599999999999937        6.1039368721324400E-002
   2.3699999999999934        6.1213473723358898E-002
   2.3799999999999932        6.1386597023743467E-002
   2.3899999999999930        6.1558757180035943E-002
   2.3999999999999928        6.1729972755709066E-002
   2.4099999999999926        6.1900262312534912E-002
   2.4199999999999924        6.2069644403099575E-002
   2.4299999999999922        6.2238137563406251E-002
   2.4399999999999920        6.2405760305557778E-002
   2.4499999999999917        6.2572531110570706E-002
   2.4599999999999915        6.2738468421254467E-002
   2.4699999999999913        6.2903590635223550E-002
   2.4799999999999911        6.3067916097984372E-002
   2.4899999999999909        6.3231463096163024E-002
   2.4999999999999907        6.3394249850801693E-002
   2.5099999999999905        6.3556294510787328E-002
   2.5199999999999902        6.3717615146391807E-002
   2.5299999999999900        6.3878229742900541E-002
   2.5399999999999898        6.4038156194386506E-002
   2.5499999999999896        6.4197412297555573E-002
   2.5599999999999894        6.4356015745757014E-002
   2.5699999999999892        6.4513984123061779E-002
   2.5799999999999890        6.4671334898488045E-002
   2.5899999999999888        6.4828085420330875E-002
   2.5999999999999885        6.4984252910617379E-002
   2.6099999999999883        6.5139854459675364E-002
   2.6199999999999881        6.5294907020827714E-002
   2.6299999999999879        6.5449427405196950E-002
   2.6399999999999877        6.5603432276650567E-002
   2.6499999999999875        6.5756938146844468E-002
   2.6599999999999873        6.5909961370412357E-002
   2.6699999999999871        6.6062518140262400E-002
   2.6799999999999868        6.6214624483002318E-002
   2.6899999999999866        6.6366296254489768E-002
   2.6999999999999864        6.6517549135508336E-002
   2.7099999999999862        6.6668398627566017E-002
   2.7199999999999860        6.6818860048812587E-002
   2.7299999999999858        6.6968948530105959E-002
   2.7399999999999856        6.7118679011164070E-002
   2.7499999999999853        6.7268066236879059E-002
   2.7599999999999851        6.7417124753747212E-002
   2.7699999999999849        6.7565868906405202E-002
   2.7799999999999847        6.7714312834317850E-002
   2.7899999999999845        6.7862470468576644E-002
   2.7999999999999843        6.8010355528826810E-002
   2.8099999999999841        6.8157981520322847E-002
   2.8199999999999839        6.8305361731100245E-002
   2.8299999999999836        6.8452509229282935E-002
   2.8399999999999834        6.8599436860500324E-002
   2.8499999999999832        6.8746157245451758E-002
   2.8599999999999830        6.8892682777566466E-002
   2.8699999999999828        6.9039025620802427E-002
   2.8799999999999826        6.9185197707570686E-002
   2.8899999999999824        6.9331210736775478E-002
   2.8999999999999821        6.9477076171962512E-002
   2.9099999999999819        6.9622805239621222E-002
   2.9199999999999817        6.9768408927577671E-002
   2.9299999999999815        6.9913897983516382E-002
   2.9399999999999813        7.0059282913620735E-002
   2.9499999999999811        7.0204573981337295E-002
   2.9599999999999809        7.0349781206249795E-002
   2.9699999999999807        7.0494914363059713E-002
   2.9799999999999804        7.0639982980712543E-002
   2.9899999999999802        7.0784996341609077E-002
   2.9999999999999800        7.0929963480939495E-002
   3.0099999999999798        7.1074893186136398E-002
   3.0199999999999796        7.1219793996431469E-002
   3.0299999999999794        7.1364674202523862E-002
   3.0399999999999792        7.1509541846363545E-002
   3.0499999999999790        7.1654404721033460E-002
   3.0599999999999787        7.1799270370750040E-002
   3.0699999999999785        7.1944146090963584E-002
   3.0799999999999783        7.2089038928554422E-002
   3.0899999999999781        7.2233955682159012E-002
   3.0999999999999779        7.2378902902562228E-002
   3.1099999999999777        7.2523886893219536E-002
   3.1199999999999775        7.2668913710878510E-002
   3.1299999999999772        7.2813989166274837E-002
   3.1399999999999770        7.2959118824941882E-002
   3.1499999999999768        7.3104308008120442E-002
   3.1599999999999766        7.3249561793759091E-002
   3.1699999999999764        7.3394885017605840E-002
   3.1799999999999762        7.3540282274371246E-002
   3.1899999999999760        7.3685757919027942E-002
   3.1999999999999758        7.3831316068162123E-002
   3.2099999999999755        7.3976960601417452E-002
   3.2199999999999753        7.4122695163034699E-002
   3.2299999999999751        7.4268523163469186E-002
   3.2399999999999749        7.4414447781094809E-002
   3.2499999999999747        7.4560471963985242E-002
   3.2599999999999745        7.4706598431767607E-002
   3.2699999999999743        7.4852829677579433E-002
   3.2799999999999740        7.4999167970072014E-002
   3.2899999999999738        7.5145615355505152E-002
   3.2999999999999736        7.5292173659912559E-002
   3.3099999999999734        7.5438844491335935E-002
   3.3199999999999732        7.5585629242134050E-002
   3.3299999999999730        7.5732529091346770E-002
   3.3399999999999728        7.5879545007154367E-002
   3.3499999999999726        7.6026677749366778E-002
   3.3599999999999723        7.6173927871996672E-002
   3.3699999999999721        7.6321295725890442E-002
   3.3799999999999719        7.6468781461415725E-002
   3.3899999999999717        7.6616385031224130E-002
   3.3999999999999715        7.6764106193023679E-002
   3.4099999999999713        7.6911944512475974E-002
   3.4199999999999711        7.7059899366084345E-002
   3.4299999999999708        7.7207969944163291E-002
   3.4399999999999706        7.7356155253859193E-002
   3.4499999999999704        7.7504454122191146E-002
   3.4599999999999702        7.7652865199188167E-002
   3.4699999999999700        7.7801386961014560E-002
   3.4799999999999698        7.7950017713179456E-002
   3.4899999999999696        7.8098755593757230E-002
   3.4999999999999694        7.8247598576685035E-002
   3.5099999999999691        7.8396544475051080E-002
   3.5199999999999689        7.8545590944452875E-002
   3.5299999999999687        7.8694735486379272E-002
   3.5399999999999685        7.8843975451621209E-002
   3.5499999999999683        7.8993308043721178E-002
   3.5599999999999681        7.9142730322431271E-002
   3.5699999999999679        7.9292239207237866E-002
   3.5799999999999677        7.9441831480857567E-002
   3.5899999999999674        7.9591503792819318E-002
   3.5999999999999672        7.9741252663000070E-002
   3.6099999999999670        7.9891074485245975E-002
   3.6199999999999668        8.0040965530959879E-002
   3.6299999999999666        8.0190921952749156E-002
   3.6399999999999664        8.0340939788044824E-002
   3.6499999999999662        8.0491014962771806E-002
   3.6599999999999659        8.0641143295012568E-002
   3.6699999999999657        8.0791320498684135E-002
   3.6799999999999655        8.0941542187223603E-002
   3.6899999999999653        8.1091803877276769E-002
   3.6999999999999651        8.1242100992407876E-002
   3.7099999999999649        8.1392428866778527E-002
   3.7199999999999647        8.1542782748882617E-002
   3.7299999999999645        8.1693157805229635E-002
   3.7399999999999642        8.1843549124040071E-002
   3.7499999999999640        8.1993951718969255E-002
   3.7599999999999638        8.2144360532792893E-002
   3.7699999999999636        8.2294770441087642E-002
   3.7799999999999634        8.2445176255927607E-002
   3.7899999999999632        8.2595572729553979E-002
   3.7999999999999630        8.2745954558041013E-002
   3.8099999999999627        8.2896316384938884E-002
   3.8199999999999625        8.3046652804924570E-002
   3.8299999999999623        8.3196958367421955E-002
   3.8399999999999621        8.3347227580207517E-002
   3.8499999999999619        8.3497454913001923E-002
   3.8599999999999617        8.3647634801047324E-002
   3.8699999999999615        8.3797761648644123E-002
   3.8799999999999613        8.3947829832702422E-002
   3.8899999999999610        8.4097833706230016E-002
   3.8999999999999608        8.4247767601824924E-002
   3.9099999999999606        8.4397625835122225E-002
   3.9199999999999604        8.4547402708246219E-002
   3.9299999999999602        8.4697092513186981E-002
   3.9399999999999600        8.4846689535175254E-002
   3.9499999999999598        8.4996188056052274E-002
   3.9599999999999596        8.5145582357542618E-002
   3.9699999999999593        8.5294866724561366E-002
   3.9799999999999591        8.5444035448431571E-002
   3.9899999999999589        8.5593082830124276E-002
   3.9999999999999587        8.5742003183387913E-002
   4.0099999999999589        8.5890790837923406E-002
   4.0199999999999587        8.6039440142450865E-002
   4.0299999999999585        8.6187945467780330E-002
   4.0399999999999583        8.6336301209826660E-002
   4.0499999999999581        8.6484501792573262E-002
   4.0599999999999579        8.6632541671019012E-002
   4.0699999999999577        8.6780415334047761E-002
   4.0799999999999574        8.6928117307295008E-002
   4.0899999999999572        8.7075642155922617E-002
   4.0999999999999570        8.7222984487384150E-002
   4.1099999999999568        8.7370138954138060E-002
   4.1199999999999566        8.7517100256283065E-002
   4.1299999999999564        8.7663863144193596E-002
   4.1399999999999562        8.7810422421058271E-002
   4.1499999999999559        8.7956772945398901E-002
   4.1599999999999557        8.8102909633537660E-002
   4.1699999999999555        8.8248827461985771E-002
   4.1799999999999553        8.8394521469816675E-002
   4.1899999999999551        8.8539986760968123E-002
   4.1999999999999549        8.8685218506477551E-002
   4.2099999999999547        8.8830211946697976E-002
   4.2199999999999545        8.8974962393423507E-002
   4.2299999999999542        8.9119465231986300E-002
   4.2399999999999540        8.9263715923285997E-002
   4.2499999999999538        8.9407710005754107E-002
   4.2599999999999536        8.9551443097304423E-002
   4.2699999999999534        8.9694910897158364E-002
   4.2799999999999532        8.9838109187669990E-002
   4.2899999999999530        8.9981033836080498E-002
   4.2999999999999527        9.0123680796199118E-002
   4.3099999999999525        9.0266046110027004E-002
   4.3199999999999523        9.0408125909356360E-002
   4.3299999999999521        9.0549916417269519E-002
   4.3399999999999519        9.0691413949590197E-002
   4.3499999999999517        9.0832614916300680E-002
   4.3599999999999515        9.0973515822871276E-002
   4.3699999999999513        9.1114113271534750E-002
   4.3799999999999510        9.1254403962515759E-002
   4.3899999999999508        9.1394384695195244E-002
   4.3999999999999506        9.1534052369196928E-002
   4.4099999999999504        9.1673403985451277E-002
   4.4199999999999502        9.1812436647161891E-002
   4.4299999999999500        9.1951147560734039E-002
   4.4399999999999498        9.2089534036640677E-002
   4.4499999999999496        9.2227593490237292E-002
   4.4599999999999493        9.2365323442486658E-002
   4.4699999999999491        9.2502721520658582E-002
   4.4799999999999489        9.2639785458970655E-002
   4.4899999999999487        9.2776513099133567E-002
   4.4999999999999485        9.2912902390874325E-002
   4.5099999999999483        9.3048951392397716E-002
   4.5199999999999481        9.3184658270758822E-002
   4.5299999999999478        9.3320021302235268E-002
   4.5399999999999476        9.3455038872571894E-002
   4.5499999999999474        9.3589709477228708E-002
   4.5599999999999472        9.3724031721528364E-002
   4.5699999999999470        9.3858004320787655E-002
   4.5799999999999468        9.3991626100363532E-002
   4.5899999999999466        9.4124895995644289E-002
   4.5999999999999464        9.4257813052000525E-002
   4.6099999999999461        9.4390376424675071E-002
   4.6199999999999459        9.4522585378627719E-002
   4.6299999999999457        9.4654439288307149E-002
   4.6399999999999455        9.4785937637372308E-002
   4.6499999999999453        9.4917080018390027E-002
   4.6599999999999451        9.5047866132458719E-002
   4.6699999999999449        9.5178295788751963E-002
   4.6799999999999446        9.5308368904088281E-002
   4.6899999999999444        9.5438085502374412E-002
   4.6999999999999442        9.5567445714037844E-002
   4.7099999999999440        9.5696449775396486E-002
   4.7199999999999438        9.5825098028006303E-002
   4.7299999999999436        9.5953390917923639E-002
   4.7399999999999434        9.6081328994938667E-002
   4.7499999999999432        9.6208912911783503E-002
   4.7599999999999429        9.6336143423260287E-002
   4.7699999999999427        9.6463021385338688E-002
   4.7799999999999425        9.6589547754221031E-002
   4.7899999999999423        9.6715723585353450E-002
   4.7999999999999421        9.6841550032399637E-002
   4.8099999999999419        9.6967028346163012E-002
   4.8199999999999417        9.7092159873486697E-002
   4.8299999999999415        9.7216946056103981E-002
   4.8399999999999412        9.7341388429446035E-002
   4.8499999999999410        9.7465488621423707E-002
   4.8599999999999408        9.7589248351162478E-002
   4.8699999999999406        9.7712669427709536E-002
   4.8799999999999404        9.7835753748692356E-002
   4.8899999999999402        9.7958503298968144E-002
   4.8999999999999400        9.8080920149212894E-002
   4.9099999999999397        9.8203006454498670E-002
   4.9199999999999395        9.8324764452829713E-002
   4.9299999999999393        9.8446196463648841E-002
   4.9399999999999391        9.8567304886313031E-002
   4.9499999999999389        9.8688092198555788E-002
   4.9599999999999387        9.8808560954903174E-002
   4.9699999999999385        9.8928713785064945E-002
   4.9799999999999383        9.9048553392326572E-002
   4.9899999999999380        9.9168082551870040E-002
   4.9999999999999378        9.9287304109120900E-002
   5.0099999999999376        9.9406220978042942E-002
   5.0199999999999374        9.9524836139415387E-002
   5.0299999999999372        9.9643152639093527E-002
   5.0399999999999370        9.9761173586255220E-002
   5.0499999999999368        9.9878902151620527E-002
   5.0599999999999365        9.9996341565663102E-002
   5.0699999999999363       0.10011349511678781     
   5.0799999999999361       0.10023036614950587     
   5.0899999999999359       0.10034695806261607     
   5.0999999999999357       0.10046327430731836     
   5.1099999999999355       0.10057931838537695     
   5.1199999999999353       0.10069509384722304     
   5.1299999999999351       0.10081060429007779     
   5.1399999999999348       0.10092585335605220     
   5.1499999999999346       0.10104084473023836     
   5.1599999999999344       0.10115558213880890     
   5.1699999999999342       0.10127006934708445     
   5.1799999999999340       0.10138431015761779     
   5.1899999999999338       0.10149830840825817     
   5.1999999999999336       0.10161206797023074     
   5.2099999999999334       0.10172559274618545     
   5.2199999999999331       0.10183888666828503     
   5.2299999999999329       0.10195195369623662     
   5.2399999999999327       0.10206479781538726     
   5.2499999999999325       0.10217742303476449     
   5.2599999999999323       0.10228983338516684     
   5.2699999999999321       0.10240203291720588     
   5.2799999999999319       0.10251402569940704     
   5.2899999999999316       0.10262581581626820     
   5.2999999999999314       0.10273740736637531     
   5.3099999999999312       0.10284880446045074     
   5.3199999999999310       0.10296001121948897     
   5.3299999999999308       0.10307103177285096     
   5.3399999999999306       0.10318187025638019     
   5.3499999999999304       0.10329253081052764     
   5.3599999999999302       0.10340301757852144     
   5.3699999999999299       0.10351333470445727     
   5.3799999999999297       0.10362348633151895     
   5.3899999999999295       0.10373347660011779     
   5.3999999999999293       0.10384330964610718     
   5.4099999999999291       0.10395298959897013     
   5.4199999999999289       0.10406252058004938     
   5.4299999999999287       0.10417190670078424     
   5.4399999999999284       0.10428115206096976     
   5.4499999999999282       0.10439026074701087     
   5.4599999999999280       0.10449923683023662     
   5.4699999999999278       0.10460808436519324     
   5.4799999999999276       0.10471680738799020     
   5.4899999999999274       0.10482540991463338     
   5.4999999999999272       0.10493389593940965     
   5.5099999999999270       0.10504226943327587     
   5.5199999999999267       0.10515053434227417     
   5.5299999999999265       0.10525869458597500     
   5.5399999999999263       0.10536675405593722     
   5.5499999999999261       0.10547471661419748     
   5.5599999999999259       0.10558258609178107     
   5.5699999999999257       0.10569036628722878     
   5.5799999999999255       0.10579806096517728     
   5.5899999999999253       0.10590567385494706     
   5.5999999999999250       0.10601320864912891     
   5.6099999999999248       0.10612066900227543     
   5.6199999999999246       0.10622805852952426     
   5.6299999999999244       0.10633538080532719     
   5.6399999999999242       0.10644263936216400     
   5.6499999999999240       0.10654983768930988     
   5.6599999999999238       0.10665697923160695     
   5.6699999999999235       0.10676406738828435     
   5.6799999999999233       0.10687110551181374     
   5.6899999999999231       0.10697809690676881     
   5.6999999999999229       0.10708504482873997     
   5.7099999999999227       0.10719195248327429     
   5.7199999999999225       0.10729882302483221     
   5.7299999999999223       0.10740565955580569     
   5.7399999999999221       0.10751246512552828     
   5.7499999999999218       0.10761924272936028     
   5.7599999999999216       0.10772599530776690     
   5.7699999999999214       0.10783272574545301     
   5.7799999999999212       0.10793943687053252     
   5.7899999999999210       0.10804613145370938     
   5.7999999999999208       0.10815281220751180     
   5.8099999999999206       0.10825948178554058     
   5.8199999999999203       0.10836614278178638     
   5.8299999999999201       0.10847279772992760     
   5.8399999999999199       0.10857944910270602     
   5.8499999999999197       0.10868609931131580     
   5.8599999999999195       0.10879275070483109     
   5.8699999999999193       0.10889940556965803     
   5.8799999999999191       0.10900606612904599     
   5.8899999999999189       0.10911273454259908     
   5.8999999999999186       0.10921941290583016     
   5.9099999999999184       0.10932610324977558     
   5.9199999999999182       0.10943280754061620     
   5.9299999999999180       0.10953952767931860     
   5.9399999999999178       0.10964626550135055     
   5.9499999999999176       0.10975302277641297     
   5.9599999999999174       0.10985980120816825     
   5.9699999999999172       0.10996660243407051     
   5.9799999999999169       0.11007342802517323     
   5.9899999999999167       0.11018027948597640     
   5.9999999999999165       0.11028715825435161     
   6.0099999999999163       0.11039406570143319     
   6.0199999999999161       0.11050100313159342     
   6.0299999999999159       0.11060797178241713     
   6.0399999999999157       0.11071497282473686     
   6.0499999999999154       0.11082200736267064     
   6.0599999999999152       0.11092907643371405     
   6.0699999999999150       0.11103618100884353     
   6.0799999999999148       0.11114332199267087     
   6.0899999999999146       0.11125050022361394     
   6.0999999999999144       0.11135771647410002     
   6.1099999999999142       0.11146497145081141     
   6.1199999999999140       0.11157226579492638     
   6.1299999999999137       0.11167960008243977     
   6.1399999999999135       0.11178697482446591     
   6.1499999999999133       0.11189439046761469     
   6.1599999999999131       0.11200184739433097     
   6.1699999999999129       0.11210934592334332     
   6.1799999999999127       0.11221688631006844     
   6.1899999999999125       0.11232446874709873     
   6.1999999999999122       0.11243209336467057     
   6.2099999999999120       0.11253976023118201     
   6.2199999999999118       0.11264746935374413     
   6.2299999999999116       0.11275522067874220     
   6.2399999999999114       0.11286301409241356     
   6.2499999999999112       0.11297084942148362     
   6.2599999999999110       0.11307872643379320     
   6.2699999999999108       0.11318664483896676     
   6.2799999999999105       0.11329460428909073     
   6.2899999999999103       0.11340260437942862     
   6.2999999999999101       0.11351064464914949     
   6.3099999999999099       0.11361872458209508     
   6.3199999999999097       0.11372684360751741     
   6.3299999999999095       0.11383500110091041     
   6.3399999999999093       0.11394319638480330     
   6.3499999999999091       0.11405142872960580     
   6.3599999999999088       0.11415969735444989     
   6.3699999999999086       0.11426800142807537     
   6.3799999999999084       0.11437634006970263     
   6.3899999999999082       0.11448471234994995     
   6.3999999999999080       0.11459311729176699     
   6.4099999999999078       0.11470155387134703     
   6.4199999999999076       0.11481002101911401     
   6.4299999999999073       0.11491851762067173     
   6.4399999999999071       0.11502704251780187     
   6.4499999999999069       0.11513559450946183     
   6.4599999999999067       0.11524417235278625     
   6.4699999999999065       0.11535277476413866     
   6.4799999999999063       0.11546140042012976     
   6.4899999999999061       0.11557004795867432     
   6.4999999999999059       0.11567871598005183     
   6.5099999999999056       0.11578740304798513     
   6.5199999999999054       0.11589610769072241     
   6.5299999999999052       0.11600482840211568     
   6.5399999999999050       0.11611356364274014     
   6.5499999999999048       0.11622231184099953     
   6.5599999999999046       0.11633107139424026     
   6.5699999999999044       0.11643984066986743     
   6.5799999999999041       0.11654861800649677     
   6.5899999999999039       0.11665740171507179     
   6.5999999999999037       0.11676619008002613     
   6.6099999999999035       0.11687498136040851     
   6.6199999999999033       0.11698377379105139     
   6.6299999999999031       0.11709256558372036     
   6.6399999999999029       0.11720135492828092     
   6.6499999999999027       0.11731013999383970     
   6.6599999999999024       0.11741891892993381     
   6.6699999999999022       0.11752768986766682     
   6.6799999999999020       0.11763645092090513     
   6.6899999999999018       0.11774520018741998     
   6.6999999999999016       0.11785393575006152     
   6.7099999999999014       0.11796265567792485     
   6.7199999999999012       0.11807135802751206     
   6.7299999999999010       0.11818004084388764     
   6.7399999999999007       0.11828870216184978     
   6.7499999999999005       0.11839734000707446     
   6.7599999999999003       0.11850595239727280     
   6.7699999999999001       0.11861453734333810     
   6.7799999999998999       0.11872309285049538     
   6.7899999999998997       0.11883161691942509     
   6.7999999999998995       0.11894010754741685     
   6.8099999999998992       0.11904856272947184     
   6.8199999999998990       0.11915698045944648     
   6.8299999999998988       0.11926535873114710     
   6.8399999999998986       0.11937369553944967     
   6.8499999999998984       0.11948198888138375     
   6.8599999999998982       0.11959023675723097     
   6.8699999999998980       0.11969843717160453     
   6.8799999999998978       0.11980658813449850     
   6.8899999999998975       0.11991468766238905     
   6.8999999999998973       0.12002273377924259     
   6.9099999999998971       0.12013072451758008     
   6.9199999999998969       0.12023865791949255     
   6.9299999999998967       0.12034653203766220     
   6.9399999999998965       0.12045434493636209     
   6.9499999999998963       0.12056209469245931     
   6.9599999999998960       0.12066977939636693     
   6.9699999999998958       0.12077739715304071     
   6.9799999999998956       0.12088494608291142     
   6.9899999999998954       0.12099242432281491     
   6.9999999999998952       0.12109983002694037     
   7.0099999999998950       0.12120716136770970     
   7.0199999999998948       0.12131441653669478     
   7.0299999999998946       0.12142159374547613     
   7.0399999999998943       0.12152869122651497     
   7.0499999999998941       0.12163570723399192     
   7.0599999999998939       0.12174264004464151     
   7.0699999999998937       0.12184948795856154     
   7.0799999999998935       0.12195624930000799     
   7.0899999999998933       0.12206292241816996     
   7.0999999999998931       0.12216950568793780     
   7.1099999999998929       0.12227599751064090     
   7.1199999999998926       0.12238239631476483     
   7.1299999999998924       0.12248870055667087     
   7.1399999999998922       0.12259490872127621     
   7.1499999999998920       0.12270101932272079     
   7.1599999999998918       0.12280703090502283     
   7.1699999999998916       0.12291294204270313     
   7.1799999999998914       0.12301875134140000     
   7.1899999999998911       0.12312445743846423     
   7.1999999999998909       0.12323005900351669     
   7.2099999999998907       0.12333555473902666     
   7.2199999999998905       0.12344094338081227     
   7.2299999999998903       0.12354622369858098     
   7.2399999999998901       0.12365139449640163     
   7.2499999999998899       0.12375645461318535     
   7.2599999999998897       0.12386140292313977     
   7.2699999999998894       0.12396623833618364     
   7.2799999999998892       0.12407095979837374     
   7.2899999999998890       0.12417556629228788     
   7.2999999999998888       0.12428005683738988     
   7.3099999999998886       0.12438443049038254     
   7.3199999999998884       0.12448868634552497     
   7.3299999999998882       0.12459282353495744     
   7.3399999999998879       0.12469684122895928     
   7.3499999999998877       0.12480073863623888     
   7.3599999999998875       0.12490451500415864     
   7.3699999999998873       0.12500816961896336     
   7.3799999999998871       0.12511170180598577     
   7.3899999999998869       0.12521511092981663     
   7.3999999999998867       0.12531839639447398     
   7.4099999999998865       0.12542155764354301     
   7.4199999999998862       0.12552459416027775     
   7.4299999999998860       0.12562750546771687     
   7.4399999999998858       0.12573029112875611     
   7.4499999999998856       0.12583295074619658     
   7.4599999999998854       0.12593548396279106     
   7.4699999999998852       0.12603789046125272     
   7.4799999999998850       0.12614016996425839     
   7.4899999999998847       0.12624232223440565     
   7.4999999999998845       0.12634434707420339     
   7.5099999999998843       0.12644624432596993     
   7.5199999999998841       0.12654801387177705     
   7.5299999999998839       0.12664965563332711     
   7.5399999999998837       0.12675116957184554     
   7.5499999999998835       0.12685255568794032     
   7.5599999999998833       0.12695381402142167     
   7.5699999999998830       0.12705494465115241     
   7.5799999999998828       0.12715594769482688     
   7.5899999999998826       0.12725682330877128     
   7.5999999999998824       0.12735757168769551     
   7.6099999999998822       0.12745819306446063     
   7.6199999999998820       0.12755868770979162     
   7.6299999999998818       0.12765905593199872     
   7.6399999999998816       0.12775929807667732     
   7.6499999999998813       0.12785941452638674     
   7.6599999999998811       0.12795940570030442     
   7.6699999999998809       0.12805927205388834     
   7.6799999999998807       0.12815901407849056     
   7.6899999999998805       0.12825863230099072     
   7.6999999999998803       0.12835812728337823     
   7.7099999999998801       0.12845749962234951     
   7.7199999999998798       0.12855674994887276     
   7.7299999999998796       0.12865587892774119     
   7.7399999999998794       0.12875488725711612     
   7.7499999999998792       0.12885377566805706     
   7.7599999999998790       0.12895254492402750     
   7.7699999999998788       0.12905119582040148     
   7.7799999999998786       0.12914972918394377     
   7.7899999999998784       0.12924814587229233     
   7.7999999999998781       0.12934644677341728     
   7.8099999999998779       0.12944463280506396     
   7.8199999999998777       0.12954270491420394     
   7.8299999999998775       0.12964066407645000     
   7.8399999999998773       0.12973851129547931     
   7.8499999999998771       0.12983624760244084     
   7.8599999999998769       0.12993387405534101     
   7.8699999999998766       0.13003139173844067     
   7.8799999999998764       0.13012880176162583     
   7.8899999999998762       0.13022610525977046     
   7.8999999999998760       0.13032330339210224     
   7.9099999999998758       0.13042039734154970     
   7.9199999999998756       0.13051738831408341     
   7.9299999999998754       0.13061427753804805     
   7.9399999999998752       0.13071106626349449     
   7.9499999999998749       0.13080775576149367     
   7.9599999999998747       0.13090434732345396     
   7.9699999999998745       0.13100084226042946     
   7.9799999999998743       0.13109724190241959     
   7.9899999999998741       0.13119354759766563     
   7.9999999999998739       0.13128976071193652     
   8.0099999999998737       0.13138588262783324     
   8.0199999999998735       0.13148191474404655     
   8.0299999999998732       0.13157785847465092     
   8.0399999999998730       0.13167371524838400     
   8.0499999999998728       0.13176948650790452     
   8.0599999999998726       0.13186517370906342     
   8.0699999999998724       0.13196077832018763     
   8.0799999999998722       0.13205630182132452     
   8.0899999999998720       0.13215174570352073     
   8.0999999999998717       0.13224711146806603     
   8.1099999999998715       0.13234240062577246     
   8.1199999999998713       0.13243761469623389     
   8.1299999999998711       0.13253275520707203     
   8.1399999999998709       0.13262782369321086     
   8.1499999999998707       0.13272282169613447     
   8.1599999999998705       0.13281775076314831     
   8.1699999999998703       0.13291261244664318     
   8.1799999999998700       0.13300740830336480     
   8.1899999999998698       0.13310213989367220     
   8.1999999999998696       0.13319680878082166     
   8.2099999999998694       0.13329141653022369     
   8.2199999999998692       0.13338596470872938     
   8.2299999999998690       0.13348045488391233     
   8.2399999999998688       0.13357488862333899     
   8.2499999999998685       0.13366926749386021     
   8.2599999999998683       0.13376359306091659     
   8.2699999999998681       0.13385786688781415     
   8.2799999999998679       0.13395209053503754     
   8.2899999999998677       0.13404626555955476     
   8.2999999999998675       0.13414039351412510     
   8.3099999999998673       0.13423447594662177     
   8.3199999999998671       0.13432851439936463     
   8.3299999999998668       0.13442251040842465     
   8.3399999999998666       0.13451646550298962     
   8.3499999999998664       0.13461038120470170     
   8.3599999999998662       0.13470425902699676     
   8.3699999999998660       0.13479810047448254     
   8.3799999999998658       0.13489190704229492     
   8.3899999999998656       0.13498568021548066     
   8.3999999999998654       0.13507942146837804     
   8.4099999999998651       0.13517313226401029     
   8.4199999999998649       0.13526681405349089     
   8.4299999999998647       0.13536046827543832     
   8.4399999999998645       0.13545409635538630     
   8.4499999999998643       0.13554769970522745     
   8.4599999999998641       0.13564127972264420     
   8.4699999999998639       0.13573483779056614     
   8.4799999999998636       0.13582837527662492     
   8.4899999999998634       0.13592189353263731     
   8.4999999999998632       0.13601539389407202     
   8.5099999999998630       0.13610887767955701     
   8.5199999999998628       0.13620234619037608     
   8.5299999999998626       0.13629580070998545     
   8.5399999999998624       0.13638924250354162     
   8.5499999999998622       0.13648267281744994     
   8.5599999999998619       0.13657609287889624     
   8.5699999999998617       0.13666950389541874     
   8.5799999999998615       0.13676290705449723     
   8.5899999999998613       0.13685630352310899     
   8.5999999999998611       0.13694969444735527     
   8.6099999999998609       0.13704308095206252     
   8.6199999999998607       0.13713646414040173     
   8.6299999999998604       0.13722984509353520     
   8.6399999999998602       0.13732322487025961     
   8.6499999999998600       0.13741660450666474     
   8.6599999999998598       0.13750998501582889     
   8.6699999999998596       0.13760336738748258     
   8.6799999999998594       0.13769675258771902     
   8.6899999999998592       0.13779014155872082     
   8.6999999999998590       0.13788353521846947     
   8.7099999999998587       0.13797693446050158     
   8.7199999999998585       0.13807034015365824     
   8.7299999999998583       0.13816375314184409     
   8.7399999999998581       0.13825717424383624     
   8.7499999999998579       0.13835060425304635     
   8.7599999999998577       0.13844404393734558     
   8.7699999999998575       0.13853749403889201     
   8.7799999999998573       0.13863095527396274     
   8.7899999999998570       0.13872442833279081     
   8.7999999999998568       0.13881791387944858     
   8.8099999999998566       0.13891141255170483     
   8.8199999999998564       0.13900492496093247     
   8.8299999999998562       0.13909845169199500     
   8.8399999999998560       0.13919199330317386     
   8.8499999999998558       0.13928555032609791     
   8.8599999999998555       0.13937912326568366     
   8.8699999999998553       0.13947271260009458     
   8.8799999999998551       0.13956631878070577     
   8.8899999999998549       0.13965994223209630     
   8.8999999999998547       0.13975358335204252     
   8.9099999999998545       0.13984724251151989     
   8.9199999999998543       0.13994092005473022     
   8.9299999999998541       0.14003461629914871     
   8.9399999999998538       0.14012833153555104     
   8.9499999999998536       0.14022206602808782     
   8.9599999999998534       0.14031582001435575     
   8.9699999999998532       0.14040959370548675     
   8.9799999999998530       0.14050338728622822     
   8.9899999999998528       0.14059720091508240     
   8.9999999999998526       0.14069103472440619     
   9.0099999999998523       0.14078488882055362     
   9.0199999999998521       0.14087876328402310     
   9.0299999999998519       0.14097265816961885     
   9.0399999999998517       0.14106657350660598     
   9.0499999999998515       0.14116050929891399     
   9.0599999999998513       0.14125446552530996     
   9.0699999999998511       0.14134844213961606     
   9.0799999999998509       0.14144243907090653     
   9.0899999999998506       0.14153645622375677     
   9.0999999999998504       0.14163049347846357     
   9.1099999999998502       0.14172455069128989     
   9.1199999999998500       0.14181862769473205     
   9.1299999999998498       0.14191272429777377     
   9.1399999999998496       0.14200684028618338     
   9.1499999999998494       0.14210097542277184     
   9.1599999999998492       0.14219512944771662     
   9.1699999999998489       0.14228930207884377     
   9.1799999999998487       0.14238349301195852     
   9.1899999999998485       0.14247770192115897     
   9.1999999999998483       0.14257192845917444     
   9.2099999999998481       0.14266617225769954     
   9.2199999999998479       0.14276043292775040     
   9.2299999999998477       0.14285471006001263     
   9.2399999999998474       0.14294900322521323     
   9.2499999999998472       0.14304331197448761     
   9.2599999999998470       0.14313763583976236     
   9.2699999999998468       0.14323197433413909     
   9.2799999999998466       0.14332632695229616     
   9.2899999999998464       0.14342069317087108     
   9.2999999999998462       0.14351507244889083     
   9.3099999999998460       0.14360946422816243     
   9.3199999999998457       0.14370386793370934     
   9.3299999999998455       0.14379828297418781     
   9.3399999999998453       0.14389270874231333     
   9.3499999999998451       0.14398714461531237     
   9.3599999999998449       0.14408158995533499     
   9.3699999999998447       0.14417604410993376     
   9.3799999999998445       0.14427050641248931     
   9.3899999999998442       0.14436497618266600     
   9.3999999999998440       0.14445945272688812     
   9.4099999999998438       0.14455393533878189     
   9.4199999999998436       0.14464842329965080     
   9.4299999999998434       0.14474291587894392     
   9.4399999999998432       0.14483741233472933     
   9.4499999999998430       0.14493191191415580     
   9.4599999999998428       0.14502641385395407     
   9.4699999999998425       0.14512091738089272     
   9.4799999999998423       0.14521542171227281     
   9.4899999999998421       0.14530992605641088     
   9.4999999999998419       0.14540442961312267     
   9.5099999999998417       0.14549893157420379     
   9.5199999999998415       0.14559343112392120     
   9.5299999999998413       0.14568792743951414     
   9.5399999999998411       0.14578241969165867     
   9.5499999999998408       0.14587690704497455     
   9.5599999999998406       0.14597138865850368     
   9.5699999999998404       0.14606586368622021     
   9.5799999999998402       0.14616033127748923     
   9.5899999999998400       0.14625479057757856     
   9.5999999999998398       0.14634924072813510     
   9.6099999999998396       0.14644368086767368     
   9.6199999999998393       0.14653811013206547     
   9.6299999999998391       0.14663252765501608     
   9.6399999999998389       0.14672693256854979     
   9.6499999999998387       0.14682132400348910     
   9.6599999999998385       0.14691570108993543     
   9.6699999999998383       0.14701006295773636     
   9.6799999999998381       0.14710440873696493     
   9.6899999999998379       0.14719873755839027     
   9.6999999999998376       0.14729304855393385     
   9.7099999999998374       0.14738734085714392     
   9.7199999999998372       0.14748161360365211     
   9.7299999999998370       0.14757586593162261     
   9.7399999999998368       0.14767009698221506     
   9.7499999999998366       0.14776430590002174     
   9.7599999999998364       0.14785849183352043     
   9.7699999999998361       0.14795265393550855     
   9.7799999999998359       0.14804679136353754     
   9.7899999999998357       0.14814090328033624     
   9.7999999999998355       0.14823498885425332     
   9.8099999999998353       0.14832904725965015     
   9.8199999999998351       0.14842307767734725     
   9.8299999999998349       0.14851707929499938     
   9.8399999999998347       0.14861105130751553     
   9.8499999999998344       0.14870499291745770     
   9.8599999999998342       0.14879890333541607     
   9.8699999999998340       0.14889278178040902     
   9.8799999999998338       0.14898662748025385     
   9.8899999999998336       0.14908043967193682     
   9.8999999999998334       0.14917421760197142     
   9.9099999999998332       0.14926796052677496     
   9.9199999999998330       0.14936166771299525     
   9.9299999999998327       0.14945533843787370     
   9.9399999999998325       0.14954897198956604     
   9.9499999999998323       0.14964256766748366     
   9.9599999999998321       0.14973612478259965     
   9.9699999999998319       0.14982964265777829     
   9.9799999999998317       0.14992312062807306     
   9.9899999999998315       0.15001655804102346     
   9.9999999999998312       0.15010995425694235     
