   0.0000000000000000       -0.0000000000000000     
   1.0000000000000000E-002   4.6399987070414540E-007
   2.0000000000000000E-002   1.8549692645781537E-006
   2.9999999999999999E-002   4.1713091291876438E-006
   4.0000000000000001E-002   7.4113490565226665E-006
   5.0000000000000003E-002   1.1573347959929934E-005
   6.0000000000000005E-002   1.6655494151452378E-005
   7.0000000000000007E-002   2.2655906051721876E-005
   8.0000000000000002E-002   2.9572632531435227E-005
   8.9999999999999997E-002   3.7403653421557693E-005
   9.9999999999999992E-002   4.6146879988540561E-005
  0.10999999999999999        5.5800155234669460E-005
  0.11999999999999998        6.6361254844053951E-005
  0.12999999999999998        7.7827887160819835E-005
  0.13999999999999999        9.0197694048687056E-005
  0.14999999999999999        1.0346825128617968E-004
  0.16000000000000000        1.1763706929700973E-004
  0.17000000000000001        1.3270159342032516E-004
  0.18000000000000002        1.4865920450994326E-004
  0.19000000000000003        1.6550721987494484E-004
  0.20000000000000004        1.8324289325704902E-004
  0.21000000000000005        2.0186341600715176E-004
  0.22000000000000006        2.2136591728789929E-004
  0.23000000000000007        2.4174746476625765E-004
  0.24000000000000007        2.6300506539359984E-004
  0.25000000000000006        2.8513566591141900E-004
  0.26000000000000006        3.0813615334673633E-004
  0.27000000000000007        3.3200335586349182E-004
  0.28000000000000008        3.5673404338247723E-004
  0.29000000000000009        3.8232492808452239E-004
  0.30000000000000010        4.0877266542679641E-004
  0.31000000000000011        4.3607385420398265E-004
  0.32000000000000012        4.6422503793451064E-004
  0.33000000000000013        4.9322270498180544E-004
  0.34000000000000014        5.2306328968558025E-004
  0.35000000000000014        5.5374317279348762E-004
  0.36000000000000015        5.8525868202659824E-004
  0.37000000000000016        6.1760609329466218E-004
  0.38000000000000017        6.5078163100976963E-004
  0.39000000000000018        6.8478146891839844E-004
  0.40000000000000019        7.1960173091647345E-004
  0.41000000000000020        7.5523849161068671E-004
  0.42000000000000021        7.9168777728280985E-004
  0.43000000000000022        8.2894556651520691E-004
  0.44000000000000022        8.6700779097051732E-004
  0.45000000000000023        9.0587033604542480E-004
  0.46000000000000024        9.4552904197002714E-004
  0.47000000000000025        9.8597970415183764E-004
  0.48000000000000026        1.0272180741848823E-003
  0.49000000000000027        1.0692398607219957E-003
  0.50000000000000022        1.1120407299978980E-003
  0.51000000000000023        1.1556163068244842E-003
  0.52000000000000024        1.1999621753884387E-003
  0.53000000000000025        1.2450738798574744E-003
  0.54000000000000026        1.2909469252972876E-003
  0.55000000000000027        1.3375767786071918E-003
  0.56000000000000028        1.3849588690848936E-003
  0.57000000000000028        1.4330885894664018E-003
  0.58000000000000029        1.4819612964356679E-003
  0.59000000000000030        1.5315723118959693E-003
  0.60000000000000031        1.5819169232975357E-003
  0.61000000000000032        1.6329903847426528E-003
  0.62000000000000033        1.6847879178050421E-003
  0.63000000000000034        1.7373047122838587E-003
  0.64000000000000035        1.7905359269577044E-003
  0.65000000000000036        1.8444766906004966E-003
  0.66000000000000036        1.8991221027121587E-003
  0.67000000000000037        1.9544672342126572E-003
  0.68000000000000038        2.0105071285459299E-003
  0.69000000000000039        2.0672368023681724E-003
  0.70000000000000040        2.1246512463003017E-003
  0.71000000000000041        2.1827454258812745E-003
  0.72000000000000042        2.2415142823715172E-003
  0.73000000000000043        2.3009527337271292E-003
  0.74000000000000044        2.3610556750092424E-003
  0.75000000000000044        2.4218179797485550E-003
  0.76000000000000045        2.4832345003435630E-003
  0.77000000000000046        2.5453000692526092E-003
  0.78000000000000047        2.6080094996032781E-003
  0.79000000000000048        2.6713575859366977E-003
  0.80000000000000049        2.7353391054283577E-003
  0.81000000000000050        2.7999488182806295E-003
  0.82000000000000051        2.8651814686691435E-003
  0.83000000000000052        2.9310317860829493E-003
  0.84000000000000052        2.9974944851127146E-003
  0.85000000000000053        3.0645642671888497E-003
  0.86000000000000054        3.1322358211200263E-003
  0.87000000000000055        3.2005038238542899E-003
  0.88000000000000056        3.2693629410559871E-003
  0.89000000000000057        3.3388078286074670E-003
  0.90000000000000058        3.4088331326437831E-003
  0.91000000000000059        3.4794334909026979E-003
  0.92000000000000060        3.5506035332172280E-003
  0.93000000000000060        3.6223378826306060E-003
  0.94000000000000061        3.6946311557923186E-003
  0.95000000000000062        3.7674779641429009E-003
  0.96000000000000063        3.8408729145168402E-003
  0.97000000000000064        3.9148106098191200E-003
  0.98000000000000065        3.9892856499740862E-003
  0.99000000000000066        4.0642926329163718E-003
   1.0000000000000007        4.1398261548080692E-003
   1.0100000000000007        4.2158808113133481E-003
   1.0200000000000007        4.2924511982361585E-003
   1.0300000000000007        4.3695319119858092E-003
   1.0400000000000007        4.4471175509241626E-003
   1.0500000000000007        4.5252027154886500E-003
   1.0600000000000007        4.6037820094717279E-003
   1.0700000000000007        4.6828500403651762E-003
   1.0800000000000007        4.7624014203529064E-003
   1.0900000000000007        4.8424307668344432E-003
   1.1000000000000008        4.9229327034978178E-003
   1.1100000000000008        5.0039018606787581E-003
   1.1200000000000008        5.0853328762654002E-003
   1.1300000000000008        5.1672203961954533E-003
   1.1400000000000008        5.2495590756786161E-003
   1.1500000000000008        5.3323435792679754E-003
   1.1600000000000008        5.4155685819350721E-003
   1.1700000000000008        5.4992287696497685E-003
   1.1800000000000008        5.5833188401133811E-003
   1.1900000000000008        5.6678335032475866E-003
   1.2000000000000008        5.7527674822258328E-003
   1.2100000000000009        5.8381155136851999E-003
   1.2200000000000009        5.9238723487633847E-003
   1.2300000000000009        6.0100327534370794E-003
   1.2400000000000009        6.0965915094906608E-003
   1.2500000000000009        6.1835434148896709E-003
   1.2600000000000009        6.2708832843502635E-003
   1.2700000000000009        6.3586059503324514E-003
   1.2800000000000009        6.4467062632854759E-003
   1.2900000000000009        6.5351790923051482E-003
   1.3000000000000009        6.6240193259081469E-003
   1.3100000000000009        6.7132218724076332E-003
   1.3200000000000010        6.8027816606811243E-003
   1.3300000000000010        6.8926936406206590E-003
   1.3400000000000010        6.9829527837261323E-003
   1.3500000000000010        7.0735540835895156E-003
   1.3600000000000010        7.1644925565933007E-003
   1.3700000000000010        7.2557632424278496E-003
   1.3800000000000010        7.3473612043429967E-003
   1.3900000000000010        7.4392815300927343E-003
   1.4000000000000010        7.5315193320876937E-003
   1.4100000000000010        7.6240697481781304E-003
   1.4200000000000010        7.7169279419321141E-003
   1.4300000000000010        7.8100891032989155E-003
   1.4400000000000011        7.9035484489239881E-003
   1.4500000000000011        7.9973012226016889E-003
   1.4600000000000011        8.0913426960764548E-003
   1.4700000000000011        8.1856681691004352E-003
   1.4800000000000011        8.2802729699554926E-003
   1.4900000000000011        8.3751524561230858E-003
   1.5000000000000011        8.4703020142714198E-003
   1.5100000000000011        8.5657170612397516E-003
   1.5200000000000011        8.6613930439958832E-003
   1.5300000000000011        8.7573254400917823E-003
   1.5400000000000011        8.8535097582841289E-003
   1.5500000000000012        8.9499415386689110E-003
   1.5600000000000012        9.0466163532287105E-003
   1.5700000000000012        9.1435298060204995E-003
   1.5800000000000012        9.2406775336043422E-003
   1.5900000000000012        9.3380552054487739E-003
   1.6000000000000012        9.4356585242189386E-003
   1.6100000000000012        9.5334832260712474E-003
   1.6200000000000012        9.6315250808787726E-003
   1.6300000000000012        9.7297798928153850E-003
   1.6400000000000012        9.8282435003065778E-003
   1.6500000000000012        9.9269117765568033E-003
   1.6600000000000013        1.0025780629679066E-002
   1.6700000000000013        1.0124846003128350E-002
   1.6800000000000013        1.0224103875742338E-002
   1.6900000000000013        1.0323550262132178E-002
   1.7000000000000013        1.0423181212967057E-002
   1.7100000000000013        1.0522992814913293E-002
   1.7200000000000013        1.0622981191246571E-002
   1.7300000000000013        1.0723142501794944E-002
   1.7400000000000013        1.0823472943281143E-002
   1.7500000000000013        1.0923968749301887E-002
   1.7600000000000013        1.1024626190787536E-002
   1.7700000000000014        1.1125441575924037E-002
   1.7800000000000014        1.1226411250484651E-002
   1.7900000000000014        1.1327531597940426E-002
   1.8000000000000014        1.1428799039534032E-002
   1.8100000000000014        1.1530210034484002E-002
   1.8200000000000014        1.1631761080106297E-002
   1.8300000000000014        1.1733448711932352E-002
   1.8400000000000014        1.1835269503612116E-002
   1.8500000000000014        1.1937220067496200E-002
   1.8600000000000014        1.2039297054153792E-002
   1.8700000000000014        1.2141497152968935E-002
   1.8800000000000014        1.2243817091663041E-002
   1.8900000000000015        1.2346253636888004E-002
   1.9000000000000015        1.2448803593987324E-002
   1.9100000000000015        1.2551463807060813E-002
   1.9200000000000015        1.2654231159025425E-002
   1.9300000000000015        1.2757102571753118E-002
   1.9400000000000015        1.2860075005869073E-002
   1.9500000000000015        1.2963145460991525E-002
   1.9600000000000015        1.3066310975498881E-002
   1.9700000000000015        1.3169568626704068E-002
   1.9800000000000015        1.3272915530887715E-002
   1.9900000000000015        1.3376348842988193E-002
   2.0000000000000013        1.3479865756879209E-002
   2.0100000000000011        1.3583463505136676E-002
   2.0200000000000009        1.3687139359061245E-002
   2.0300000000000007        1.3790890628587758E-002
   2.0400000000000005        1.3894714662369466E-002
   2.0500000000000003        1.3998608847452691E-002
   2.0600000000000001        1.4102570609448426E-002
   2.0699999999999998        1.4206597412204928E-002
   2.0799999999999996        1.4310686757915947E-002
   2.0899999999999994        1.4414836186960361E-002
   2.0999999999999992        1.4519043277675251E-002
   2.1099999999999990        1.4623305646483552E-002
   2.1199999999999988        1.4727620947562402E-002
   2.1299999999999986        1.4831986872794549E-002
   2.1399999999999983        1.4936401151518971E-002
   2.1499999999999981        1.5040861550678597E-002
   2.1599999999999979        1.5145365874316910E-002
   2.1699999999999977        1.5249911963637276E-002
   2.1799999999999975        1.5354497696863608E-002
   2.1899999999999973        1.5459120988855440E-002
   2.1999999999999971        1.5563779791160904E-002
   2.2099999999999969        1.5668472091741388E-002
   2.2199999999999966        1.5773195914832568E-002
   2.2299999999999964        1.5877949320539514E-002
   2.2399999999999962        1.5982730405059851E-002
   2.2499999999999960        1.6087537300038035E-002
   2.2599999999999958        1.6192368172602920E-002
   2.2699999999999956        1.6297221225171816E-002
   2.2799999999999954        1.6402094694923989E-002
   2.2899999999999952        1.6506986854086903E-002
   2.2999999999999949        1.6611896009271290E-002
   2.3099999999999947        1.6716820501350083E-002
   2.3199999999999945        1.6821758705365463E-002
   2.3299999999999943        1.6926709030182428E-002
   2.3399999999999941        1.7031669918013144E-002
   2.3499999999999939        1.7136639844606224E-002
   2.3599999999999937        1.7241617318689759E-002
   2.3699999999999934        1.7346600881745111E-002
   2.3799999999999932        1.7451589107779362E-002
   2.3899999999999930        1.7556580603114449E-002
   2.3999999999999928        1.7661574005980382E-002
   2.4099999999999926        1.7766567986282102E-002
   2.4199999999999924        1.7871561245429334E-002
   2.4299999999999922        1.7976552515835097E-002
   2.4399999999999920        1.8081540560802020E-002
   2.4499999999999917        1.8186524174245013E-002
   2.4599999999999915        1.8291502180253192E-002
   2.4699999999999913        1.8396473432874198E-002
   2.4799999999999911        1.8501436815815273E-002
   2.4899999999999909        1.8606391242097876E-002
   2.4999999999999907        1.8711335653738906E-002
   2.5099999999999905        1.8816269021716816E-002
   2.5199999999999902        1.8921190345226935E-002
   2.5299999999999900        1.9026098651460689E-002
   2.5399999999999898        1.9130992995663860E-002
   2.5499999999999896        1.9235872460367790E-002
   2.5599999999999894        1.9340736155303503E-002
   2.5699999999999892        1.9445583217026132E-002
   2.5799999999999890        1.9550412808568621E-002
   2.5899999999999888        1.9655224119230080E-002
   2.5999999999999885        1.9760016363985656E-002
   2.6099999999999883        1.9864788783541344E-002
   2.6199999999999881        1.9969540643647619E-002
   2.6299999999999879        2.0074271234874697E-002
   2.6399999999999877        2.0178979872474304E-002
   2.6499999999999875        2.0283665895888297E-002
   2.6599999999999873        2.0388328668179724E-002
   2.6699999999999871        2.0492967576211187E-002
   2.6799999999999868        2.0597582029953040E-002
   2.6899999999999866        2.0702171462163802E-002
   2.6999999999999864        2.0806735328249039E-002
   2.7099999999999862        2.0911273105631276E-002
   2.7199999999999860        2.1015784293826442E-002
   2.7299999999999858        2.1120268413563226E-002
   2.7399999999999856        2.1224725007039955E-002
   2.7499999999999853        2.1329153637078584E-002
   2.7599999999999851        2.1433553887130283E-002
   2.7699999999999849        2.1537925360845801E-002
   2.7799999999999847        2.1642267681523202E-002
   2.7899999999999845        2.1746580492223003E-002
   2.7999999999999843        2.1850863454917810E-002
   2.8099999999999841        2.1955116250616368E-002
   2.8199999999999839        2.2059338578736220E-002
   2.8299999999999836        2.2163530156964713E-002
   2.8399999999999834        2.2267690720575491E-002
   2.8499999999999832        2.2371820022680480E-002
   2.8599999999999830        2.2475917833330476E-002
   2.8699999999999828        2.2579983939552906E-002
   2.8799999999999826        2.2684018144940997E-002
   2.8899999999999824        2.2788020269156807E-002
   2.8999999999999821        2.2891990147882207E-002
   2.9099999999999819        2.2995927632188686E-002
   2.9199999999999817        2.3099832588594164E-002
   2.9299999999999815        2.3203704898452714E-002
   2.9399999999999813        2.3307544457654240E-002
   2.9499999999999811        2.3411351176530926E-002
   2.9599999999999809        2.3515124979201760E-002
   2.9699999999999807        2.3618865803625995E-002
   2.9799999999999804        2.3722573601098661E-002
   2.9899999999999802        2.3826248335895691E-002
   2.9999999999999800        2.3929889985008227E-002
   3.0099999999999798        2.4033498538052672E-002
   3.0199999999999796        2.4137073996611434E-002
   3.0299999999999794        2.4240616374181449E-002
   3.0399999999999792        2.4344125695920746E-002
   3.0499999999999790        2.4447601998053094E-002
   3.0599999999999787        2.4551045327889074E-002
   3.0699999999999785        2.4654455743412112E-002
   3.0799999999999783        2.4757833312977158E-002
   3.0899999999999781        2.4861178115075645E-002
   3.0999999999999779        2.4964490238043022E-002
   3.1099999999999777        2.5067769779692117E-002
   3.1199999999999775        2.5171016847239425E-002
   3.1299999999999772        2.5274231556821569E-002
   3.1399999999999770        2.5377414033385611E-002
   3.1499999999999768        2.5480564410311594E-002
   3.1599999999999766        2.5583682829175010E-002
   3.1699999999999764        2.5686769439511183E-002
   3.1799999999999762        2.5789824398615616E-002
   3.1899999999999760        2.5892847871117827E-002
   3.1999999999999758        2.5995840028947340E-002
   3.2099999999999755        2.6098801050882667E-002
   3.2199999999999753        2.6201731122465079E-002
   3.2299999999999751        2.6304630435660628E-002
   3.2399999999999749        2.6407499188630952E-002
   3.2499999999999747        2.6510337585550412E-002
   3.2599999999999745        2.6613145836346785E-002
   3.2699999999999743        2.6715924156386187E-002
   3.2799999999999740        2.6818672766453115E-002
   3.2899999999999738        2.6921391892341169E-002
   3.2999999999999736        2.7024081764647483E-002
   3.3099999999999734        2.7126742618659098E-002
   3.3199999999999732        2.7229374694073358E-002
   3.3299999999999730        2.7331978234760690E-002
   3.3399999999999728        2.7434553488637946E-002
   3.3499999999999726        2.7537100707446818E-002
   3.3599999999999723        2.7639620146449807E-002
   3.3699999999999721        2.7742112064355697E-002
   3.3799999999999719        2.7844576723150317E-002
   3.3899999999999717        2.7947014387621472E-002
   3.3999999999999715        2.8049425325614899E-002
   3.4099999999999713        2.8151809807587292E-002
   3.4199999999999711        2.8254168106400041E-002
   3.4299999999999708        2.8356500497225330E-002
   3.4399999999999706        2.8458807257351542E-002
   3.4499999999999704        2.8561088666001686E-002
   3.4599999999999702        2.8663345004290543E-002
   3.4699999999999700        2.8765576554732122E-002
   3.4799999999999698        2.8867783601534438E-002
   3.4899999999999696        2.8969966430052035E-002
   3.4999999999999694        2.9072125326825116E-002
   3.5099999999999691        2.9174260579422174E-002
   3.5199999999999689        2.9276372476194409E-002
   3.5299999999999687        2.9378461306318330E-002
   3.5399999999999685        2.9480527359331841E-002
   3.5499999999999683        2.9582570925387283E-002
   3.5599999999999681        2.9684592294807105E-002
   3.5699999999999679        2.9786591758123888E-002
   3.5799999999999677        2.9888569605907734E-002
   3.5899999999999674        2.9990526128662896E-002
   3.5999999999999672        3.0092461616516214E-002
   3.6099999999999670        3.0194376359461123E-002
   3.6199999999999668        3.0296270646873881E-002
   3.6299999999999666        3.0398144767650175E-002
   3.6399999999999664        3.0499999010041537E-002
   3.6499999999999662        3.0601833661381365E-002
   3.6599999999999659        3.0703649008253106E-002
   3.6699999999999657        3.0805445336200232E-002
   3.6799999999999655        3.0907222929612021E-002
   3.6899999999999653        3.1008982071744212E-002
   3.6999999999999651        3.1110723044642269E-002
   3.7099999999999649        3.1212446128921469E-002
   3.7199999999999647        3.1314151603632968E-002
   3.7299999999999645        3.1415839746567698E-002
   3.7399999999999642        3.1517510833616598E-002
   3.7499999999999640        3.1619165139061149E-002
   3.7599999999999638        3.1720802935523040E-002
   3.7699999999999636        3.1822424493567522E-002
   3.7799999999999634        3.1924030082042809E-002
   3.7899999999999632        3.2025619967667167E-002
   3.7999999999999630        3.2127194415197881E-002
   3.8099999999999627        3.2228753687187785E-002
   3.8199999999999625        3.2330298044069658E-002
   3.8299999999999623        3.2431827744053884E-002
   3.8399999999999621        3.2533343042952398E-002
   3.8499999999999619        3.2634844194345529E-002
   3.8599999999999617        3.2736331449420307E-002
   3.8699999999999615        3.2837805056823301E-002
   3.8799999999999613        3.2939265262745959E-002
   3.8899999999999610        3.3040712310846446E-002
   3.8999999999999608        3.3142146442278482E-002
   3.9099999999999606        3.3243567895441403E-002
   3.9199999999999604        3.3344976906189018E-002
   3.9299999999999602        3.3446373707612290E-002
   3.9399999999999600        3.3547758530057786E-002
   3.9499999999999598        3.3649131601216110E-002
   3.9599999999999596        3.3750493145876269E-002
   3.9699999999999593        3.3851843386123279E-002
   3.9799999999999591        3.3953182541078229E-002
   3.9899999999999589        3.4054510827106227E-002
   3.9999999999999587        3.4155828457616451E-002
   4.0099999999999589        3.4257135643113112E-002
   4.0199999999999587        3.4358432591262429E-002
   4.0299999999999585        3.4459719506618788E-002
   4.0399999999999583        3.4560996590984917E-002
   4.0499999999999581        3.4662264043037364E-002
   4.0599999999999579        3.4763522058542919E-002
   4.0699999999999577        3.4864770830292519E-002
   4.0799999999999574        3.4966010548016555E-002
   4.0899999999999572        3.5067241398455615E-002
   4.0999999999999570        3.5168463565415760E-002
   4.1099999999999568        3.5269677229570771E-002
   4.1199999999999566        3.5370882568681386E-002
   4.1299999999999564        3.5472079757454138E-002
   4.1399999999999562        3.5573268967585225E-002
   4.1499999999999559        3.5674450367710046E-002
   4.1599999999999557        3.5775624123496212E-002
   4.1699999999999555        3.5876790397670666E-002
   4.1799999999999553        3.5977949349805596E-002
   4.1899999999999551        3.6079101136632305E-002
   4.1999999999999549        3.6180245911809759E-002
   4.2099999999999547        3.6281383826044782E-002
   4.2199999999999545        3.6382515027083659E-002
   4.2299999999999542        3.6483639659761834E-002
   4.2399999999999540        3.6584757865869511E-002
   4.2499999999999538        3.6685869784392915E-002
   4.2599999999999536        3.6786975551331952E-002
   4.2699999999999534        3.6888075299784891E-002
   4.2799999999999532        3.6989169160060328E-002
   4.2899999999999530        3.7090257259465152E-002
   4.2999999999999527        3.7191339722609844E-002
   4.3099999999999525        3.7292416671186414E-002
   4.3199999999999523        3.7393488224148216E-002
   4.3299999999999521        3.7494554497580795E-002
   4.3399999999999519        3.7595615604878577E-002
   4.3499999999999517        3.7696671656734883E-002
   4.3599999999999515        3.7797722761014833E-002
   4.3699999999999513        3.7898769022973747E-002
   4.3799999999999510        3.7999810545177405E-002
   4.3899999999999508        3.8100847427626164E-002
   4.3999999999999506        3.8201879767547402E-002
   4.4099999999999504        3.8302907659725514E-002
   4.4199999999999502        3.8403931196270065E-002
   4.4299999999999500        3.8504950466893617E-002
   4.4399999999999498        3.8605965558652158E-002
   4.4499999999999496        3.8706976556241272E-002
   4.4599999999999493        3.8807983541850985E-002
   4.4699999999999491        3.8908986595227513E-002
   4.4799999999999489        3.9009985793806982E-002
   4.4899999999999487        3.9110981212573510E-002
   4.4999999999999485        3.9211972924245685E-002
   4.5099999999999483        3.9312960999253611E-002
   4.5199999999999481        3.9413945505676735E-002
   4.5299999999999478        3.9514926509430476E-002
   4.5399999999999476        3.9615904074193728E-002
   4.5499999999999474        3.9716878261508916E-002
   4.5599999999999472        3.9817849130700370E-002
   4.5699999999999470        3.9918816739054175E-002
   4.5799999999999468        4.0019781141747771E-002
   4.5899999999999466        4.0120742391944339E-002
   4.5999999999999464        4.0221700540714229E-002
   4.6099999999999461        4.0322655637261978E-002
   4.6199999999999459        4.0423607728772494E-002
   4.6299999999999457        4.0524556860485325E-002
   4.6399999999999455        4.0625503075836691E-002
   4.6499999999999453        4.0726446416399699E-002
   4.6599999999999451        4.0827386921900188E-002
   4.6699999999999449        4.0928324630321263E-002
   4.6799999999999446        4.1029259577821990E-002
   4.6899999999999444        4.1130191798948924E-002
   4.6999999999999442        4.1231121326486916E-002
   4.7099999999999440        4.1332048191631575E-002
   4.7199999999999438        4.1432972423933144E-002
   4.7299999999999436        4.1533894051334203E-002
   4.7399999999999434        4.1634813100265254E-002
   4.7499999999999432        4.1735729595648731E-002
   4.7599999999999429        4.1836643560868580E-002
   4.7699999999999427        4.1937555017890329E-002
   4.7799999999999425        4.2038463987294009E-002
   4.7899999999999423        4.2139370488188728E-002
   4.7999999999999421        4.2240274538423925E-002
   4.8099999999999419        4.2341176154464991E-002
   4.8199999999999417        4.2442075351473790E-002
   4.8299999999999415        4.2542972143420017E-002
   4.8399999999999412        4.2643866542971351E-002
   4.8499999999999410        4.2744758561628911E-002
   4.8599999999999408        4.2845648209756497E-002
   4.8699999999999406        4.2946535496527230E-002
   4.8799999999999404        4.3047420430032887E-002
   4.8899999999999402        4.3148303017303685E-002
   4.8999999999999400        4.3249183264330318E-002
   4.9099999999999397        4.3350061176031469E-002
   4.9199999999999395        4.3450936756406489E-002
   4.9299999999999393        4.3551810008453519E-002
   4.9399999999999391        4.3652680934264075E-002
   4.9499999999999389        4.3753549535010879E-002
   4.9599999999999387        4.3854415811024068E-002
   4.9699999999999385        4.3955279761770605E-002
   4.9799999999999383        4.4056141385903684E-002
   4.9899999999999380        4.4157000681262611E-002
   4.9999999999999378        4.4257857644986083E-002
   5.0099999999999376        4.4358712273416902E-002
   5.0199999999999374        4.4459564562222879E-002
   5.0299999999999372        4.4560414506350621E-002
   5.0399999999999370        4.4661262100161844E-002
   5.0499999999999368        4.4762107337312534E-002
   5.0599999999999365        4.4862950210866850E-002
   5.0699999999999363        4.4963790713346774E-002
   5.0799999999999361        4.5064628836667606E-002
   5.0899999999999359        4.5165464572213987E-002
   5.0999999999999357        4.5266297910909879E-002
   5.1099999999999355        4.5367128843127047E-002
   5.1199999999999353        4.5467957358775402E-002
   5.1299999999999351        4.5568783447394672E-002
   5.1399999999999348        4.5669607098012557E-002
   5.1499999999999346        4.5770428299293148E-002
   5.1599999999999344        4.5871247039546245E-002
   5.1699999999999342        4.5972063306669635E-002
   5.1799999999999340        4.6072877088267260E-002
   5.1899999999999338        4.6173688371599998E-002
   5.1999999999999336        4.6274497143660366E-002
   5.2099999999999334        4.6375303391129358E-002
   5.2199999999999331        4.6476107100431666E-002
   5.2299999999999329        4.6576908257767294E-002
   5.2399999999999327        4.6677706849112030E-002
   5.2499999999999325        4.6778502860194179E-002
   5.2599999999999323        4.6879296276613129E-002
   5.2699999999999321        4.6980087083769821E-002
   5.2799999999999319        4.7080875266904437E-002
   5.2899999999999316        4.7181660811114884E-002
   5.2999999999999314        4.7282443701388462E-002
   5.3099999999999312        4.7383223922589937E-002
   5.3199999999999310        4.7484001459525874E-002
   5.3299999999999308        4.7584776296864500E-002
   5.3399999999999306        4.7685548419273159E-002
   5.3499999999999304        4.7786317811336326E-002
   5.3599999999999302        4.7887084457595167E-002
   5.3699999999999299        4.7987848342573483E-002
   5.3799999999999297        4.8088609450826901E-002
   5.3899999999999295        4.8189367766825510E-002
   5.3999999999999293        4.8290123275133427E-002
   5.4099999999999291        4.8390875960303954E-002
   5.4199999999999289        4.8491625806929319E-002
   5.4299999999999287        4.8592372799664954E-002
   5.4399999999999284        4.8693116923215089E-002
   5.4499999999999282        4.8793858162325988E-002
   5.4599999999999280        4.8894596501897342E-002
   5.4699999999999278        4.8995331926823392E-002
   5.4799999999999276        4.9096064422150962E-002
   5.4899999999999274        4.9196793973042101E-002
   5.4999999999999272        4.9297520564746594E-002
   5.5099999999999270        4.9398244182661873E-002
   5.5199999999999267        4.9498964812264130E-002
   5.5299999999999265        4.9599682439257359E-002
   5.5399999999999263        4.9700397049422709E-002
   5.5499999999999261        4.9801108628694496E-002
   5.5599999999999259        4.9901817163213624E-002
   5.5699999999999257        5.0002522639281698E-002
   5.5799999999999255        5.0103225043294675E-002
   5.5899999999999253        5.0203924361945831E-002
   5.5999999999999250        5.0304620582026019E-002
   5.6099999999999248        5.0405313690551935E-002
   5.6199999999999246        5.0506003674735497E-002
   5.6299999999999244        5.0606690521959236E-002
   5.6399999999999242        5.0707374219837287E-002
   5.6499999999999240        5.0808054756198623E-002
   5.6599999999999238        5.0908732119044744E-002
   5.6699999999999235        5.1009406296640754E-002
   5.6799999999999233        5.1110077277437958E-002
   5.6899999999999231        5.1210745050120757E-002
   5.6999999999999229        5.1311409603591283E-002
   5.7099999999999227        5.1412070926998447E-002
   5.7199999999999225        5.1512729009689000E-002
   5.7299999999999223        5.1613383841264099E-002
   5.7399999999999221        5.1714035411575786E-002
   5.7499999999999218        5.1814683710675810E-002
   5.7599999999999216        5.1915328728871613E-002
   5.7699999999999214        5.2015970456698639E-002
   5.7799999999999212        5.2116608884943592E-002
   5.7899999999999210        5.2217244004646203E-002
   5.7999999999999208        5.2317875807057379E-002
   5.8099999999999206        5.2418504283675435E-002
   5.8199999999999203        5.2519129426269302E-002
   5.8299999999999201        5.2619751226824912E-002
   5.8399999999999199        5.2720369677568525E-002
   5.8499999999999197        5.2820984770991758E-002
   5.8599999999999195        5.2921596499798558E-002
   5.8699999999999193        5.3022204856955447E-002
   5.8799999999999191        5.3122809835657120E-002
   5.8899999999999189        5.3223411429365854E-002
   5.8999999999999186        5.3324009631730555E-002
   5.9099999999999184        5.3424604436687166E-002
   5.9199999999999182        5.3525195838377691E-002
   5.9299999999999180        5.3625783831191369E-002
   5.9399999999999178        5.3726368409759563E-002
   5.9499999999999176        5.3826949568924462E-002
   5.9599999999999174        5.3927527303780087E-002
   5.9699999999999172        5.4028101609623680E-002
   5.9799999999999169        5.4128672482000803E-002
   5.9899999999999167        5.4229239916671917E-002
   5.9999999999999165        5.4329803909615587E-002
   6.0099999999999163        5.4430364457039228E-002
   6.0199999999999161        5.4530921555362925E-002
   6.0299999999999159        5.4631475201207931E-002
   6.0399999999999157        5.4732025391424473E-002
   6.0499999999999154        5.4832572123078571E-002
   6.0599999999999152        5.4933115393420620E-002
   6.0699999999999150        5.5033655199914815E-002
   6.0799999999999148        5.5134191540218584E-002
   6.0899999999999146        5.5234724412207253E-002
   6.0999999999999144        5.5335253813928564E-002
   6.1099999999999142        5.5435779743637906E-002
   6.1199999999999140        5.5536302199762140E-002
   6.1299999999999137        5.5636821180923730E-002
   6.1399999999999135        5.5737336685931692E-002
   6.1499999999999133        5.5837848713769025E-002
   6.1599999999999131        5.5938357263584440E-002
   6.1699999999999129        5.6038862334704911E-002
   6.1799999999999127        5.6139363926641969E-002
   6.1899999999999125        5.6239862039039551E-002
   6.1999999999999122        5.6340356671737826E-002
   6.2099999999999120        5.6440847824707055E-002
   6.2199999999999118        5.6541335498079374E-002
   6.2299999999999116        5.6641819692150513E-002
   6.2399999999999114        5.6742300407352515E-002
   6.2499999999999112        5.6842777644264236E-002
   6.2599999999999110        5.6943251403590772E-002
   6.2699999999999108        5.7043721686202385E-002
   6.2799999999999105        5.7144188493078084E-002
   6.2899999999999103        5.7244651825335502E-002
   6.2999999999999101        5.7345111684217846E-002
   6.3099999999999099        5.7445568071093071E-002
   6.3199999999999097        5.7546020987436962E-002
   6.3299999999999095        5.7646470434848537E-002
   6.3399999999999093        5.7746916415047672E-002
   6.3499999999999091        5.7847358929843266E-002
   6.3599999999999088        5.7947797981160828E-002
   6.3699999999999086        5.8048233571024406E-002
   6.3799999999999084        5.8148665701545685E-002
   6.3899999999999082        5.8249094374949718E-002
   6.3999999999999080        5.8349519593545632E-002
   6.4099999999999078        5.8449941359707290E-002
   6.4199999999999076        5.8550359675930391E-002
   6.4299999999999073        5.8650774544759414E-002
   6.4399999999999071        5.8751185968826294E-002
   6.4499999999999069        5.8851593950846312E-002
   6.4599999999999067        5.8951998493588606E-002
   6.4699999999999065        5.9052399599898178E-002
   6.4799999999999063        5.9152797272693403E-002
   6.4899999999999061        5.9253191514928062E-002
   6.4999999999999059        5.9353582329644092E-002
   6.5099999999999056        5.9453969719907955E-002
   6.5199999999999054        5.9554353688855324E-002
   6.5299999999999052        5.9654734239673685E-002
   6.5399999999999050        5.9755111375586673E-002
   6.5499999999999048        5.9855485099862465E-002
   6.5599999999999046        5.9955855415811464E-002
   6.5699999999999044        6.0056222326772948E-002
   6.5799999999999041        6.0156585836132939E-002
   6.5899999999999039        6.0256945947304505E-002
   6.5999999999999037        6.0357302663725548E-002
   6.6099999999999035        6.0457655988855961E-002
   6.6199999999999033        6.0558005926189477E-002
   6.6299999999999031        6.0658352479238765E-002
   6.6399999999999029        6.0758695651523219E-002
   6.6499999999999027        6.0859035446601498E-002
   6.6599999999999024        6.0959371868020827E-002
   6.6699999999999022        6.1059704919355660E-002
   6.6799999999999020        6.1160034604179660E-002
   6.6899999999999018        6.1260360926082155E-002
   6.6999999999999016        6.1360683888650389E-002
   6.7099999999999014        6.1461003495478443E-002
   6.7199999999999012        6.1561319750158411E-002
   6.7299999999999010        6.1661632656277769E-002
   6.7399999999999007        6.1761942217427687E-002
   6.7499999999999005        6.1862248437178066E-002
   6.7599999999999003        6.1962551319113095E-002
   6.7699999999999001        6.2062850866798421E-002
   6.7799999999998999        6.2163147083777133E-002
   6.7899999999998997        6.2263439973593120E-002
   6.7999999999998995        6.2363729539778909E-002
   6.8099999999998992        6.2464015785845858E-002
   6.8199999999998990        6.2564298715263103E-002
   6.8299999999998988        6.2664578331521004E-002
   6.8399999999998986        6.2764854638070994E-002
   6.8499999999998984        6.2865127638344842E-002
   6.8599999999998982        6.2965397335735668E-002
   6.8699999999998980        6.3065663733636187E-002
   6.8799999999998978        6.3165926835397165E-002
   6.8899999999998975        6.3266186644346106E-002
   6.8999999999998973        6.3366443163778777E-002
   6.9099999999998971        6.3466696396969571E-002
   6.9199999999998969        6.3566946347144951E-002
   6.9299999999998967        6.3667193017528032E-002
   6.9399999999998965        6.3767436411276912E-002
   6.9499999999998963        6.3867676531536272E-002
   6.9599999999998960        6.3967913381412875E-002
   6.9699999999998958        6.4068146963968869E-002
   6.9799999999998956        6.4168377282249847E-002
   6.9899999999998954        6.4268604339227320E-002
   6.9999999999998952        6.4368828137887676E-002
   7.0099999999998950        6.4469048681114416E-002
   7.0199999999998948        6.4569265971799489E-002
   7.0299999999998946        6.4669480012798070E-002
   7.0399999999998943        6.4769690806875405E-002
   7.0499999999998941        6.4869898356811631E-002
   7.0599999999998939        6.4970102665313362E-002
   7.0699999999998937        6.5070303735034724E-002
   7.0799999999998935        6.5170501568635103E-002
   7.0899999999998933        6.5270696168678019E-002
   7.0999999999998931        6.5370887537684608E-002
   7.1099999999998929        6.5471075678194157E-002
   7.1199999999998926        6.5571260592625316E-002
   7.1299999999998924        6.5671442283384174E-002
   7.1399999999998922        6.5771620752848814E-002
   7.1499999999998920        6.5871796003327696E-002
   7.1599999999998918        6.5971968037086631E-002
   7.1699999999998916        6.6072136856355559E-002
   7.1799999999998914        6.6172302463308463E-002
   7.1899999999998911        6.6272464860079469E-002
   7.1999999999998909        6.6372624048733883E-002
   7.2099999999998907        6.6472780031335096E-002
   7.2199999999998905        6.6572932809857432E-002
   7.2299999999998903        6.6673082386260241E-002
   7.2399999999998901        6.6773228762430692E-002
   7.2499999999998899        6.6873371940222526E-002
   7.2599999999998897        6.6973511921431556E-002
   7.2699999999998894        6.7073648707830655E-002
   7.2799999999998892        6.7173782301126722E-002
   7.2899999999998890        6.7273912702966926E-002
   7.2999999999998888        6.7374039914982156E-002
   7.3099999999998886        6.7474163938733026E-002
   7.3199999999998884        6.7574284775749380E-002
   7.3299999999998882        6.7674402427513172E-002
   7.3399999999998879        6.7774516895442768E-002
   7.3499999999998877        6.7874628180930097E-002
   7.3599999999998875        6.7974736285308660E-002
   7.3699999999998873        6.8074841209883816E-002
   7.3799999999998871        6.8174942955887843E-002
   7.3899999999998869        6.8275041524524974E-002
   7.3999999999998867        6.8375136916943732E-002
   7.4099999999998865        6.8475229134262669E-002
   7.4199999999998862        6.8575318177568997E-002
   7.4299999999998860        6.8675404047848262E-002
   7.4399999999998858        6.8775486746085468E-002
   7.4499999999998856        6.8875566273224081E-002
   7.4599999999998854        6.8975642630138820E-002
   7.4699999999998852        6.9075715817696948E-002
   7.4799999999998850        6.9175785836688153E-002
   7.4899999999998847        6.9275852687861933E-002
   7.4999999999998845        6.9375916371950674E-002
   7.5099999999998843        6.9475976889599070E-002
   7.5199999999998841        6.9576034241476778E-002
   7.5299999999998839        6.9676088428130764E-002
   7.5399999999998837        6.9776139450149918E-002
   7.5499999999998835        6.9876187308016327E-002
   7.5599999999998833        6.9976232002198172E-002
   7.5699999999998830        7.0076273533129854E-002
   7.5799999999998828        7.0176311901176222E-002
   7.5899999999998826        7.0276347106708908E-002
   7.5999999999998824        7.0376379150021789E-002
   7.6099999999998822        7.0476408031365775E-002
   7.6199999999998820        7.0576433750981230E-002
   7.6299999999998818        7.0676456309073002E-002
   7.6399999999998816        7.0776475705763106E-002
   7.6499999999998813        7.0876491941189099E-002
   7.6599999999998811        7.0976505015410474E-002
   7.6699999999998809        7.1076514928467269E-002
   7.6799999999998807        7.1176521680372112E-002
   7.6899999999998805        7.1276525271082122E-002
   7.6999999999998803        7.1376525700533988E-002
   7.7099999999998801        7.1476522968627623E-002
   7.7199999999998798        7.1576517075205001E-002
   7.7299999999998796        7.1676508020123042E-002
   7.7399999999998794        7.1776495803132251E-002
   7.7499999999998792        7.1876480424041378E-002
   7.7599999999998790        7.1976461882533996E-002
   7.7699999999998788        7.2076440178308679E-002
   7.7799999999998786        7.2176415311038397E-002
   7.7899999999998784        7.2276387280354210E-002
   7.7999999999998781        7.2376356085832094E-002
   7.8099999999998779        7.2476321727070470E-002
   7.8199999999998777        7.2576284203551888E-002
   7.8299999999998775        7.2676243514848096E-002
   7.8399999999998773        7.2776199660390548E-002
   7.8499999999998771        7.2876152639603994E-002
   7.8599999999998769        7.2976102451954017E-002
   7.8699999999998766        7.3076049096821222E-002
   7.8799999999998764        7.3175992573560056E-002
   7.8899999999998762        7.3275932881489259E-002
   7.8999999999998760        7.3375870019923836E-002
   7.9099999999998758        7.3475803988145016E-002
   7.9199999999998756        7.3575734785402969E-002
   7.9299999999998754        7.3675662410943116E-002
   7.9399999999998752        7.3775586863969303E-002
   7.9499999999998749        7.3875508143618221E-002
   7.9599999999998747        7.3975426249114004E-002
   7.9699999999998745        7.4075341179550391E-002
   7.9799999999998743        7.4175252934030503E-002
   7.9899999999998741        7.4275161511675972E-002
   7.9999999999998739        7.4375066911523471E-002
   8.0099999999998737        7.4474969132618488E-002
   8.0199999999998735        7.4574868174015860E-002
   8.0299999999998732        7.4674764034679125E-002
   8.0399999999998730        7.4774656713639309E-002
   8.0499999999998728        7.4874546209819801E-002
   8.0599999999998726        7.4974432522182999E-002
   8.0699999999998724        7.5074315649678092E-002
   8.0799999999998722        7.5174195591208498E-002
   8.0899999999998720        7.5274072345657222E-002
   8.0999999999998717        7.5373945911912626E-002
   8.1099999999998715        7.5473816288856493E-002
   8.1199999999998713        7.5573683475309641E-002
   8.1299999999998711        7.5673547470122213E-002
   8.1399999999998709        7.5773408272140491E-002
   8.1499999999998707        7.5873265880153709E-002
   8.1599999999998705        7.5973120292984878E-002
   8.1699999999998703        7.6072971509388188E-002
   8.1799999999998700        7.6172819528137425E-002
   8.1899999999998698        7.6272664348020811E-002
   8.1999999999998696        7.6372505967799958E-002
   8.2099999999998694        7.6472344386198890E-002
   8.2199999999998692        7.6572179601969964E-002
   8.2299999999998690        7.6672011613870508E-002
   8.2399999999998688        7.6771840420561344E-002
   8.2499999999998685        7.6871666020834159E-002
   8.2599999999998683        7.6971488413366179E-002
   8.2699999999998681        7.7071307596851976E-002
   8.2799999999998679        7.7171123570022440E-002
   8.2899999999998677        7.7270936331592627E-002
   8.2999999999998675        7.7370745880221317E-002
   8.3099999999998673        7.7470552214647312E-002
   8.3199999999998671        7.7570355333527158E-002
   8.3299999999998668        7.7670155235596880E-002
   8.3399999999998666        7.7769951919509736E-002
   8.3499999999998664        7.7869745384011452E-002
   8.3599999999998662        7.7969535627768191E-002
   8.3699999999998660        7.8069322649475845E-002
   8.3799999999998658        7.8169106447863346E-002
   8.3899999999998656        7.8268887021616315E-002
   8.3999999999998654        7.8368664369473526E-002
   8.4099999999998651        7.8468438490151560E-002
   8.4199999999998649        7.8568209382356619E-002
   8.4299999999998647        7.8667977044819093E-002
   8.4399999999998645        7.8767741476304012E-002
   8.4499999999998643        7.8867502675560155E-002
   8.4599999999998641        7.8967260641345738E-002
   8.4699999999998639        7.9067015372389221E-002
   8.4799999999998636        7.9166766867506136E-002
   8.4899999999998634        7.9266515125487019E-002
   8.4999999999998632        7.9366260145121340E-002
   8.5099999999998630        7.9466001925261598E-002
   8.5199999999998628        7.9565740464671728E-002
   8.5299999999998626        7.9665475762253316E-002
   8.5399999999998624        7.9765207816833508E-002
   8.5499999999998622        7.9864936627312672E-002
   8.5599999999998619        7.9964662192552091E-002
   8.5699999999998617        8.0064384511502898E-002
   8.5799999999998615        8.0164103583047541E-002
   8.5899999999998613        8.0263819406173734E-002
   8.5999999999998611        8.0363531979820407E-002
   8.6099999999998609        8.0463241303005806E-002
   8.6199999999998607        8.0562947374688623E-002
   8.6299999999998604        8.0662650193953869E-002
   8.6399999999998602        8.0762349759809463E-002
   8.6499999999998600        8.0862046071359550E-002
   8.6599999999998598        8.0961739127676235E-002
   8.6699999999998596        8.1061428927933180E-002
   8.6799999999998594        8.1161115471221568E-002
   8.6899999999998592        8.1260798756738140E-002
   8.6999999999998590        8.1360478783694123E-002
   8.7099999999998587        8.1460155551291921E-002
   8.7199999999998585        8.1559829058828179E-002
   8.7299999999998583        8.1659499305546321E-002
   8.7399999999998581        8.1759166290759924E-002
   8.7499999999998579        8.1858830013847778E-002
   8.7599999999998577        8.1958490474124554E-002
   8.7699999999998575        8.2058147671061149E-002
   8.7799999999998573        8.2157801604037087E-002
   8.7899999999998570        8.2257452272516490E-002
   8.7999999999998568        8.2357099676013595E-002
   8.8099999999998566        8.2456743814085701E-002
   8.8199999999998564        8.2556384686234927E-002
   8.8299999999998562        8.2656022292101339E-002
   8.8399999999998560        8.2755656631312388E-002
   8.8499999999998558        8.2855287703480024E-002
   8.8599999999998555        8.2954915508363689E-002
   8.8699999999998553        8.3054540045640377E-002
   8.8799999999998551        8.3154161315158251E-002
   8.8899999999998549        8.3253779316636037E-002
   8.8999999999998547        8.3353394049961588E-002
   8.9099999999998545        8.3453005514994835E-002
   8.9199999999998543        8.3552613711663656E-002
   8.9299999999998541        8.3652218639927875E-002
   8.9399999999998538        8.3751820299746774E-002
   8.9499999999998536        8.3851418691172658E-002
   8.9599999999998534        8.3951013814245384E-002
   8.9699999999998532        8.4050605669086065E-002
   8.9799999999998530        8.4150194255810384E-002
   8.9899999999998528        8.4249779574646105E-002
   8.9999999999998526        8.4349361625748590E-002
   9.0099999999998523        8.4448940409405510E-002
   9.0199999999998521        8.4548515925939136E-002
   9.0299999999998519        8.4648088175630770E-002
   9.0399999999998517        8.4747657158903908E-002
   9.0499999999998515        8.4847222876109407E-002
   9.0599999999998513        8.4946785327759330E-002
   9.0699999999998511        8.5046344514297031E-002
   9.0799999999998509        8.5145900436284824E-002
   9.0899999999998506        8.5245453094255574E-002
   9.0999999999998504        8.5345002488857569E-002
   9.1099999999998502        8.5444548620728089E-002
   9.1199999999998500        8.5544091490510857E-002
   9.1299999999998498        8.5643631098971801E-002
   9.1399999999998496        8.5743167446847540E-002
   9.1499999999998494        8.5842700534943348E-002
   9.1599999999998492        8.5942230364113026E-002
   9.1699999999998489        8.6041756935226782E-002
   9.1799999999998487        8.6141280249174945E-002
   9.1899999999998485        8.6240800306936913E-002
   9.1999999999998483        8.6340317109477038E-002
   9.2099999999998481        8.6439830657845731E-002
   9.2199999999998479        8.6539340953063121E-002
   9.2299999999998477        8.6638847996252030E-002
   9.2399999999998474        8.6738351788584273E-002
   9.2499999999998472        8.6837852331178259E-002
   9.2599999999998470        8.6937349625213281E-002
   9.2699999999998468        8.7036843671996711E-002
   9.2799999999998466        8.7136334472763227E-002
   9.2899999999998464        8.7235822028809626E-002
   9.2999999999998462        8.7335306341504659E-002
   9.3099999999998460        8.7434787412221465E-002
   9.3199999999998457        8.7534265242310283E-002
   9.3299999999998455        8.7633739833277477E-002
   9.3399999999998453        8.7733211186550572E-002
   9.3499999999998451        8.7832679303624650E-002
   9.3599999999998449        8.7932144186078157E-002
   9.3699999999998447        8.8031605835390311E-002
   9.3799999999998445        8.8131064253196098E-002
   9.3899999999998442        8.8230519441121438E-002
   9.3999999999998440        8.8329971400774615E-002
   9.4099999999998438        8.8429420133883649E-002
   9.4199999999998436        8.8528865642034535E-002
   9.4299999999998434        8.8628307927074435E-002
   9.4399999999998432        8.8727746990683809E-002
   9.4499999999998430        8.8827182834636753E-002
   9.4599999999998428        8.8926615460761083E-002
   9.4699999999998425        8.9026044870848656E-002
   9.4799999999998423        8.9125471066717948E-002
   9.4899999999998421        8.9224894050250275E-002
   9.4999999999998419        8.9324313823353749E-002
   9.5099999999998417        8.9423730387931152E-002
   9.5199999999998415        8.9523143745834449E-002
   9.5299999999998413        8.9622553899066412E-002
   9.5399999999998411        8.9721960849604113E-002
   9.5499999999998408        8.9821364599379755E-002
   9.5599999999998406        8.9920765150353188E-002
   9.5699999999998404        9.0020162504613324E-002
   9.5799999999998402        9.0119556664122094E-002
   9.5899999999998400        9.0218947630948468E-002
   9.5999999999998398        9.0318335407095732E-002
   9.6099999999998396        9.0417719994655518E-002
   9.6199999999998393        9.0517101395680519E-002
   9.6299999999998391        9.0616479612269513E-002
   9.6399999999998389        9.0715854646527955E-002
   9.6499999999998387        9.0815226500491855E-002
   9.6599999999998385        9.0914595176364160E-002
   9.6699999999998383        9.1013960676170555E-002
   9.6799999999998381        9.1113323002054505E-002
   9.6899999999998379        9.1212682156137412E-002
   9.6999999999998376        9.1312038140646062E-002
   9.7099999999998374        9.1411390957580246E-002
   9.7199999999998372        9.1510740609156455E-002
   9.7299999999998370        9.1610087097488913E-002
   9.7399999999998368        9.1709430424725791E-002
   9.7499999999998366        9.1808770593040587E-002
   9.7599999999998364        9.1908107604541101E-002
   9.7699999999998361        9.2007441461385758E-002
   9.7799999999998359        9.2106772165701817E-002
   9.7899999999998357        9.2206099719645079E-002
   9.7999999999998355        9.2305424125378968E-002
   9.8099999999998353        9.2404745384990286E-002
   9.8199999999998351        9.2504063500619294E-002
   9.8299999999998349        9.2603378474411857E-002
   9.8399999999998347        9.2702690308471392E-002
   9.8499999999998344        9.2801999004941030E-002
   9.8599999999998342        9.2901304565882276E-002
   9.8699999999998340        9.3000606993420262E-002
   9.8799999999998338        9.3099906289660167E-002
   9.8899999999998336        9.3199202456632060E-002
   9.8999999999998334        9.3298495496475217E-002
   9.9099999999998332        9.3397785411188580E-002
   9.9199999999998330        9.3497072202866766E-002
   9.9299999999998327        9.3596355873547643E-002
   9.9399999999998325        9.3695636425233875E-002
   9.9499999999998323        9.3794913859962858E-002
   9.9599999999998321        9.3894188179756782E-002
   9.9699999999998319        9.3993459386557010E-002
   9.9799999999998317        9.4092727482411695E-002
   9.9899999999998315        9.4191992469216099E-002
   9.9999999999998312        9.4291254348968484E-002
