   0.0000000000000000       -0.0000000000000000     
   1.0000000000000000E-002   1.7403058888460825E-005
   2.0000000000000000E-002   6.9604192407008654E-005
   2.9999999999999999E-002   1.5659155747588837E-004
   4.0000000000000001E-002   2.7835360492209338E-004
   5.0000000000000003E-002   4.3487907666796787E-004
   6.0000000000000005E-002   6.2615700370856884E-004
   7.0000000000000007E-002   8.5217670280037243E-004
   8.0000000000000002E-002   1.1129277734212354E-003
   8.9999999999999997E-002   1.4084000939704601E-003
   9.9999999999999992E-002   1.7385838178440101E-003
  0.10999999999999999        2.1034693695355963E-003
  0.11999999999999998        2.5030474399214573E-003
  0.12999999999999998        2.9373089813710166E-003
  0.13999999999999999        3.4062452023978927E-003
  0.14999999999999999        3.9098475623058210E-003
  0.16000000000000000        4.4481077655248811E-003
  0.17000000000000001        5.0210177552355087E-003
  0.18000000000000002        5.6285697067500230E-003
  0.19000000000000003        6.2707560205507076E-003
  0.20000000000000004        6.9475693155425945E-003
  0.21000000000000005        7.6590024209403449E-003
  0.22000000000000006        8.4050483688634624E-003
  0.23000000000000007        9.1857003853087447E-003
  0.24000000000000007        1.0000951882257110E-002
  0.25000000000000006        1.0850796448222800E-002
  0.26000000000000006        1.1735227838740973E-002
  0.27000000000000007        1.2654239967068340E-002
  0.28000000000000008        1.3607826893469135E-002
  0.29000000000000009        1.4595982814793606E-002
  0.30000000000000010        1.5618702053443701E-002
  0.31000000000000011        1.6675979046201501E-002
  0.32000000000000012        1.7767808331967058E-002
  0.33000000000000013        1.8894184539799776E-002
  0.34000000000000014        2.0055102376336488E-002
  0.35000000000000014        2.1250556612004270E-002
  0.36000000000000015        2.2480542068237165E-002
  0.37000000000000016        2.3745053602698400E-002
  0.38000000000000017        2.5044086095128173E-002
  0.39000000000000018        2.6377634432435276E-002
  0.40000000000000019        2.7745693492461521E-002
  0.41000000000000020        2.9148258128714518E-002
  0.42000000000000021        3.0585323153442558E-002
  0.43000000000000022        3.2056883320457086E-002
  0.44000000000000022        3.3562933307878198E-002
  0.45000000000000023        3.5103467699300006E-002
  0.46000000000000024        3.6678480965685684E-002
  0.47000000000000025        3.8287967445654873E-002
  0.48000000000000026        3.9931921325551463E-002
  0.49000000000000027        4.1610336619291630E-002
  0.50000000000000022        4.3323207146419157E-002
  0.51000000000000023        4.5070526510989271E-002
  0.52000000000000024        4.6852288078771898E-002
  0.53000000000000025        4.8668484954360151E-002
  0.54000000000000026        5.0519109956689144E-002
  0.55000000000000027        5.2404155595783229E-002
  0.56000000000000028        5.4323614045788740E-002
  0.57000000000000028        5.6277477120571788E-002
  0.58000000000000029        5.8265736246216247E-002
  0.59000000000000030        6.0288382433076222E-002
  0.60000000000000031        6.2345406248649704E-002
  0.61000000000000032        6.4436797787105399E-002
  0.62000000000000033        6.6562546640425754E-002
  0.63000000000000034        6.8722641866916345E-002
  0.64000000000000035        7.0917071959645722E-002
  0.65000000000000036        7.3145824813955776E-002
  0.66000000000000036        7.5408887693952320E-002
  0.67000000000000037        7.7706247197853462E-002
  0.68000000000000038        8.0037889222604644E-002
  0.69000000000000039        8.2403798927463523E-002
  0.70000000000000040        8.4803960697009267E-002
  0.71000000000000041        8.7238358101447033E-002
  0.72000000000000042        8.9706973858658001E-002
  0.73000000000000043        9.2209789792010277E-002
  0.74000000000000044        9.4746786789694101E-002
  0.75000000000000044        9.7317944761367001E-002
  0.76000000000000045        9.9923242594033124E-002
  0.77000000000000046       0.10256265810678888     
  0.78000000000000047       0.10523616800425287     
  0.79000000000000048       0.10794374782866424     
  0.80000000000000049       0.11068537191119499     
  0.81000000000000050       0.11346101332118885     
  0.82000000000000051       0.11627064381433455     
  0.83000000000000052       0.11911423377932484     
  0.84000000000000052       0.12199175218404285     
  0.85000000000000053       0.12490316651845056     
  0.86000000000000054       0.12784844273789303     
  0.87000000000000055       0.13082754520357759     
  0.88000000000000056       0.13384043662210926     
  0.89000000000000057       0.13688707798283040     
  0.90000000000000058       0.13996742849481977     
  0.91000000000000059       0.14308144552051250     
  0.92000000000000060       0.14622908450908090     
  0.93000000000000060       0.14941029892672880     
  0.94000000000000061       0.15262504018648629     
  0.95000000000000062       0.15587325757575735     
  0.96000000000000063       0.15915489818103418     
  0.97000000000000064       0.16246990681240500     
  0.98000000000000065       0.16581822592468809     
  0.99000000000000066       0.16919979553756576     
   1.0000000000000007       0.17261455315280788     
   1.0100000000000007       0.17606243367029828     
   1.0200000000000007       0.17954336930133394     
   1.0300000000000007       0.18305728948014169     
   1.0400000000000007       0.18660412077261831     
   1.0500000000000007       0.19018378678430300     
   1.0600000000000007       0.19379620806383360     
   1.0700000000000007       0.19744130200602208     
   1.0800000000000007       0.20111898275211157     
   1.0900000000000007       0.20482916108662871     
   1.1000000000000008       0.20857174433316472     
   1.1100000000000008       0.21234663624693409     
   1.1200000000000008       0.21615373690518844     
   1.1300000000000008       0.21999294259442867     
   1.1400000000000008       0.22386414569584079     
   1.1500000000000008       0.22776723456753697     
   1.1600000000000008       0.23170209342456607     
   1.1700000000000008       0.23566860221574931     
   1.1800000000000008       0.23966663649826686     
   1.1900000000000008       0.24369606730876464     
   1.2000000000000008       0.24775676103307226     
   1.2100000000000009       0.25184857927095994     
   1.2200000000000009       0.25597137870016801     
   1.2300000000000009       0.26012501093619828     
   1.2400000000000009       0.26430932238983484     
   1.2500000000000009       0.26852415412132818     
   1.2600000000000009       0.27276934169237665     
   1.2700000000000009       0.27704471501355465     
   1.2800000000000009       0.28135009819144019     
   1.2900000000000009       0.28568530936968073     
   1.3000000000000009       0.29005016056958366     
   1.3100000000000009       0.29444445752595200     
   1.3200000000000010       0.29886799952188686     
   1.3300000000000010       0.30332057921833094     
   1.3400000000000010       0.30780198248218427     
   1.3500000000000010       0.31231198821143374     
   1.3600000000000010       0.31685036815690282     
   1.3700000000000010       0.32141688674110319     
   1.3800000000000010       0.32601130087469238     
   1.3900000000000010       0.33063335977000252     
   1.4000000000000010       0.33528280475137812     
   1.4100000000000010       0.33995936906373070     
   1.4200000000000010       0.34466277767763881     
   1.4300000000000010       0.34939274709230439     
   1.4400000000000011       0.35414898513641335     
   1.4500000000000011       0.35893119076593627     
   1.4600000000000011       0.36373905386022481     
   1.4700000000000011       0.36857225501598878     
   1.4800000000000011       0.37343046533921553     
   1.4900000000000011       0.37831334623485197     
   1.5000000000000011       0.38322054919583004     
   1.5100000000000011       0.38815171558963990     
   1.5200000000000011       0.39310647644395047     
   1.5300000000000011       0.39808445223116273     
   1.5400000000000011       0.40308525265235079     
   1.5500000000000012       0.40810847641942333     
   1.5600000000000012       0.41315371103898485     
   1.5700000000000012       0.41822053259322051     
   1.5800000000000012       0.42330850552384763     
   1.5900000000000012       0.42841718241425969     
   1.6000000000000012       0.43354610377365138     
   1.6100000000000012       0.43869479782202259     
   1.6200000000000012       0.44386278027637344     
   1.6300000000000012       0.44904955413912978     
   1.6400000000000012       0.45425460948857060     
   1.6500000000000012       0.45947742327226720     
   1.6600000000000013       0.46471745910383450     
   1.6700000000000013       0.46997416706209311     
   1.6800000000000013       0.47524698349651473     
   1.6900000000000013       0.48053533083544386     
   1.7000000000000013       0.48583861740055573     
   1.7100000000000013       0.49115623722721180     
   1.7200000000000013       0.49648756989059845     
   1.7300000000000013       0.50183198033949172     
   1.7400000000000013       0.50718881873775135     
   1.7500000000000013       0.51255742031403395     
   1.7600000000000013       0.51793710522088443     
   1.7700000000000014       0.52332717840353338     
   1.7800000000000014       0.52872692947954836     
   1.7900000000000014       0.53413563262979147     
   1.8000000000000014       0.53955254650226747     
   1.8100000000000014       0.54497691412807281     
   1.8200000000000014       0.55040796285239812     
   1.8300000000000014       0.55584490427993982     
   1.8400000000000014       0.56128693423618914     
   1.8500000000000014       0.56673323274614040     
   1.8600000000000014       0.57218296402960156     
   1.8700000000000014       0.57763527651639734     
   1.8800000000000014       0.58308930288063832     
   1.8900000000000015       0.58854416009633415     
   1.9000000000000015       0.59399894951403720     
   1.9100000000000015       0.59945275696101286     
   1.9200000000000015       0.60490465286484985     
   1.9300000000000015       0.61035369240235060     
   1.9400000000000015       0.61579891567392275     
   1.9500000000000015       0.62123934790521929     
   1.9600000000000015       0.62667399967721260     
   1.9700000000000015       0.63210186718419503     
   1.9800000000000015       0.63752193252303935     
   1.9900000000000015       0.64293316401279721     
   2.0000000000000013       0.64833451654646190     
   2.0100000000000011       0.65372493197559856     
   2.0200000000000009       0.65910333952859879     
   2.0300000000000007       0.66446865626413110     
   2.0400000000000005       0.66981978755903315     
   2.0500000000000003       0.67515562763352954     
   2.0600000000000001       0.68047506011200198     
   2.0699999999999998       0.68577695862221311     
   2.0799999999999996       0.69106018743192321     
   2.0899999999999994       0.69632360212388977     
   2.0999999999999992       0.70156605030982699     
   2.1099999999999990       0.70678637238325626     
   2.1199999999999988       0.71198340231121615     
   2.1299999999999986       0.71715596846554330     
   2.1399999999999983       0.72230289449286644     
   2.1499999999999981       0.72742300022375894     
   2.1599999999999979       0.73251510262020836     
   2.1699999999999977       0.73757801676123846     
   2.1799999999999975       0.74261055686576993     
   2.1899999999999973       0.74761153735263564     
   2.1999999999999971       0.75257977393550723     
   2.2099999999999969       0.75751408475319293     
   2.2199999999999966       0.76241329153313708     
   2.2299999999999964       0.76727622078653590     
   2.2399999999999962       0.77210170503431030     
   2.2499999999999960       0.77688858406154970     
   2.2599999999999958       0.78163570619846490     
   2.2699999999999956       0.78634192962642868     
   2.2799999999999954       0.79100612370579426     
   2.2899999999999952       0.79562717032407493     
   2.2999999999999949       0.80020396526141790     
   2.3099999999999947       0.80473541957012951     
   2.3199999999999945       0.80922046096671640     
   2.3299999999999943       0.81365803523166147     
   2.3399999999999941       0.81804710761523458     
   2.3499999999999939       0.82238666424490114     
   2.3599999999999937       0.82667571353163793     
   2.3699999999999934       0.83091328757122185     
   2.3799999999999932       0.83509844353686469     
   2.3899999999999930       0.83923026505946718     
   2.3999999999999928       0.84330786359187071     
   2.4099999999999926       0.84733037975294001     
   2.4199999999999924       0.85129698464789405     
   2.4299999999999922       0.85520688116067722     
   2.4399999999999920       0.85905930521465035     
   2.4499999999999917       0.86285352699784967     
   2.4599999999999915       0.86658885214829451     
   2.4699999999999913       0.87026462289667028     
   2.4799999999999911       0.87388021916145642     
   2.4899999999999909       0.87743505959407264     
   2.4999999999999907       0.88092860256893835     
   2.5099999999999905       0.88436034711725597     
   2.5199999999999902       0.88772983379926984     
   2.5299999999999900       0.89103664551296846     
   2.5399999999999898       0.89428040823663546     
   2.5499999999999896       0.89746079170160398     
   2.5599999999999894       0.90057750999392983     
   2.5699999999999892       0.90363032208172056     
   2.5799999999999890       0.90661903226764151     
   2.5899999999999888       0.90954349056307870     
   2.5999999999999885       0.91240359298437523     
   2.6099999999999883       0.91519928176877408     
   2.6199999999999881       0.91793054550943209     
   2.6299999999999879       0.92059741921064642     
   2.6399999999999877       0.92319998426017591     
   2.6499999999999875       0.92573836832083867     
   2.6599999999999873       0.92821274514153307     
   2.6699999999999871       0.93062333428778521     
   2.6799999999999868       0.93297040079273030     
   2.6899999999999866       0.93525425473133550     
   2.6999999999999864       0.93747525071603643     
   2.7099999999999862       0.93963378731986003     
   2.7199999999999860       0.94173030642625943     
   2.7299999999999858       0.94376529250753560     
   2.7399999999999856       0.94573927183756079     
   2.7499999999999853       0.94765281163808168     
   2.7599999999999851       0.94950651916349560     
   2.7699999999999849       0.95130104072598554     
   2.7799999999999847       0.95303706066670635     
   2.7899999999999845       0.95471530027350804     
   2.7999999999999843       0.95633651665007735     
   2.8099999999999841       0.95790150154083897     
   2.8199999999999839       0.95941108011415432     
   2.8299999999999836       0.96086610970843045     
   2.8399999999999834       0.96226747854495953     
   2.8499999999999832       0.96361610441101220     
   2.8599999999999830       0.96491293331713068     
   2.8699999999999828       0.96615893813244302     
   2.8799999999999826       0.96735511720378375     
   2.8899999999999824       0.96850249295793356     
   2.8999999999999821       0.96960211049603873     
   2.9099999999999819       0.97065503618064708     
   2.9199999999999817       0.97166235621840014     
   2.9299999999999815       0.97262517524651249     
   2.9399999999999813       0.97354461491857125     
   2.9499999999999811       0.97442181250181392     
   2.9599999999999809       0.97525791948210061     
   2.9699999999999807       0.97605410018252226     
   2.9799999999999804       0.97681153039818491     
   2.9899999999999802       0.97753139605016015     
   2.9999999999999800       0.97821489185940758     
   3.0099999999999798       0.97886322004574577     
   3.0199999999999796       0.97947758905093196     
   3.0299999999999794       0.98005921229081017     
   3.0399999999999792       0.98060930693566606     
   3.0499999999999790       0.98112909272224291     
   3.0599999999999787       0.98161979079901651     
   3.0699999999999785       0.98208262260437018     
   3.0799999999999783       0.98251880877962638     
   3.0899999999999781       0.98292956811909615     
   3.0999999999999779       0.98331611655714835     
   3.1099999999999777       0.98367966619131297     
   3.1199999999999775       0.98402142434476847     
   3.1299999999999772       0.98434259266707391     
   3.1399999999999770       0.98464436627266416     
   3.1499999999999768       0.98492793291994840     
   3.1599999999999766       0.98519447222678469     
   3.1699999999999764       0.98544515492874685     
   3.1799999999999762       0.98568114216951497     
   3.1899999999999760       0.98590358483706686     
   3.1999999999999758       0.98611362293094840     
   3.2099999999999755       0.98631238497165363     
   3.2199999999999753       0.98650098744343095     
   3.2299999999999751       0.98668053427503033     
   3.2399999999999749       0.98685211635536607     
   3.2499999999999747       0.98701681108330086     
   3.2599999999999745       0.98717568195199124     
   3.2699999999999743       0.98732977816435652     
   3.2799999999999740       0.98748013428398873     
   3.2899999999999738       0.98762776991158385     
   3.2999999999999736       0.98777368939761634     
   3.3099999999999734       0.98791888157941887     
   3.3199999999999732       0.98806431954743457     
   3.3299999999999730       0.98821096044109580     
   3.3399999999999728       0.98835974526435377     
   3.3499999999999726       0.98851159873443872     
   3.3599999999999723       0.98866742914633376     
   3.3699999999999721       0.98882812826615130     
   3.3799999999999719       0.98899457124220569     
   3.3899999999999717       0.98916761653819907     
   3.3999999999999715       0.98934810588726507     
   3.4099999999999713       0.98953686426194909     
   3.4199999999999711       0.98973469986388851     
   3.4299999999999708       0.98994240412930246     
   3.4399999999999706       0.99016075175004736     
   3.4499999999999704       0.99039050070931811     
   3.4599999999999702       0.99063239233256317     
   3.4699999999999700       0.99088715134743388     
   3.4799999999999698       0.99115548596136982     
   3.4899999999999696       0.99143808794488497     
   3.4999999999999694       0.99173563272875342     
   3.5099999999999691       0.99204877950921289     
   3.5199999999999689       0.99237817136180417     
   3.5299999999999687       0.99272443536343868     
   3.5399999999999685       0.99308818272319699     
   3.5499999999999683       0.99347000891698878     
   3.5599999999999681       0.99387049382913772     
   3.5699999999999679       0.99429020190107009     
   3.5799999999999677       0.99472968228215597     
   3.5899999999999674       0.99518946898583449     
   3.5999999999999672       0.99567008104921662     
   3.6099999999999670       0.99617202269499538     
   3.6199999999999668       0.99669578349716514     
   3.6299999999999666       0.99724183854683646     
   3.6399999999999664       0.99781064862134194     
   3.6499999999999662       0.99840266035341674     
   3.6599999999999659       0.99901830640139555     
   3.6699999999999657       0.99965800561950724     
   3.6799999999999655        1.0003221632275898     
   3.6899999999999653        1.0010111709818630     
   3.6999999999999651        1.0017254073437252     
   3.7099999999999649        1.0024652376465819     
   3.7199999999999647        1.0032310142639513     
   3.7299999999999645        1.0040230767734473     
   3.7399999999999642        1.0048417521184485     
   3.7499999999999640        1.0056873547719922     
   3.7599999999999638        1.0065601868917529     
   3.7699999999999636        1.0074605384776700     
   3.7799999999999634        1.0083886875246020     
   3.7899999999999632        1.0093449001715016     
   3.7999999999999630        1.0103294308490089     
   3.8099999999999627        1.0113425224217889     
   3.8199999999999625        1.0123844063304919     
   3.8299999999999623        1.0134553027252067     
   3.8399999999999621        1.0145554206014356     
   3.8499999999999619        1.0156849579256431     
   3.8599999999999617        1.0168441017629393     
   3.8699999999999615        1.0180330283959056     
   3.8799999999999613        1.0192519034431968     
   3.8899999999999610        1.0205008819700816     
   3.8999999999999608        1.0217801085985483     
   3.9099999999999606        1.0230897176110119     
   3.9199999999999604        1.0244298330493946     
   3.9299999999999602        1.0258005688114040     
   3.9399999999999600        1.0272020287402117     
   3.9499999999999598        1.0286343067127697     
   3.9599999999999596        1.0300974867205428     
   3.9699999999999593        1.0315916429463903     
   3.9799999999999591        1.0331168398402379     
   3.9899999999999589        1.0346731321849831     
   3.9999999999999587        1.0362605651614178     
   4.0099999999999589        1.0378791744085980     
   4.0199999999999587        1.0395289860778048     
   4.0299999999999585        1.0412100168838621     
   4.0399999999999583        1.0429222741508359     
   4.0499999999999581        1.0446657558543788     
   4.0599999999999579        1.0464404506586606     
   4.0699999999999577        1.0482463379491307     
   4.0799999999999574        1.0500833878615046     
   4.0899999999999572        1.0519515613070756     
   4.0999999999999570        1.0538508099909805     
   4.1099999999999568        1.0557810764297670     
   4.1199999999999566        1.0577422939619767     
   4.1299999999999564        1.0597343867577593     
   4.1399999999999562        1.0617572698206945     
   4.1499999999999559        1.0638108489890881     
   4.1599999999999557        1.0658950209304991     
   4.1699999999999555        1.0680096731362805     
   4.1799999999999553        1.0701546839074163     
   4.1899999999999551        1.0723299223407381     
   4.1999999999999549        1.0745352483107926     
   4.2099999999999547        1.0767705124462803     
   4.2199999999999545        1.0790355561062341     
   4.2299999999999542        1.0813302113499881     
   4.2399999999999540        1.0836543009062631     
   4.2499999999999538        1.0860076381377504     
   4.2599999999999536        1.0883900270043214     
   4.2699999999999534        1.0908012620214058     
   4.2799999999999532        1.0932411282179890     
   4.2899999999999530        1.0957094010909416     
   4.2999999999999527        1.0982058465562039     
   4.3099999999999525        1.1007302208999479     
   4.3199999999999523        1.1032822707256555     
   4.3299999999999521        1.1058617329009159     
   4.3399999999999519        1.1084683345010236     
   4.3499999999999517        1.1111017927524580     
   4.3599999999999515        1.1137618149743158     
   4.3699999999999513        1.1164480985179928     
   4.3799999999999510        1.1191603307081206     
   4.3899999999999508        1.1218981887803743     
   4.3999999999999506        1.1246613398204230     
   4.4099999999999504        1.1274494407010933     
   4.4199999999999502        1.1302621380219220     
   4.4299999999999500        1.1330990680458264     
   4.4399999999999498        1.1359598566401374     
   4.4499999999999496        1.1388441192138110     
   4.4599999999999493        1.1417514606599632     
   4.4699999999999491        1.1446814752972034     
   4.4799999999999489        1.1476337468130648     
   4.4899999999999487        1.1506078482106057     
   4.4999999999999485        1.1536033417550648     
   4.5099999999999483        1.1566197789253065     
   4.5199999999999481        1.1596567003669938     
   4.5299999999999478        1.1627136358492167     
   4.5399999999999476        1.1657901042255814     
   4.5499999999999474        1.1688856133974230     
   4.5599999999999472        1.1719996602840039     
   4.5699999999999470        1.1751317307960671     
   4.5799999999999468        1.1782812998134580     
   4.5899999999999466        1.1814478311709049     
   4.5999999999999464        1.1846307776490173     
   4.6099999999999461        1.1878295809697814     
   4.6199999999999459        1.1910436718025446     
   4.6299999999999457        1.1942724697735880     
   4.6399999999999455        1.1975153834868433     
   4.6499999999999453        1.2007718105512830     
   4.6599999999999451        1.2040411376162130     
   4.6699999999999449        1.2073227404184559     
   4.6799999999999446        1.2106159838368336     
   4.6899999999999444        1.2139202219579661     
   4.6999999999999442        1.2172347981533553     
   4.7099999999999440        1.2205590451658439     
   4.7199999999999438        1.2238922852102585     
   4.7299999999999436        1.2272338300845655     
   4.7399999999999434        1.2305829812938567     
   4.7499999999999432        1.2339390301887097     
   4.7599999999999429        1.2373012581162250     
   4.7699999999999427        1.2406689365852759     
   4.7799999999999425        1.2440413274471473     
   4.7899999999999423        1.2474176830915260     
   4.7999999999999421        1.2507972466560358     
   4.8099999999999419        1.2541792522550539     
   4.8199999999999417        1.2575629252220804     
   4.8299999999999415        1.2609474823713103     
   4.8399999999999412        1.2643321322745278     
   4.8499999999999410        1.2677160755579424     
   4.8599999999999408        1.2710985052146977     
   4.8699999999999406        1.2744786069376168     
   4.8799999999999404        1.2778555594697760     
   4.8899999999999402        1.2812285349739119     
   4.8999999999999400        1.2845966994218911     
   4.9099999999999397        1.2879592130024009     
   4.9199999999999395        1.2913152305489699     
   4.9299999999999393        1.2946639019873649     
   4.9399999999999391        1.2980043728032826     
   4.9499999999999389        1.3013357845284117     
   4.9599999999999387        1.3046572752480432     
   4.9699999999999385        1.3079679801270072     
   4.9799999999999383        1.3112670319558977     
   4.9899999999999380        1.3145535617161466     
   4.9999999999999378        1.3178266991647856     
   5.0099999999999376        1.3210855734373215     
   5.0199999999999374        1.3243293136705911     
   5.0299999999999372        1.3275570496407514     
   5.0399999999999370        1.3307679124226066     
   5.0499999999999368        1.3339610350625404     
   5.0599999999999365        1.3371355532701057     
   5.0699999999999363        1.3402906061235580     
   5.0799999999999361        1.3434253367922073     
   5.0899999999999359        1.3465388932708566     
   5.0999999999999357        1.3496304291286301     
   5.1099999999999355        1.3526991042691465     
   5.1199999999999353        1.3557440857031546     
   5.1299999999999351        1.3587645483291586     
   5.1399999999999348        1.3617596757245889     
   5.1499999999999346        1.3647286609437568     
   5.1599999999999344        1.3676707073217049     
   5.1699999999999342        1.3705850292834885     
   5.1799999999999340        1.3734708531569899     
   5.1899999999999338        1.3763274179867300     
   5.1999999999999336        1.3791539763488274     
   5.2099999999999334        1.3819497951644635     
   5.2199999999999331        1.3847141565104470     
   5.2299999999999329        1.3874463584250685     
   5.2399999999999327        1.3901457157077342     
   5.2499999999999325        1.3928115607108269     
   5.2599999999999323        1.3954432441215006     
   5.2699999999999321        1.3980401357312326     
   5.2799999999999319        1.4006016251938032     
   5.2899999999999316        1.4031271227659861     
   5.2999999999999314        1.4056160600323615     
   5.3099999999999312        1.4080678906115780     
   5.3199999999999310        1.4104820908410627     
   5.3299999999999308        1.4128581604403563     
   5.3399999999999306        1.4151956231497915     
   5.3499999999999304        1.4174940273443200     
   5.3599999999999302        1.4197529466184726     
   5.3699999999999299        1.4219719803444766     
   5.3799999999999297        1.4241507541977605     
   5.3899999999999295        1.4262889206526637     
   5.3999999999999293        1.4283861594430178     
   5.4099999999999291        1.4304421779896259     
   5.4199999999999289        1.4324567117910783     
   5.4299999999999287        1.4344295247781000     
   5.4399999999999284        1.4363604096300822     
   5.4499999999999282        1.4382491880521682     
   5.4599999999999280        1.4400957110133177     
   5.4699999999999278        1.4418998589446708     
   5.4799999999999276        1.4436615418946681     
   5.4899999999999274        1.4453806996458654     
   5.4999999999999272        1.4470573017875874     
   5.5099999999999270        1.4486913477479311     
   5.5199999999999267        1.4502828667834049     
   5.5299999999999265        1.4518319179264660     
   5.5399999999999263        1.4533385898908142     
   5.5499999999999261        1.4548030009366204     
   5.5599999999999259        1.4562252986923532     
   5.5699999999999257        1.4576056599375187     
   5.5799999999999255        1.4589442903446770     
   5.5899999999999253        1.4602414241827149     
   5.5999999999999250        1.4614973239800504     
   5.6099999999999248        1.4627122801528829     
   5.6199999999999246        1.4638866105947845     
   5.6299999999999244        1.4650206602316123     
   5.6399999999999242        1.4661148005432132     
   5.6499999999999240        1.4671694290508666     
   5.6599999999999238        1.4681849687751181     
   5.6699999999999235        1.4691618676614187     
   5.6799999999999233        1.4701005979810786     
   5.6899999999999231        1.4710016557006875     
   5.6999999999999229        1.4718655598312744     
   5.7099999999999227        1.4726928517515578     
   5.7199999999999225        1.4734840945075951     
   5.7299999999999223        1.4742398720988643     
   5.7399999999999221        1.4749607887393821     
   5.7499999999999218        1.4756474681051885     
   5.7599999999999216        1.4763005525699462     
   5.7699999999999214        1.4769207024226887     
   5.7799999999999212        1.4775085950796067     
   5.7899999999999210        1.4780649242828952     
   5.7999999999999208        1.4785903992945151     
   5.8099999999999206        1.4790857440834333     
   5.8199999999999203        1.4795516965090327     
   5.8299999999999201        1.4799890075027233     
   5.8399999999999199        1.4803984402476624     
   5.8499999999999197        1.4807807693612913     
   5.8599999999999195        1.4811367800784048     
   5.8699999999999193        1.4814672674392637     
   5.8799999999999191        1.4817730354835157     
   5.8899999999999189        1.4820548964496680     
   5.8999999999999186        1.4823136699829909     
   5.9099999999999184        1.4825501823527971     
   5.9199999999999182        1.4827652656811638     
   5.9299999999999180        1.4829597571807085     
   5.9399999999999178        1.4831344984064614     
   5.9499999999999176        1.4832903345234838     
   5.9599999999999174        1.4834281135822716     
   5.9699999999999172        1.4835486858169982     
   5.9799999999999169        1.4836529029558074     
   5.9899999999999167        1.4837416175459859     
   5.9999999999999165        1.4838156823015720     
   6.0099999999999163        1.4838759494629363     
   6.0199999999999161        1.4839232701787815     
   6.0299999999999159        1.4839584939058788     
   6.0399999999999157        1.4839824678246929     
   6.0499999999999154        1.4839960362791280     
   6.0599999999999152        1.4840000402325508     
   6.0699999999999150        1.4839953167439386     
   6.0799999999999148        1.4839826984632782     
   6.0899999999999146        1.4839630131498154     
   6.0999999999999144        1.4839370832048064     
   6.1099999999999142        1.4839057252290941     
   6.1199999999999140        1.4838697495968514     
   6.1299999999999137        1.4838299600505804     
   6.1399999999999135        1.4837871533160845     
   6.1499999999999133        1.4837421187330504     
   6.1599999999999131        1.4836956379089523     
   6.1699999999999129        1.4836484843887729     
   6.1799999999999127        1.4836014233436750     
   6.1899999999999125        1.4835552112783881     
   6.1999999999999122        1.4835105957547468     
   6.2099999999999120        1.4834683151340626     
   6.2199999999999118        1.4834290983334879     
   6.2299999999999116        1.4833936646043129     
   6.2399999999999114        1.4833627233198723     
   6.2499999999999112        1.4833369737814432     
   6.2599999999999110        1.4833171050432259     
   6.2699999999999108        1.4833037957426334     
   6.2799999999999105        1.4832977139558317     
   6.2899999999999103        1.4832995170580645     
   6.2999999999999101        1.4833098516001373     
   6.3099999999999099        1.4833293532007754     
   6.3199999999999097        1.4833586464435784     
   6.3299999999999095        1.4833983447952575     
   6.3399999999999093        1.4834490505264586     
   6.3499999999999091        1.4835113546479126     
   6.3599999999999088        1.4835858368559538     
   6.3699999999999086        1.4836730654867867     
   6.3799999999999084        1.4837735974813058     
   6.3899999999999082        1.4838879783581744     
   6.3999999999999080        1.4840167421937882     
   6.4099999999999078        1.4841604116127940     
   6.4199999999999076        1.4843194977837124     
   6.4299999999999073        1.4844945004240331     
   6.4399999999999071        1.4846859078074557     
   6.4499999999999069        1.4848941967819589     
   6.4599999999999067        1.4851198327915738     
   6.4699999999999065        1.4853632699028614     
   6.4799999999999063        1.4856249508378732     
   6.4899999999999061        1.4859053070095665     
   6.4999999999999059        1.4862047585643323     
   6.5099999999999056        1.4865237144241532     
   6.5199999999999054        1.4868625723378439     
   6.5299999999999052        1.4872217189296912     
   6.5399999999999050        1.4876015297553729     
   6.5499999999999048        1.4880023693574504     
   6.5599999999999046        1.4884245913252550     
   6.5699999999999044        1.4888685383547640     
   6.5799999999999041        1.4893345423119970     
   6.5899999999999039        1.4898229242965775     
   6.5999999999999037        1.4903339947071448     
   6.6099999999999035        1.4908680533062428     
   6.6199999999999033        1.4914253892884066     
   6.6299999999999031        1.4920062813467994     
   6.6399999999999029        1.4926109977398190     
   6.6499999999999027        1.4932397963604600     
   6.6599999999999024        1.4938929248010291     
   6.6699999999999022        1.4945706204220897     
   6.6799999999999020        1.4952731104180963     
   6.6899999999999018        1.4960006118843947     
   6.6999999999999016        1.4967533318780299     
   6.7099999999999014        1.4975314674888942     
   6.7199999999999012        1.4983352058958450     
   6.7299999999999010        1.4991647244317543     
   6.7399999999999007        1.5000201906440822     
   6.7499999999999005        1.5009017623512650     
   6.7599999999999003        1.5018095877026740     
   6.7699999999999001        1.5027438052329363     
   6.7799999999998999        1.5037045439160972     
   6.7899999999998997        1.5046919232168108     
   6.7999999999998995        1.5057060531417037     
   6.8099999999998992        1.5067470342880120     
   6.8199999999998990        1.5078149578864168     
   6.8299999999998988        1.5089099058485540     
   6.8399999999998986        1.5100319508078570     
   6.8499999999998984        1.5111811561573334     
   6.8599999999998982        1.5123575760897134     
   6.8699999999998980        1.5135612556308906     
   6.8799999999998978        1.5147922306727046     
   6.8899999999998975        1.5160505280043606     
   6.8999999999998973        1.5173361653399031     
   6.9099999999998971        1.5186491513437912     
   6.9199999999998969        1.5199894856560627     
   6.9299999999998967        1.5213571589118626     
   6.9399999999998965        1.5227521527608900     
   6.9499999999998963        1.5241744398826111     
   6.9599999999998960        1.5256239840046908     
   6.9699999999998958        1.5271007399093215     
   6.9799999999998956        1.5286046534460380     
   6.9899999999998954        1.5301356615409003     
   6.9999999999998952        1.5316936921984465     
   7.0099999999998950        1.5332786645058776     
   7.0199999999998948        1.5348904886358519     
   7.0299999999998946        1.5365290658445798     
   7.0399999999998943        1.5381942884682824     
   7.0499999999998941        1.5398860399194101     
   7.0599999999998939        1.5416041946796510     
   7.0699999999998937        1.5433486182928358     
   7.0799999999998935        1.5451191673529758     
   7.0899999999998933        1.5469156894951819     
   7.0999999999998931        1.5487380233805874     
   7.1099999999998929        1.5505859986827830     
   7.1199999999998926        1.5524594360731896     
   7.1299999999998924        1.5543581472019428     
   7.1399999999998922        1.5562819346824130     
   7.1499999999998920        1.5582305920717765     
   7.1599999999998918        1.5602039038496740     
   7.1699999999998916        1.5622016454011978     
   7.1799999999998914        1.5642235829928213     
   7.1899999999998911        1.5662694737540859     
   7.1999999999998909        1.5683390656543377     
   7.2099999999998907        1.5704320974815640     
   7.2199999999998905        1.5725482988227790     
   7.2299999999998903        1.5746873900395499     
   7.2399999999998901        1.5768490822516148     
   7.2499999999998899        1.5790330773143804     
   7.2599999999998897        1.5812390677979631     
   7.2699999999998894        1.5834667369744138     
   7.2799999999998892        1.5857157587962405     
   7.2899999999998890        1.5879857978827634     
   7.2999999999998888        1.5902765095061802     
   7.3099999999998886        1.5925875395800682     
   7.3199999999998884        1.5949185246493602     
   7.3299999999998882        1.5972690918818455     
   7.3399999999998879        1.5996388590664978     
   7.3499999999998877        1.6020274346084749     
   7.3599999999998875        1.6044344175321446     
   7.3699999999998873        1.6068593974855769     
   7.3799999999998871        1.6093019547481058     
   7.3899999999998869        1.6117616602433336     
   7.3999999999998867        1.6142380755560686     
   7.4099999999998865        1.6167307529524102     
   7.4199999999998862        1.6192392354062990     
   7.4299999999998860        1.6217630566304617     
   7.4399999999998858        1.6243017411121503     
   7.4499999999998856        1.6268548041560862     
   7.4599999999998854        1.6294217519334904     
   7.4699999999998852        1.6320020815339196     
   7.4799999999998850        1.6345952810296291     
   7.4899999999998847        1.6372008295412299     
   7.4999999999998845        1.6398181973155179     
   7.5099999999998843        1.6424468458073218     
   7.5199999999998841        1.6450862277712117     
   7.5299999999998839        1.6477357873602390     
   7.5399999999998837        1.6503949602353167     
   7.5499999999998835        1.6530631736816668     
   7.5599999999998833        1.6557398467348154     
   7.5699999999998830        1.6584243903174809     
   7.5799999999998828        1.6611162073846553     
   7.5899999999998826        1.6638146930796165     
   7.5999999999998824        1.6665192349010438     
   7.6099999999998822        1.6692292128799198     
   7.6199999999998820        1.6719439997679637     
   7.6299999999998818        1.6746629612376986     
   7.6399999999998816        1.6773854560928252     
   7.6499999999998813        1.6801108364933506     
   7.6599999999998811        1.6828384481885581     
   7.6699999999998809        1.6855676307668623     
   7.6799999999998807        1.6882977179137562     
   7.6899999999998805        1.6910280376863609     
   7.6999999999998803        1.6937579127987366     
   7.7099999999998801        1.6964866609190266     
   7.7199999999998798        1.6992135949841192     
   7.7299999999998796        1.7019380235220316     
   7.7399999999998794        1.7046592509915497     
   7.7499999999998792        1.7073765781337067     
   7.7599999999998790        1.7100893023365327     
   7.7699999999998788        1.7127967180135470     
   7.7799999999998786        1.7154981169955297     
   7.7899999999998784        1.7181927889353232     
   7.7999999999998781        1.7208800217259175     
   7.8099999999998779        1.7235591019303875     
   7.8199999999998777        1.7262293152273689     
   7.8299999999998775        1.7288899468656873     
   7.8399999999998773        1.7315402821339192     
   7.8499999999998771        1.7341796068405613     
   7.8599999999998769        1.7368072078057966     
   7.8699999999998766        1.7394223733656882     
   7.8799999999998764        1.7420243938865834     
   7.8899999999998762        1.7446125622887558     
   7.8999999999998760        1.7471861745818307     
   7.9099999999998758        1.7497445304090875     
   7.9199999999998756        1.7522869335987707     
   7.9299999999998754        1.7548126927258849     
   7.9399999999998752        1.7573211216798608     
   7.9499999999998749        1.7598115402402472     
   7.9599999999998747        1.7622832746557833     
   7.9699999999998745        1.7647356582319687     
   7.9799999999998743        1.7671680319207985     
   7.9899999999998741        1.7695797449137849     
   7.9999999999998739        1.7719701552390623     
   8.0099999999998737        1.7743386303578823     
   8.0199999999998735        1.7766845477639037     
   8.0299999999998732        1.7790072955803575     
   8.0399999999998730        1.7813062731566061     
   8.0499999999998728        1.7835808916617468     
   8.0599999999998726        1.7858305746751955     
   8.0699999999998724        1.7880547587708593     
   8.0799999999998722        1.7902528940977014     
   8.0899999999998720        1.7924244449521425     
   8.0999999999998717        1.7945688903411103     
   8.1099999999998715        1.7966857245391983     
   8.1199999999998713        1.7987744576306257     
   8.1299999999998711        1.8008346160441029     
   8.1399999999998709        1.8028657430716644     
   8.1499999999998707        1.8048673993754691     
   8.1599999999998705        1.8068391634786256     
   8.1699999999998703        1.8087806322400690     
   8.1799999999998700        1.8106914213121252     
   8.1899999999998698        1.8125711655807322     
   8.1999999999998696        1.8144195195836896     
   8.2099999999998694        1.8162361579123756     
   8.2199999999998692        1.8180207755885744     
   8.2299999999998690        1.8197730884213426     
   8.2399999999998688        1.8214928333399119     
   8.2499999999998685        1.8231797687027615     
   8.2599999999998683        1.8248336745819744     
   8.2699999999998681        1.8264543530230957     
   8.2799999999998679        1.8280416282764298     
   8.2899999999998677        1.8295953470051487     
   8.2999999999998675        1.8311153784643099     
   8.3099999999998673        1.8326016146503739     
   8.3199999999998671        1.8340539704280800     
   8.3299999999998668        1.8354723836226818     
   8.3399999999998666        1.8368568150884379     
   8.3499999999998664        1.8382072487452024     
   8.3599999999998662        1.8395236915884354     
   8.3699999999998660        1.8408061736690253     
   8.3799999999998658        1.8420547480441913     
   8.3899999999998656        1.8432694906999894     
   8.3999999999998654        1.8444505004459693     
   8.4099999999998651        1.8455978987803550     
   8.4199999999998649        1.8467118297285285     
   8.4299999999998647        1.8477924596513766     
   8.4399999999998645        1.8488399770321924     
   8.4499999999998643        1.8498545922302629     
   8.4599999999998641        1.8508365372132205     
   8.4699999999998639        1.8517860652624973     
   8.4799999999998636        1.8527034506550517     
   8.4899999999998634        1.8535889883203227     
   8.4999999999998632        1.8544429934758089     
   8.5099999999998630        1.8552658012394270     
   8.5199999999998628        1.8560577662208118     
   8.5299999999998626        1.8568192620942163     
   8.5399999999998624        1.8575506811501488     
   8.5499999999998622        1.8582524338307289     
   8.5599999999998619        1.8589249482466790     
   8.5699999999998617        1.8595686696798410     
   8.5799999999998615        1.8601840600709487     
   8.5899999999998613        1.8607715974914600     
   8.5999999999998611        1.8613317756065002     
   8.6099999999998609        1.8618651031222084     
   8.6199999999998607        1.8623721032297433     
   8.6299999999998604        1.8628533130306268     
   8.6399999999998602        1.8633092829634015     
   8.6499999999998600        1.8637405762191712     
   8.6599999999998598        1.8641477681507572     
   8.6699999999998596        1.8645314456807334     
   8.6799999999998594        1.8648922067028277     
   8.6899999999998592        1.8652306594831700     
   8.6999999999998590        1.8655474220607720     
   8.7099999999998587        1.8658431216453721     
   8.7199999999998585        1.8661183940181347     
   8.7299999999998583        1.8663738829337528     
   8.7399999999998581        1.8666102395248860     
   8.7499999999998579        1.8668281217120382     
   8.7599999999998577        1.8670281936146145     
   8.7699999999998575        1.8672111249711711     
   8.7799999999998573        1.8673775905624310     
   8.7899999999998570        1.8675282696436712     
   8.7999999999998568        1.8676638453842809     
   8.8099999999998566        1.8677850043147677     
   8.8199999999998564        1.8678924357824529     
   8.8299999999998562        1.8679868314184882     
   8.8399999999998560        1.8680688846135416     
   8.8499999999998558        1.8681392900044318     
   8.8599999999998555        1.8681987429710978     
   8.8699999999998553        1.8682479391462061     
   8.8799999999998551        1.8682875739346902     
   8.8899999999998549        1.8683183420488054     
   8.8999999999998547        1.8683409370503430     
   8.9099999999998545        1.8683560509124719     
   8.9199999999998543        1.8683643735872024     
   8.9299999999998541        1.8683665925909207     
   8.9399999999998538        1.8683633925992928     
   8.9499999999998536        1.8683554550607566     
   8.9599999999998534        1.8683434578189937     
   8.9699999999998532        1.8683280747468083     
   8.9799999999998530        1.8683099754041506     
   8.9899999999998528        1.8682898246929174     
   8.9999999999998526        1.8682682825404529     
   9.0099999999998523        1.8682460035888035     
   9.0199999999998521        1.8682236368965695     
   9.0299999999998519        1.8682018256562418     
   9.0399999999998517        1.8681812069247612     
   9.0499999999998515        1.8681624113666946     
   9.0599999999998513        1.8681460630054665     
   9.0699999999998511        1.8681327789937163     
   9.0799999999998509        1.8681231693910711     
   9.0899999999998506        1.8681178369557589     
   9.0999999999998504        1.8681173769482404     
   9.1099999999998502        1.8681223769438031     
   9.1199999999998500        1.8681334166585442     
   9.1299999999998498        1.8681510677844033     
   9.1399999999998496        1.8681758938396127     
   9.1499999999998494        1.8682084500204312     
   9.1599999999998492        1.8682492830713999     
   9.1699999999998489        1.8682989311598708     
   9.1799999999998487        1.8683579237636858     
   9.1899999999998485        1.8684267815629561     
   9.1999999999998483        1.8685060163472729     
   9.2099999999998481        1.8685961309252066     
   9.2199999999998479        1.8686976190435614     
   9.2299999999998477        1.8688109653171894     
   9.2399999999998474        1.8689366451622957     
   9.2499999999998472        1.8690751247392927     
   9.2599999999998470        1.8692268609007499     
   9.2699999999998468        1.8693923011487155     
   9.2799999999998466        1.8695718835945760     
   9.2899999999998464        1.8697660369266065     
   9.2999999999998462        1.8699751803837183     
   9.3099999999998460        1.8701997237343255     
   9.3199999999998457        1.8704400672576258     
   9.3299999999998455        1.8706966017320759     
   9.3399999999998453        1.8709697084303889     
   9.3499999999998451        1.8712597591121543     
   9.3599999999998449        1.8715671160269631     
   9.3699999999998447        1.8718921319184183     
   9.3799999999998445        1.8722351500299170     
   9.3899999999998442        1.8725965041157044     
   9.3999999999998440        1.8729765184560008     
   9.4099999999998438        1.8733755078706538     
   9.4199999999998436        1.8737937777410292     
   9.4299999999998434        1.8742316240265895     
   9.4399999999998432        1.8746893332900185     
   9.4499999999998430        1.8751671827223859     
   9.4599999999998428        1.8756654401690149     
   9.4699999999998425        1.8761843641529623     
   9.4799999999998423        1.8767242039133369     
   9.4899999999998421        1.8772851994243278     
   9.4999999999998419        1.8778675814316794     
   9.5099999999998417        1.8784715714864104     
   9.5199999999998415        1.8790973819699677     
   9.5299999999998413        1.8797452161324277     
   9.5399999999998411        1.8804152681236850     
   9.5499999999998408        1.8811077230261313     
   9.5599999999998406        1.8818227568869166     
   9.5699999999998404        1.8825605367524409     
   9.5799999999998402        1.8833212206999175     
   9.5899999999998400        1.8841049578685496     
   9.5999999999998398        1.8849118884948650     
   9.6099999999998396        1.8857421439422397     
   9.6199999999998393        1.8865958467294384     
   9.6299999999998391        1.8874731105656459     
   9.6399999999998389        1.8883740403763729     
   9.6499999999998387        1.8892987323323822     
   9.6599999999998385        1.8902472738769973     
   9.6699999999998383        1.8912197437574041     
   9.6799999999998381        1.8922162120431092     
   9.6899999999998379        1.8932367401567083     
   9.6999999999998376        1.8942813808949053     
   9.7099999999998374        1.8953501784506277     
   9.7199999999998372        1.8964431684360923     
   9.7299999999998370        1.8975603779009587     
   9.7399999999998368        1.8987018253544796     
   9.7499999999998366        1.8998675207779585     
   9.7599999999998364        1.9010574656492445     
   9.7699999999998361        1.9022716529487496     
   9.7799999999998359        1.9035100671820937     
   9.7899999999998357        1.9047726843868653     
   9.7999999999998355        1.9060594721475044     
   9.8099999999998353        1.9073703896067289     
   9.8199999999998351        1.9087053874688635     
   9.8299999999998349        1.9100644080181128     
   9.8399999999998347        1.9114473851147067     
   9.8499999999998344        1.9128542442095673     
   9.8599999999998342        1.9142849023454693     
   9.8699999999998340        1.9157392681594880     
   9.8799999999998338        1.9172172418906954     
   9.8899999999998336        1.9187187153770735     
   9.8999999999998334        1.9202435720616533     
   9.9099999999998332        1.9217916869908849     
   9.9199999999998330        1.9233629268134163     
   9.9299999999998327        1.9249571497812132     
   9.9399999999998325        1.9265742057487654     
   9.9499999999998323        1.9282139361688140     
   9.9599999999998321        1.9298761740933836     
   9.9699999999998319        1.9315607441697913     
   9.9799999999998317        1.9332674626392403     
   9.9899999999998315        1.9349961373328781     
   9.9999999999998312        1.9367465676695399     
