   0.0000000000000000       -0.0000000000000000     
   1.0000000000000000E-002  -3.5477032359972685E-009
   2.0000000000000000E-002  -1.5270978587194951E-008
   2.9999999999999999E-002  -3.6782921143030934E-008
   4.0000000000000001E-002  -6.9686869178448013E-008
   5.0000000000000003E-002  -1.1557618882402532E-007
   6.0000000000000005E-002  -1.7603400519956315E-007
   7.0000000000000007E-002  -2.5263302434072405E-007
   8.0000000000000002E-002  -3.4693529359677630E-007
   8.9999999999999997E-002  -4.6049196111827384E-007
   9.9999999999999992E-002  -5.9484310060460107E-007
  0.10999999999999999       -7.5151745120996127E-007
  0.11999999999999998       -9.3203222559718273E-007
  0.12999999999999998       -1.1378929230793778E-006
  0.13999999999999999       -1.3705931105467147E-006
  0.14999999999999999       -1.6316142013770981E-006
  0.16000000000000000       -1.9224252876205087E-006
  0.17000000000000001       -2.2444829377502261E-006
  0.18000000000000002       -2.5992309968410688E-006
  0.19000000000000003       -2.9881004171529538E-006
  0.20000000000000004       -3.4125090576143200E-006
  0.21000000000000005       -3.8738615081613140E-006
  0.22000000000000006       -4.3735489213919938E-006
  0.23000000000000007       -4.9129488293319802E-006
  0.24000000000000007       -5.4934249919414927E-006
  0.25000000000000006       -6.1163272018697666E-006
  0.26000000000000006       -6.7829911393820528E-006
  0.27000000000000007       -7.4947382217270178E-006
  0.28000000000000008       -8.2528754427265576E-006
  0.29000000000000009       -9.0586951999243648E-006
  0.30000000000000010       -9.9134751934482110E-006
  0.31000000000000011       -1.0818478224947719E-005
  0.32000000000000012       -1.1774952109103216E-005
  0.33000000000000013       -1.2784129513855173E-005
  0.34000000000000014       -1.3847227807736188E-005
  0.35000000000000014       -1.4965448986247622E-005
  0.36000000000000015       -1.6139979479886646E-005
  0.37000000000000016       -1.7371990096951871E-005
  0.38000000000000017       -1.8662635848667208E-005
  0.39000000000000018       -2.0013055886881480E-005
  0.40000000000000019       -2.1424373347402304E-005
  0.41000000000000020       -2.2897695273933144E-005
  0.42000000000000021       -2.4434112527580712E-005
  0.43000000000000022       -2.6034699640634342E-005
  0.44000000000000022       -2.7700514766271048E-005
  0.45000000000000023       -2.9432599565650680E-005
  0.46000000000000024       -3.1231979140312977E-005
  0.47000000000000025       -3.3099661919507544E-005
  0.48000000000000026       -3.5036639615696753E-005
  0.49000000000000027       -3.7043887118562228E-005
  0.50000000000000022       -3.9122362441198740E-005
  0.51000000000000023       -4.1273006654771355E-005
  0.52000000000000024       -4.3496743814523068E-005
  0.53000000000000025       -4.5794480891343987E-005
  0.54000000000000026       -4.8167107749534760E-005
  0.55000000000000027       -5.0615497048867826E-005
  0.56000000000000028       -5.3140504245688257E-005
  0.57000000000000028       -5.5742967504991693E-005
  0.58000000000000029       -5.8423707676905452E-005
  0.59000000000000030       -6.1183528282730549E-005
  0.60000000000000031       -6.4023215417736322E-005
  0.61000000000000032       -6.6943537798512252E-005
  0.62000000000000033       -6.9945246683111162E-005
  0.63000000000000034       -7.3029075876023924E-005
  0.64000000000000035       -7.6195741688320323E-005
  0.65000000000000036       -7.9445942950205124E-005
  0.66000000000000036       -8.2780360964309851E-005
  0.67000000000000037       -8.6199659544482186E-005
  0.68000000000000038       -8.9704484969334853E-005
  0.69000000000000039       -9.3295465995093743E-005
  0.70000000000000040       -9.6973213878677309E-005
  0.71000000000000041       -1.0073832235394743E-004
  0.72000000000000042       -1.0459136766304134E-004
  0.73000000000000043       -1.0853290857218085E-004
  0.74000000000000044       -1.1256348637484587E-004
  0.75000000000000044       -1.1668362490962139E-004
  0.76000000000000045       -1.2089383060825867E-004
  0.77000000000000046       -1.2519459251755823E-004
  0.78000000000000047       -1.2958638230528796E-004
  0.79000000000000048       -1.3406965432007204E-004
  0.80000000000000049       -1.3864484562288193E-004
  0.81000000000000050       -1.4331237605029633E-004
  0.82000000000000051       -1.4807264819230635E-004
  0.83000000000000052       -1.5292604752799354E-004
  0.84000000000000052       -1.5787294240293304E-004
  0.85000000000000053       -1.6291368414803972E-004
  0.86000000000000054       -1.6804860706989068E-004
  0.87000000000000055       -1.7327802857849291E-004
  0.88000000000000056       -1.7860224918763901E-004
  0.89000000000000057       -1.8402155262961756E-004
  0.90000000000000058       -1.8953620592287860E-004
  0.91000000000000059       -1.9514645940020355E-004
  0.92000000000000060       -2.0085254684279157E-004
  0.93000000000000060       -2.0665468550691695E-004
  0.94000000000000061       -2.1255307625050803E-004
  0.95000000000000062       -2.1854790359469967E-004
  0.96000000000000063       -2.2463933580694050E-004
  0.97000000000000064       -2.3082752500609772E-004
  0.98000000000000065       -2.3711260723894418E-004
  0.99000000000000066       -2.4349470260172978E-004
   1.0000000000000007       -2.4997391530605227E-004
   1.0100000000000007       -2.5655033380224315E-004
   1.0200000000000007       -2.6322403087835315E-004
   1.0300000000000007       -2.6999506376093271E-004
   1.0400000000000007       -2.7686347423292357E-004
   1.0500000000000007       -2.8382928872826009E-004
   1.0600000000000007       -2.9089251847243914E-004
   1.0700000000000007       -2.9805315955873244E-004
   1.0800000000000007       -3.0531119311343063E-004
   1.0900000000000007       -3.1266658538385458E-004
   1.1000000000000008       -3.2011928786500825E-004
   1.1100000000000008       -3.2766923743002106E-004
   1.1200000000000008       -3.3531635646193728E-004
   1.1300000000000008       -3.4306055296643155E-004
   1.1400000000000008       -3.5090172073292905E-004
   1.1500000000000008       -3.5883973942137998E-004
   1.1600000000000008       -3.6687447475847900E-004
   1.1700000000000008       -3.7500577859627879E-004
   1.1800000000000008       -3.8323348913684699E-004
   1.1900000000000008       -3.9155743102309065E-004
   1.2000000000000008       -3.9997741546799473E-004
   1.2100000000000009       -4.0849324043647559E-004
   1.2200000000000009       -4.1710469077952479E-004
   1.2300000000000009       -4.2581153837058391E-004
   1.2400000000000009       -4.3461354226123991E-004
   1.2500000000000009       -4.4351044884469837E-004
   1.2600000000000009       -4.5250199197864984E-004
   1.2700000000000009       -4.6158789316385446E-004
   1.2800000000000009       -4.7076786170120521E-004
   1.2900000000000009       -4.8004159482083561E-004
   1.3000000000000009       -4.8940877786738540E-004
   1.3100000000000009       -4.9886908445708692E-004
   1.3200000000000010       -5.0842217661310892E-004
   1.3300000000000010       -5.1806770494839944E-004
   1.3400000000000010       -5.2780530883344396E-004
   1.3500000000000010       -5.3763461654005842E-004
   1.3600000000000010       -5.4755524542069670E-004
   1.3700000000000010       -5.5756680207022936E-004
   1.3800000000000010       -5.6766888248173354E-004
   1.3900000000000010       -5.7786107223091444E-004
   1.4000000000000010       -5.8814294663123525E-004
   1.4100000000000010       -5.9851407092699645E-004
   1.4200000000000010       -6.0897400041651380E-004
   1.4300000000000010       -6.1952228066029043E-004
   1.4400000000000011       -6.3015844765035333E-004
   1.4500000000000011       -6.4088202796339165E-004
   1.4600000000000011       -6.5169253894917646E-004
   1.4700000000000011       -6.6258948888414161E-004
   1.4800000000000011       -6.7357237717843973E-004
   1.4900000000000011       -6.8464069450488842E-004
   1.5000000000000011       -6.9579392301556328E-004
   1.5100000000000011       -7.0703153646829763E-004
   1.5200000000000011       -7.1835300046390379E-004
   1.5300000000000011       -7.2975777256645323E-004
   1.5400000000000011       -7.4124530249477876E-004
   1.5500000000000012       -7.5281503230975599E-004
   1.5600000000000012       -7.6446639656629943E-004
   1.5700000000000012       -7.7619882252459441E-004
   1.5800000000000012       -7.8801173027834076E-004
   1.5900000000000012       -7.9990453296153389E-004
   1.6000000000000012       -8.1187663692972186E-004
   1.6100000000000012       -8.2392744190220657E-004
   1.6200000000000012       -8.3605634115881632E-004
   1.6300000000000012       -8.4826272172069484E-004
   1.6400000000000012       -8.6054596450712054E-004
   1.6500000000000012       -8.7290544451073084E-004
   1.6600000000000013       -8.8534053099447894E-004
   1.6700000000000013       -8.9785058763777444E-004
   1.6800000000000013       -9.1043497271922093E-004
   1.6900000000000013       -9.2309303929135483E-004
   1.7000000000000013       -9.3582413534783063E-004
   1.7100000000000013       -9.4862760399902490E-004
   1.7200000000000013       -9.6150278364452160E-004
   1.7300000000000013       -9.7444900812783950E-004
   1.7400000000000013       -9.8746560693750945E-004
   1.7500000000000013       -1.0005519053347125E-003
   1.7600000000000013       -1.0137072245592121E-003
   1.7700000000000014       -1.0269308819793694E-003
   1.7800000000000014       -1.0402221912527952E-003
   1.7900000000000014       -1.0535804624998534E-003
   1.8000000000000014       -1.0670050024771485E-003
   1.8100000000000014       -1.0804951147172833E-003
   1.8200000000000014       -1.0940500997318196E-003
   1.8300000000000014       -1.1076692551237235E-003
   1.8400000000000014       -1.1213518757767658E-003
   1.8500000000000014       -1.1350972540349214E-003
   1.8600000000000014       -1.1489046798260837E-003
   1.8700000000000014       -1.1627734408194777E-003
   1.8800000000000014       -1.1767028226152155E-003
   1.8900000000000015       -1.1906921088788304E-003
   1.9000000000000015       -1.2047405814950931E-003
   1.9100000000000015       -1.2188475207264671E-003
   1.9200000000000015       -1.2330122053580196E-003
   1.9300000000000015       -1.2472339128658243E-003
   1.9400000000000015       -1.2615119195387740E-003
   1.9500000000000015       -1.2758455006724523E-003
   1.9600000000000015       -1.2902339306450081E-003
   1.9700000000000015       -1.3046764831453656E-003
   1.9800000000000015       -1.3191724312559409E-003
   1.9900000000000015       -1.3337210476220484E-003
   2.0000000000000013       -1.3483216045898033E-003
   2.0100000000000011       -1.3629733743391245E-003
   2.0200000000000009       -1.3776756290433340E-003
   2.0300000000000007       -1.3924276409757377E-003
   2.0400000000000005       -1.4072286826541109E-003
   2.0500000000000003       -1.4220780270157629E-003
   2.0600000000000001       -1.4369749474766186E-003
   2.0699999999999998       -1.4519187181321904E-003
   2.0799999999999996       -1.4669086138354734E-003
   2.0899999999999994       -1.4819439103621840E-003
   2.0999999999999992       -1.4970238845023684E-003
   2.1099999999999990       -1.5121478142264917E-003
   2.1199999999999988       -1.5273149787632672E-003
   2.1299999999999986       -1.5425246587579501E-003
   2.1399999999999983       -1.5577761363785127E-003
   2.1499999999999981       -1.5730686954149294E-003
   2.1599999999999979       -1.5884016214278854E-003
   2.1699999999999977       -1.6037742018544573E-003
   2.1799999999999975       -1.6191857261049106E-003
   2.1899999999999973       -1.6346354856783241E-003
   2.1999999999999971       -1.6501227742877322E-003
   2.2099999999999969       -1.6656468879593094E-003
   2.2199999999999966       -1.6812071251271093E-003
   2.2299999999999964       -1.6968027867506189E-003
   2.2399999999999962       -1.7124331764194391E-003
   2.2499999999999960       -1.7280976004413250E-003
   2.2599999999999958       -1.7437953679499392E-003
   2.2699999999999956       -1.7595257909877628E-003
   2.2799999999999954       -1.7752881846317720E-003
   2.2899999999999952       -1.7910818670588079E-003
   2.2999999999999949       -1.8069061596362025E-003
   2.3099999999999947       -1.8227603870454117E-003
   2.3199999999999945       -1.8386438773138763E-003
   2.3299999999999943       -1.8545559619590184E-003
   2.3399999999999941       -1.8704959760364737E-003
   2.3499999999999939       -1.8864632582246610E-003
   2.3599999999999937       -1.9024571509359328E-003
   2.3699999999999934       -1.9184770003392809E-003
   2.3799999999999932       -1.9345221564991647E-003
   2.3899999999999930       -1.9505919734114870E-003
   2.3999999999999928       -1.9666858090752453E-003
   2.4099999999999926       -1.9828030256087092E-003
   2.4199999999999924       -1.9989429892503497E-003
   2.4299999999999922       -2.0151050704809766E-003
   2.4399999999999920       -2.0312886440638704E-003
   2.4499999999999917       -2.0474930891190260E-003
   2.4599999999999915       -2.0637177891942864E-003
   2.4699999999999913       -2.0799621322952462E-003
   2.4799999999999911       -2.0962255109789655E-003
   2.4899999999999909       -2.1125073223831844E-003
   2.4999999999999907       -2.1288069682987468E-003
   2.5099999999999905       -2.1451238552198429E-003
   2.5199999999999902       -2.1614573943935897E-003
   2.5299999999999900       -2.1778070018644955E-003
   2.5399999999999898       -2.1941720985412991E-003
   2.5499999999999896       -2.2105521102024251E-003
   2.5599999999999894       -2.2269464675951510E-003
   2.5699999999999892       -2.2433546064474694E-003
   2.5799999999999890       -2.2597759674987767E-003
   2.5899999999999888       -2.2762099965671096E-003
   2.5999999999999885       -2.2926561445707318E-003
   2.6099999999999883       -2.3091138675590214E-003
   2.6199999999999881       -2.3255826267712639E-003
   2.6299999999999879       -2.3420618886365071E-003
   2.6399999999999877       -2.3585511248312334E-003
   2.6499999999999875       -2.3750498122922714E-003
   2.6599999999999873       -2.3915574332569549E-003
   2.6699999999999871       -2.4080734752797883E-003
   2.6799999999999868       -2.4245974312639509E-003
   2.6899999999999866       -2.4411287994719750E-003
   2.6999999999999864       -2.4576670835649893E-003
   2.7099999999999862       -2.4742117926124991E-003
   2.7199999999999860       -2.4907624411258625E-003
   2.7299999999999858       -2.5073185490160086E-003
   2.7399999999999856       -2.5238796417143940E-003
   2.7499999999999853       -2.5404452500786641E-003
   2.7599999999999851       -2.5570149104721797E-003
   2.7699999999999849       -2.5735881647682350E-003
   2.7799999999999847       -2.5901645603172829E-003
   2.7899999999999845       -2.6067436500040804E-003
   2.7999999999999843       -2.6233249922321851E-003
   2.8099999999999841       -2.6399081509325883E-003
   2.8199999999999839       -2.6564926955566243E-003
   2.8299999999999836       -2.6730782010967800E-003
   2.8399999999999834       -2.6896642480824756E-003
   2.8499999999999832       -2.7062504225718619E-003
   2.8599999999999830       -2.7228363161498118E-003
   2.8699999999999828       -2.7394215259454006E-003
   2.8799999999999826       -2.7560056545911436E-003
   2.8899999999999824       -2.7725883102683747E-003
   2.8999999999999821       -2.7891691066410170E-003
   2.9099999999999819       -2.8057476629073795E-003
   2.9199999999999817       -2.8223236037385811E-003
   2.9299999999999815       -2.8388965593137343E-003
   2.9399999999999813       -2.8554661652610289E-003
   2.9499999999999811       -2.8720320627053137E-003
   2.9599999999999809       -2.8885938981936823E-003
   2.9699999999999807       -2.9051513237229060E-003
   2.9799999999999804       -2.9217039967055392E-003
   2.9899999999999802       -2.9382515799590502E-003
   2.9999999999999800       -2.9547937416836618E-003
   3.0099999999999798       -2.9713301554472786E-003
   3.0199999999999796       -2.9878605001633289E-003
   3.0299999999999794       -3.0043844600697190E-003
   3.0399999999999792       -3.0209017247257155E-003
   3.0499999999999790       -3.0374119889532659E-003
   3.0599999999999787       -3.0539149528434084E-003
   3.0699999999999785       -3.0704103217234942E-003
   3.0799999999999783       -3.0868978061084794E-003
   3.0899999999999781       -3.1033771217396557E-003
   3.0999999999999779       -3.1198479894752919E-003
   3.1099999999999777       -3.1363101353220632E-003
   3.1199999999999775       -3.1527632903976407E-003
   3.1299999999999772       -3.1692071908678292E-003
   3.1399999999999770       -3.1856415779472347E-003
   3.1499999999999768       -3.2020661978848807E-003
   3.1599999999999766       -3.2184808018734710E-003
   3.1699999999999764       -3.2348851460912292E-003
   3.1799999999999762       -3.2512789916034216E-003
   3.1899999999999760       -3.2676621043805226E-003
   3.1999999999999758       -3.2840342552247531E-003
   3.2099999999999755       -3.3003952197583749E-003
   3.2199999999999753       -3.3167447783938359E-003
   3.2299999999999751       -3.3330827162795789E-003
   3.2399999999999749       -3.3494088232679819E-003
   3.2499999999999747       -3.3657228938937071E-003
   3.2599999999999745       -3.3820247273188540E-003
   3.2699999999999743       -3.3983141273130867E-003
   3.2799999999999740       -3.4145909021941491E-003
   3.2899999999999738       -3.4308548648064492E-003
   3.2999999999999736       -3.4471058324722090E-003
   3.3099999999999734       -3.4633436269702732E-003
   3.3199999999999732       -3.4795680744715593E-003
   3.3299999999999730       -3.4957790055180969E-003
   3.3399999999999728       -3.5119762549693282E-003
   3.3499999999999726       -3.5281596619771735E-003
   3.3599999999999723       -3.5443290699252602E-003
   3.3699999999999721       -3.5604843264141765E-003
   3.3799999999999719       -3.5766252831854403E-003
   3.3899999999999717       -3.5927517961235798E-003
   3.3999999999999715       -3.6088637251694912E-003
   3.4099999999999713       -3.6249609343103582E-003
   3.4199999999999711       -3.6410432915215639E-003
   3.4299999999999708       -3.6571106687413495E-003
   3.4399999999999706       -3.6731629417965875E-003
   3.4499999999999704       -3.6891999903924939E-003
   3.4599999999999702       -3.7052216980609778E-003
   3.4699999999999700       -3.7212279521096543E-003
   3.4799999999999698       -3.7372186435823732E-003
   3.4899999999999696       -3.7531936672188602E-003
   3.4999999999999694       -3.7691529214081750E-003
   3.5099999999999691       -3.7850963081536753E-003
   3.5199999999999689       -3.8010237330147541E-003
   3.5299999999999687       -3.8169351050912842E-003
   3.5399999999999685       -3.8328303369394839E-003
   3.5499999999999683       -3.8487093445738439E-003
   3.5599999999999681       -3.8645720473854390E-003
   3.5699999999999679       -3.8804183681213000E-003
   3.5799999999999677       -3.8962482328494079E-003
   3.5899999999999674       -3.9120615708745947E-003
   3.5999999999999672       -3.9278583147511004E-003
   3.6099999999999670       -3.9436384002002551E-003
   3.6199999999999668       -3.9594017660761543E-003
   3.6299999999999666       -3.9751483543417395E-003
   3.6399999999999664       -3.9908781099982152E-003
   3.6499999999999662       -4.0065909810690949E-003
   3.6599999999999659       -4.0222869185380372E-003
   3.6699999999999657       -4.0379658763218390E-003
   3.6799999999999655       -4.0536278112162458E-003
   3.6899999999999653       -4.0692726828691740E-003
   3.6999999999999651       -4.0849004537278546E-003
   3.7099999999999649       -4.1005110889988025E-003
   3.7199999999999647       -4.1161045566124321E-003
   3.7299999999999645       -4.1316808271903357E-003
   3.7399999999999642       -4.1472398739723203E-003
   3.7499999999999640       -4.1627816728318943E-003
   3.7599999999999638       -4.1783062021701432E-003
   3.7699999999999636       -4.1938134429363181E-003
   3.7799999999999634       -4.2093033785513476E-003
   3.7899999999999632       -4.2247759948848699E-003
   3.7999999999999630       -4.2402312802114848E-003
   3.8099999999999627       -4.2556692251754053E-003
   3.8199999999999625       -4.2710898227447339E-003
   3.8299999999999623       -4.2864930681944724E-003
   3.8399999999999621       -4.3018789590358172E-003
   3.8499999999999619       -4.3172474950254952E-003
   3.8599999999999617       -4.3325986780751663E-003
   3.8699999999999615       -4.3479325122631925E-003
   3.8799999999999613       -4.3632490037705885E-003
   3.8899999999999610       -4.3785481608583036E-003
   3.8999999999999608       -4.3938299938226354E-003
   3.9099999999999606       -4.4090945149663323E-003
   3.9199999999999604       -4.4243417385710334E-003
   3.9299999999999602       -4.4395716808369873E-003
   3.9399999999999600       -4.4547843599052409E-003
   3.9499999999999598       -4.4699797957535930E-003
   3.9599999999999596       -4.4851580102119376E-003
   3.9699999999999593       -4.5003190269150388E-003
   3.9799999999999591       -4.5154628712833897E-003
   3.9899999999999589       -4.5305895704583175E-003
   3.9999999999999587       -4.5456991533186540E-003
   4.0099999999999589       -4.5607916503908738E-003
   4.0199999999999587       -4.5758670938986995E-003
   4.0299999999999585       -4.5909255176489359E-003
   4.0399999999999583       -4.6059669570583167E-003
   4.0499999999999581       -4.6209914490939379E-003
   4.0599999999999579       -4.6359990322784482E-003
   4.0699999999999577       -4.6509897466170073E-003
   4.0799999999999574       -4.6659636336117650E-003
   4.0899999999999572       -4.6809207362082730E-003
   4.0999999999999570       -4.6958610987770421E-003
   4.1099999999999568       -4.7107847670833855E-003
   4.1199999999999566       -4.7256917882663261E-003
   4.1299999999999564       -4.7405822108232548E-003
   4.1399999999999562       -4.7554560845532636E-003
   4.1499999999999559       -4.7703134605630217E-003
   4.1599999999999557       -4.7851543912258059E-003
   4.1699999999999555       -4.7999789301659450E-003
   4.1799999999999553       -4.8147871322397340E-003
   4.1899999999999551       -4.8295790534820925E-003
   4.1999999999999549       -4.8443547511411843E-003
   4.2099999999999547       -4.8591142835815466E-003
   4.2199999999999545       -4.8738577103288779E-003
   4.2299999999999542       -4.8885850920169270E-003
   4.2399999999999540       -4.9032964903648873E-003
   4.2499999999999538       -4.9179919681722412E-003
   4.2599999999999536       -4.9326715892751621E-003
   4.2699999999999534       -4.9473354185524190E-003
   4.2799999999999532       -4.9619835218892893E-003
   4.2899999999999530       -4.9766159661651273E-003
   4.2999999999999527       -4.9912328192232534E-003
   4.3099999999999525       -5.0058341498843669E-003
   4.3199999999999523       -5.0204200278751304E-003
   4.3299999999999521       -5.0349905238703061E-003
   4.3399999999999519       -5.0495457094235502E-003
   4.3499999999999517       -5.0640856569848123E-003
   4.3599999999999515       -5.0786104398746540E-003
   4.3699999999999513       -5.0931201322559185E-003
   4.3799999999999510       -5.1076148091332412E-003
   4.3899999999999508       -5.1220945463357655E-003
   4.3999999999999506       -5.1365594204872741E-003
   4.4099999999999504       -5.1510095090136513E-003
   4.4199999999999502       -5.1654448901110282E-003
   4.4299999999999500       -5.1798656427327061E-003
   4.4399999999999498       -5.1942718465899946E-003
   4.4499999999999496       -5.2086635821227915E-003
   4.4599999999999493       -5.2230409304913680E-003
   4.4699999999999491       -5.2374039735577742E-003
   4.4799999999999489       -5.2517527939006008E-003
   4.4899999999999487       -5.2660874747561823E-003
   4.4999999999999485       -5.2804081000355713E-003
   4.5099999999999483       -5.2947147543324549E-003
   4.5199999999999481       -5.3090075228559670E-003
   4.5299999999999478       -5.3232864914682099E-003
   4.5399999999999476       -5.3375517466579345E-003
   4.5499999999999474       -5.3518033755142209E-003
   4.5599999999999472       -5.3660414657436808E-003
   4.5699999999999470       -5.3802661056326544E-003
   4.5799999999999468       -5.3944773840679423E-003
   4.5899999999999466       -5.4086753904873065E-003
   4.5999999999999464       -5.4228602149119023E-003
   4.6099999999999461       -5.4370319479036325E-003
   4.6199999999999459       -5.4511906805761561E-003
   4.6299999999999457       -5.4653365045668218E-003
   4.6399999999999455       -5.4794695120514323E-003
   4.6499999999999453       -5.4935897957263339E-003
   4.6599999999999451       -5.5076974487779165E-003
   4.6699999999999449       -5.5217925649227806E-003
   4.6799999999999446       -5.5358752383436747E-003
   4.6899999999999444       -5.5499455637206064E-003
   4.6999999999999442       -5.5640036362063112E-003
   4.7099999999999440       -5.5780495514271148E-003
   4.7199999999999438       -5.5920834054634756E-003
   4.7299999999999436       -5.6061052948649858E-003
   4.7399999999999434       -5.6201153166094957E-003
   4.7499999999999432       -5.6341135681242929E-003
   4.7599999999999429       -5.6481001472697464E-003
   4.7699999999999427       -5.6620751523344271E-003
   4.7799999999999425       -5.6760386820121286E-003
   4.7899999999999423       -5.6899908354296671E-003
   4.7999999999999421       -5.7039317120989559E-003
   4.8099999999999419       -5.7178614119375182E-003
   4.8199999999999417       -5.7317800352622910E-003
   4.8299999999999415       -5.7456876827717248E-003
   4.8399999999999412       -5.7595844555316366E-003
   4.8499999999999410       -5.7734704549979379E-003
   4.8599999999999408       -5.7873457829910081E-003
   4.8699999999999406       -5.8012105416777966E-003
   4.8799999999999404       -5.8150648335916801E-003
   4.8899999999999402       -5.8289087616176559E-003
   4.8999999999999400       -5.8427424289647350E-003
   4.9099999999999397       -5.8565659392003644E-003
   4.9199999999999395       -5.8703793962027366E-003
   4.9299999999999393       -5.8841829041790935E-003
   4.9399999999999391       -5.8979765676639550E-003
   4.9499999999999389       -5.9117604914928328E-003
   4.9599999999999387       -5.9255347808084037E-003
   4.9699999999999385       -5.9392995410545374E-003
   4.9799999999999383       -5.9530548779659128E-003
   4.9899999999999380       -5.9668008975708757E-003
   4.9999999999999378       -5.9805377061706803E-003
   5.0099999999999376       -5.9942654103416907E-003
   5.0199999999999374       -6.0079841169355871E-003
   5.0299999999999372       -6.0216939330625854E-003
   5.0399999999999370       -6.0353949660861324E-003
   5.0499999999999368       -6.0490873236257649E-003
   5.0599999999999365       -6.0627711135379011E-003
   5.0699999999999363       -6.0764464439233374E-003
   5.0799999999999361       -6.0901134230996537E-003
   5.0899999999999359       -6.1037721596248198E-003
   5.0999999999999357       -6.1174227622720345E-003
   5.1099999999999355       -6.1310653400089661E-003
   5.1199999999999353       -6.1447000020262250E-003
   5.1299999999999351       -6.1583268576991734E-003
   5.1399999999999348       -6.1719460166005016E-003
   5.1499999999999346       -6.1855575884805824E-003
   5.1599999999999344       -6.1991616832709996E-003
   5.1699999999999342       -6.2127584110743903E-003
   5.1799999999999340       -6.2263478821388439E-003
   5.1899999999999338       -6.2399302068925485E-003
   5.1999999999999336       -6.2535054958835403E-003
   5.2099999999999334       -6.2670738598262664E-003
   5.2199999999999331       -6.2806354095428837E-003
   5.2299999999999329       -6.2941902559970194E-003
   5.2399999999999327       -6.3077385102578076E-003
   5.2499999999999325       -6.3212802835113536E-003
   5.2599999999999323       -6.3348156870331618E-003
   5.2699999999999321       -6.3483448322035757E-003
   5.2799999999999319       -6.3618678304738037E-003
   5.2899999999999316       -6.3753847933829041E-003
   5.2999999999999314       -6.3888958325291111E-003
   5.3099999999999312       -6.4024010595629911E-003
   5.3199999999999310       -6.4159005862062021E-003
   5.3299999999999308       -6.4293945241983260E-003
   5.3399999999999306       -6.4428829853259931E-003
   5.3499999999999304       -6.4563660813900126E-003
   5.3599999999999302       -6.4698439242071460E-003
   5.3699999999999299       -6.4833166255995186E-003
   5.3799999999999297       -6.4967842973840369E-003
   5.3899999999999295       -6.5102470513635725E-003
   5.3999999999999293       -6.5237049993139501E-003
   5.4099999999999291       -6.5371582529784389E-003
   5.4199999999999289       -6.5506069240587198E-003
   5.4299999999999287       -6.5640511241996675E-003
   5.4399999999999284       -6.5774909649842896E-003
   5.4499999999999282       -6.5909265579158658E-003
   5.4599999999999280       -6.6043580144181770E-003
   5.4699999999999278       -6.6177854458229464E-003
   5.4799999999999276       -6.6312089633407297E-003
   5.4899999999999274       -6.6446286780893838E-003
   5.4999999999999272       -6.6580447010382727E-003
   5.5099999999999270       -6.6714571430382770E-003
   5.5199999999999267       -6.6848661147646798E-003
   5.5299999999999265       -6.6982717267586494E-003
   5.5399999999999263       -6.7116740893751973E-003
   5.5499999999999261       -6.7250733127929034E-003
   5.5599999999999259       -6.7384695069925300E-003
   5.5699999999999257       -6.7518627817482234E-003
   5.5799999999999255       -6.7652532466200271E-003
   5.5899999999999253       -6.7786410109353769E-003
   5.5999999999999250       -6.7920261837891172E-003
   5.6099999999999248       -6.8054088740069109E-003
   5.6199999999999246       -6.8187891901686356E-003
   5.6299999999999244       -6.8321672405653993E-003
   5.6399999999999242       -6.8455431332024299E-003
   5.6499999999999240       -6.8589169757816730E-003
   5.6599999999999238       -6.8722888756925539E-003
   5.6699999999999235       -6.8856589400058243E-003
   5.6799999999999233       -6.8990272754424938E-003
   5.6899999999999231       -6.9123939883749576E-003
   5.6999999999999229       -6.9257591848204039E-003
   5.7099999999999227       -6.9391229704117352E-003
   5.7199999999999225       -6.9524854503940628E-003
   5.7299999999999223       -6.9658467296143771E-003
   5.7399999999999221       -6.9792069125083379E-003
   5.7499999999999218       -6.9925661030667916E-003
   5.7599999999999216       -7.0059244048644642E-003
   5.7699999999999214       -7.0192819210108236E-003
   5.7799999999999212       -7.0326387541487833E-003
   5.7899999999999210       -7.0459950064481244E-003
   5.7999999999999208       -7.0593507795797270E-003
   5.8099999999999206       -7.0727061747109764E-003
   5.8199999999999203       -7.0860612925000661E-003
   5.8299999999999201       -7.0994162330660429E-003
   5.8399999999999199       -7.1127710959802476E-003
   5.8499999999999197       -7.1261259802672342E-003
   5.8599999999999195       -7.1394809843781269E-003
   5.8699999999999193       -7.1528362061776540E-003
   5.8799999999999191       -7.1661917429340439E-003
   5.8899999999999189       -7.1795476913102474E-003
   5.8999999999999186       -7.1929041473450164E-003
   5.9099999999999184       -7.2062612064430261E-003
   5.9199999999999182       -7.2196189633513316E-003
   5.9299999999999180       -7.2329775121746159E-003
   5.9399999999999178       -7.2463369463280618E-003
   5.9499999999999176       -7.2596973585393786E-003
   5.9599999999999174       -7.2730588408495122E-003
   5.9699999999999172       -7.2864214845754314E-003
   5.9799999999999169       -7.2997853803073113E-003
   5.9899999999999167       -7.3131506179063806E-003
   5.9999999999999165       -7.3265172864758659E-003
   6.0099999999999163       -7.3398854743610461E-003
   6.0199999999999161       -7.3532552691252754E-003
   6.0299999999999159       -7.3666267575487080E-003
   6.0399999999999157       -7.3800000256094003E-003
   6.0499999999999154       -7.3933751584725543E-003
   6.0599999999999152       -7.4067522404782336E-003
   6.0699999999999150       -7.4201313551323800E-003
   6.0799999999999148       -7.4335125850874687E-003
   6.0899999999999146       -7.4468960121372779E-003
   6.0999999999999144       -7.4602817172050384E-003
   6.1099999999999142       -7.4736697803269667E-003
   6.1199999999999140       -7.4870602806463666E-003
   6.1299999999999137       -7.5004532963967203E-003
   6.1399999999999135       -7.5138489048964556E-003
   6.1499999999999133       -7.5272471825313780E-003
   6.1599999999999131       -7.5406482047461329E-003
   6.1699999999999129       -7.5540520460427255E-003
   6.1799999999999127       -7.5674587799473073E-003
   6.1899999999999125       -7.5808684790320512E-003
   6.1999999999999122       -7.5942812148603479E-003
   6.2099999999999120       -7.6076970580302777E-003
   6.2199999999999118       -7.6211160781171636E-003
   6.2299999999999116       -7.6345383436903806E-003
   6.2399999999999114       -7.6479639222949139E-003
   6.2499999999999112       -7.6613928804430513E-003
   6.2599999999999110       -7.6748252836082789E-003
   6.2699999999999108       -7.6882611962114707E-003
   6.2799999999999105       -7.7017006816097163E-003
   6.2899999999999103       -7.7151438020880156E-003
   6.2999999999999101       -7.7285906188648635E-003
   6.3099999999999099       -7.7420411920689552E-003
   6.3199999999999097       -7.7554955807264854E-003
   6.3299999999999095       -7.7689538427631998E-003
   6.3399999999999093       -7.7824160350049073E-003
   6.3499999999999091       -7.7958822131486910E-003
   6.3599999999999088       -7.8093524317669463E-003
   6.3699999999999086       -7.8228267443074540E-003
   6.3799999999999084       -7.8363052030676790E-003
   6.3899999999999082       -7.8497878592034397E-003
   6.3999999999999080       -7.8632747627197207E-003
   6.4099999999999078       -7.8767659624555588E-003
   6.4199999999999076       -7.8902615060920424E-003
   6.4299999999999073       -7.9037614401345456E-003
   6.4399999999999071       -7.9172658099108274E-003
   6.4499999999999069       -7.9307746595675757E-003
   6.4599999999999067       -7.9442880320696116E-003
   6.4699999999999065       -7.9578059691766088E-003
   6.4799999999999063       -7.9713285114625682E-003
   6.4899999999999061       -7.9848556982991467E-003
   6.4999999999999059       -7.9983875678436272E-003
   6.5099999999999056       -8.0119241570570533E-003
   6.5199999999999054       -8.0254655016759047E-003
   6.5299999999999052       -8.0390116362231805E-003
   6.5399999999999050       -8.0525625940146544E-003
   6.5499999999999048       -8.0661184071245933E-003
   6.5599999999999046       -8.0796791064149109E-003
   6.5699999999999044       -8.0932447215165265E-003
   6.5799999999999041       -8.1068152808345152E-003
   6.5899999999999039       -8.1203908115429074E-003
   6.5999999999999037       -8.1339713395700026E-003
   6.6099999999999035       -8.1475568896330428E-003
   6.6199999999999033       -8.1611474852050312E-003
   6.6299999999999031       -8.1747431485192194E-003
   6.6399999999999029       -8.1883439005742634E-003
   6.6499999999999027       -8.2019497611413410E-003
   6.6599999999999024       -8.2155607487437669E-003
   6.6699999999999022       -8.2291768806863567E-003
   6.6799999999999020       -8.2427981730229180E-003
   6.6899999999999018       -8.2564246405933354E-003
   6.6999999999999016       -8.2700562969782836E-003
   6.7099999999999014       -8.2836931545523882E-003
   6.7199999999999012       -8.2973352244528099E-003
   6.7299999999999010       -8.3109825165923277E-003
   6.7399999999999007       -8.3246350396541345E-003
   6.7499999999999005       -8.3382928011062341E-003
   6.7599999999999003       -8.3519558071997596E-003
   6.7699999999999001       -8.3656240629584894E-003
   6.7799999999998999       -8.3792975722139385E-003
   6.7899999999998997       -8.3929763375730788E-003
   6.7999999999998995       -8.4066603604446150E-003
   6.8099999999998992       -8.4203496410441368E-003
   6.8199999999998990       -8.4340441783827529E-003
   6.8299999999998988       -8.4477439702880866E-003
   6.8399999999998986       -8.4614490133995083E-003
   6.8499999999998984       -8.4751593031823225E-003
   6.8599999999998982       -8.4888748339221089E-003
   6.8699999999998980       -8.5025955987505699E-003
   6.8799999999998978       -8.5163215896086244E-003
   6.8899999999998975       -8.5300527973153958E-003
   6.8999999999998973       -8.5437892115253627E-003
   6.9099999999998971       -8.5575308207524320E-003
   6.9199999999998969       -8.5712776123812468E-003
   6.9299999999998967       -8.5850295726727713E-003
   6.9399999999998965       -8.5987866867588622E-003
   6.9499999999998963       -8.6125489386727275E-003
   6.9599999999998960       -8.6263163113417373E-003
   6.9699999999998958       -8.6400887866020307E-003
   6.9799999999998956       -8.6538663451948480E-003
   6.9899999999998954       -8.6676489668064561E-003
   6.9999999999998952       -8.6814366300389367E-003
   7.0099999999998950       -8.6952293124446071E-003
   7.0199999999998948       -8.7090269905346785E-003
   7.0299999999998946       -8.7228296397736035E-003
   7.0399999999998943       -8.7366372346051237E-003
   7.0499999999998941       -8.7504497484607053E-003
   7.0599999999998939       -8.7642671537629131E-003
   7.0699999999998937       -8.7780894219371460E-003
   7.0799999999998935       -8.7919165234321799E-003
   7.0899999999998933       -8.8057484277191296E-003
   7.0999999999998931       -8.8195851033192555E-003
   7.1099999999998929       -8.8334265177967657E-003
   7.1199999999998926       -8.8472726377835376E-003
   7.1299999999998924       -8.8611234289831340E-003
   7.1399999999998922       -8.8749788561972957E-003
   7.1499999999998920       -8.8888388833182896E-003
   7.1599999999998918       -8.9027034733608918E-003
   7.1699999999998916       -8.9165725884620024E-003
   7.1799999999998914       -8.9304461899044878E-003
   7.1899999999998911       -8.9443242381161293E-003
   7.1999999999998909       -8.9582066926952187E-003
   7.2099999999998907       -8.9720935124251375E-003
   7.2199999999998905       -8.9859846552852070E-003
   7.2299999999998903       -8.9998800784564514E-003
   7.2399999999998901       -9.0137797383456602E-003
   7.2499999999998899       -9.0276835905959887E-003
   7.2599999999998897       -9.0415915901068313E-003
   7.2699999999998894       -9.0555036910437651E-003
   7.2799999999998892       -9.0694198468438923E-003
   7.2899999999998890       -9.0833400102579200E-003
   7.2999999999998888       -9.0972641333301792E-003
   7.3099999999998886       -9.1111921674442275E-003
   7.3199999999998884       -9.1251240633202623E-003
   7.3299999999998882       -9.1390597710340766E-003
   7.3399999999998879       -9.1529992400380244E-003
   7.3499999999998877       -9.1669424191740349E-003
   7.3599999999998875       -9.1808892566829035E-003
   7.3699999999998873       -9.1948397002344744E-003
   7.3799999999998871       -9.2087936969193294E-003
   7.3899999999998869       -9.2227511932947964E-003
   7.3999999999998867       -9.2367121353856690E-003
   7.4099999999998865       -9.2506764686956667E-003
   7.4199999999998862       -9.2646441382279437E-003
   7.4299999999998860       -9.2786150885093236E-003
   7.4399999999998858       -9.2925892635984716E-003
   7.4499999999998856       -9.3065666071022110E-003
   7.4599999999998854       -9.3205470621929333E-003
   7.4699999999998852       -9.3345305716330505E-003
   7.4799999999998850       -9.3485170777781006E-003
   7.4899999999998847       -9.3625065225981258E-003
   7.4999999999998845       -9.3764988477115629E-003
   7.5099999999998843       -9.3904939943767040E-003
   7.5199999999998841       -9.4044919035086525E-003
   7.5299999999998839       -9.4184925157266425E-003
   7.5399999999998837       -9.4324957713393300E-003
   7.5499999999998835       -9.4465016103727397E-003
   7.5599999999998833       -9.4605099725925106E-003
   7.5699999999998830       -9.4745207975124954E-003
   7.5799999999998828       -9.4885340244130235E-003
   7.5899999999998826       -9.5025495923653485E-003
   7.5999999999998824       -9.5165674402312127E-003
   7.6099999999998822       -9.5305875067048761E-003
   7.6199999999998820       -9.5446097303091698E-003
   7.6299999999998818       -9.5586340494225631E-003
   7.6399999999998816       -9.5726604022785128E-003
   7.6499999999998813       -9.5866887270176001E-003
   7.6599999999998811       -9.6007189616743403E-003
   7.6699999999998809       -9.6147510441947828E-003
   7.6799999999998807       -9.6287849124686350E-003
   7.6899999999998805       -9.6428205043334395E-003
   7.6999999999998803       -9.6568577576009659E-003
   7.7099999999998801       -9.6708966100607398E-003
   7.7199999999998798       -9.6849369995145648E-003
   7.7299999999998796       -9.6989788637626712E-003
   7.7399999999998794       -9.7130221406608909E-003
   7.7499999999998792       -9.7270667680958017E-003
   7.7599999999998790       -9.7411126840416876E-003
   7.7699999999998788       -9.7551598265317209E-003
   7.7799999999998786       -9.7692081337019347E-003
   7.7899999999998784       -9.7832575438149723E-003
   7.7999999999998781       -9.7973079952503941E-003
   7.8099999999998779       -9.8113594265293053E-003
   7.8199999999998777       -9.8254117763422674E-003
   7.8299999999998775       -9.8394649835521399E-003
   7.8399999999998773       -9.8535189872103485E-003
   7.8499999999998771       -9.8675737265650001E-003
   7.8599999999998769       -9.8816291411019889E-003
   7.8699999999998766       -9.8956851705232097E-003
   7.8799999999998764       -9.9097417547918364E-003
   7.8899999999998762       -9.9237988341318636E-003
   7.8999999999998760       -9.9378563490458947E-003
   7.9099999999998758       -9.9519142403327130E-003
   7.9199999999998756       -9.9659724490800076E-003
   7.9299999999998754       -9.9800309167133710E-003
   7.9399999999998752       -9.9940895849901287E-003
   7.9499999999998749       -1.0008148396010740E-002
   7.9599999999998747       -1.0022207292240324E-002
   7.9699999999998745       -1.0036266216509729E-002
   7.9799999999998743       -1.0050325112042105E-002
   7.9899999999998741       -1.0064383922463874E-002
   7.9999999999998739       -1.0078442591815900E-002
   8.0099999999998737       -1.0092501064544903E-002
   8.0199999999998735       -1.0106559285564743E-002
   8.0299999999998732       -1.0120617200211778E-002
   8.0399999999998730       -1.0134674754303291E-002
   8.0499999999998728       -1.0148731894111094E-002
   8.0599999999998726       -1.0162788566411595E-002
   8.0699999999998724       -1.0176844718466433E-002
   8.0799999999998722       -1.0190900298043754E-002
   8.0899999999998720       -1.0204955253432688E-002
   8.0999999999998717       -1.0219009533449244E-002
   8.1099999999998715       -1.0233063087447701E-002
   8.1199999999998713       -1.0247115865342328E-002
   8.1299999999998711       -1.0261167817586250E-002
   8.1399999999998709       -1.0275218895230963E-002
   8.1499999999998707       -1.0289269049879481E-002
   8.1599999999998705       -1.0303318233735089E-002
   8.1699999999998703       -1.0317366399604155E-002
   8.1799999999998700       -1.0331413500891694E-002
   8.1899999999998698       -1.0345459491627034E-002
   8.1999999999998696       -1.0359504326452348E-002
   8.2099999999998694       -1.0373547960648759E-002
   8.2199999999998692       -1.0387590350141787E-002
   8.2299999999998690       -1.0401631451504387E-002
   8.2399999999998688       -1.0415671221947004E-002
   8.2499999999998685       -1.0429709619375326E-002
   8.2599999999998683       -1.0443746602344969E-002
   8.2699999999998681       -1.0457782130089117E-002
   8.2799999999998679       -1.0471816162531657E-002
   8.2899999999998677       -1.0485848660293938E-002
   8.2999999999998675       -1.0499879584668140E-002
   8.3099999999998673       -1.0513908897680729E-002
   8.3199999999998671       -1.0527936562044714E-002
   8.3299999999998668       -1.0541962541199821E-002
   8.3399999999998666       -1.0555986799297926E-002
   8.3499999999998664       -1.0570009301217518E-002
   8.3599999999998662       -1.0584030012563861E-002
   8.3699999999998660       -1.0598048899677069E-002
   8.3799999999998658       -1.0612065929636236E-002
   8.3899999999998656       -1.0626081070263549E-002
   8.3999999999998654       -1.0640094290130835E-002
   8.4099999999998651       -1.0654105558539949E-002
   8.4199999999998649       -1.0668114845563148E-002
   8.4299999999998647       -1.0682122122028095E-002
   8.4399999999998645       -1.0696127359501992E-002
   8.4499999999998643       -1.0710130530340513E-002
   8.4599999999998641       -1.0724131607644039E-002
   8.4699999999998639       -1.0738130565279782E-002
   8.4799999999998636       -1.0752127377887888E-002
   8.4899999999998634       -1.0766122020867328E-002
   8.4999999999998632       -1.0780114470397360E-002
   8.5099999999998630       -1.0794104703429357E-002
   8.5199999999998628       -1.0808092697676861E-002
   8.5299999999998626       -1.0822078431630910E-002
   8.5399999999998624       -1.0836061884553393E-002
   8.5499999999998622       -1.0850043036485776E-002
   8.5599999999998619       -1.0864021868231702E-002
   8.5699999999998617       -1.0877998361387023E-002
   8.5799999999998615       -1.0891972498295162E-002
   8.5899999999998613       -1.0905944262086374E-002
   8.5999999999998611       -1.0919913636662972E-002
   8.6099999999998609       -1.0933880606682806E-002
   8.6199999999998607       -1.0947845157583364E-002
   8.6299999999998604       -1.0961807275568320E-002
   8.6399999999998602       -1.0975766947598482E-002
   8.6499999999998600       -1.0989724161406665E-002
   8.6599999999998598       -1.1003678905481170E-002
   8.6699999999998596       -1.1017631169053214E-002
   8.6799999999998594       -1.1031580942137064E-002
   8.6899999999998592       -1.1045528215477936E-002
   8.6999999999998590       -1.1059472980568195E-002
   8.7099999999998587       -1.1073415229657404E-002
   8.7199999999998585       -1.1087354955734922E-002
   8.7299999999998583       -1.1101292152512288E-002
   8.7399999999998581       -1.1115226814453471E-002
   8.7499999999998579       -1.1129158936746051E-002
   8.7599999999998577       -1.1143088515290408E-002
   8.7699999999998575       -1.1157015546722080E-002
   8.7799999999998573       -1.1170940028384245E-002
   8.7899999999998570       -1.1184861958344162E-002
   8.7999999999998568       -1.1198781335347208E-002
   8.8099999999998566       -1.1212698158863180E-002
   8.8199999999998564       -1.1226612429047145E-002
   8.8299999999998562       -1.1240524146745335E-002
   8.8399999999998560       -1.1254433313469399E-002
   8.8499999999998558       -1.1268339931436760E-002
   8.8599999999998555       -1.1282244003520727E-002
   8.8699999999998553       -1.1296145533247818E-002
   8.8799999999998551       -1.1310044524814395E-002
   8.8899999999998549       -1.1323940983067077E-002
   8.8999999999998547       -1.1337834913493484E-002
   8.9099999999998545       -1.1351726322209666E-002
   8.9199999999998543       -1.1365615215976316E-002
   8.9299999999998541       -1.1379501602167325E-002
   8.9399999999998538       -1.1393385488762059E-002
   8.9499999999998536       -1.1407266884353881E-002
   8.9599999999998534       -1.1421145798142638E-002
   8.9699999999998532       -1.1435022239901480E-002
   8.9799999999998530       -1.1448896220001619E-002
   8.9899999999998528       -1.1462767749375853E-002
   8.9999999999998526       -1.1476636839535644E-002
   9.0099999999998523       -1.1490503502534208E-002
   9.0199999999998521       -1.1504367750976789E-002
   9.0299999999998519       -1.1518229598017547E-002
   9.0399999999998517       -1.1532089057333406E-002
   9.0499999999998515       -1.1545946143118966E-002
   9.0599999999998513       -1.1559800870097876E-002
   9.0699999999998511       -1.1573653253469254E-002
   9.0799999999998509       -1.1587503308953735E-002
   9.0899999999998506       -1.1601351052732427E-002
   9.0999999999998504       -1.1615196501480895E-002
   9.1099999999998502       -1.1629039672327640E-002
   9.1199999999998500       -1.1642880582863306E-002
   9.1299999999998498       -1.1656719251109674E-002
   9.1399999999998496       -1.1670555695549508E-002
   9.1499999999998494       -1.1684389935062201E-002
   9.1599999999998492       -1.1698221988962818E-002
   9.1699999999998489       -1.1712051876951598E-002
   9.1799999999998487       -1.1725879619157586E-002
   9.1899999999998485       -1.1739705236056761E-002
   9.1999999999998483       -1.1753528748516109E-002
   9.2099999999998481       -1.1767350177768154E-002
   9.2199999999998479       -1.1781169545387221E-002
   9.2299999999998477       -1.1794986873312683E-002
   9.2399999999998474       -1.1808802183777174E-002
   9.2499999999998472       -1.1822615499381838E-002
   9.2599999999998470       -1.1836426842992508E-002
   9.2699999999998468       -1.1850236237818036E-002
   9.2799999999998466       -1.1864043707308440E-002
   9.2899999999998464       -1.1877849275234113E-002
   9.2999999999998462       -1.1891652965603513E-002
   9.3099999999998460       -1.1905454802701762E-002
   9.3199999999998457       -1.1919254811042579E-002
   9.3299999999998455       -1.1933053015384287E-002
   9.3399999999998453       -1.1946849440694239E-002
   9.3499999999998451       -1.1960644112183044E-002
   9.3599999999998449       -1.1974437055215902E-002
   9.3699999999998447       -1.1988228295388297E-002
   9.3799999999998445       -1.2002017858450720E-002
   9.3899999999998442       -1.2015805770330602E-002
   9.3999999999998440       -1.2029592057116286E-002
   9.4099999999998438       -1.2043376745030253E-002
   9.4199999999998436       -1.2057159860436562E-002
   9.4299999999998434       -1.2070941429823529E-002
   9.4399999999998432       -1.2084721479781325E-002
   9.4499999999998430       -1.2098500037014041E-002
   9.4599999999998428       -1.2112277128316428E-002
   9.4699999999998425       -1.2126052780546690E-002
   9.4799999999998423       -1.2139827020644683E-002
   9.4899999999998421       -1.2153599875612828E-002
   9.4999999999998419       -1.2167371372484305E-002
   9.5099999999998417       -1.2181141538327648E-002
   9.5199999999998415       -1.2194910400252451E-002
   9.5299999999998413       -1.2208677985378875E-002
   9.5399999999998411       -1.2222444320807820E-002
   9.5499999999998408       -1.2236209433651193E-002
   9.5599999999998406       -1.2249973351000096E-002
   9.5699999999998404       -1.2263736099925284E-002
   9.5799999999998402       -1.2277497707430208E-002
   9.5899999999998400       -1.2291258200491834E-002
   9.5999999999998398       -1.2305017606018086E-002
   9.6099999999998396       -1.2318775950844336E-002
   9.6199999999998393       -1.2332533261729917E-002
   9.6299999999998391       -1.2346289565324554E-002
   9.6399999999998389       -1.2360044888196023E-002
   9.6499999999998387       -1.2373799256794830E-002
   9.6599999999998385       -1.2387552697428354E-002
   9.6699999999998383       -1.2401305236302741E-002
   9.6799999999998381       -1.2415056899453386E-002
   9.6899999999998379       -1.2428807712776093E-002
   9.6999999999998376       -1.2442557702004933E-002
   9.7099999999998374       -1.2456306892686819E-002
   9.7199999999998372       -1.2470055310199056E-002
   9.7299999999998370       -1.2483802979729184E-002
   9.7399999999998368       -1.2497549926258983E-002
   9.7499999999998366       -1.2511296174541020E-002
   9.7599999999998364       -1.2525041749134195E-002
   9.7699999999998361       -1.2538786674357040E-002
   9.7799999999998359       -1.2552530974282701E-002
   9.7899999999998357       -1.2566274672746180E-002
   9.7999999999998355       -1.2580017793310161E-002
   9.8099999999998353       -1.2593760359298340E-002
   9.8199999999998351       -1.2607502393729235E-002
   9.8299999999998349       -1.2621243919349535E-002
   9.8399999999998347       -1.2634984958622053E-002
   9.8499999999998344       -1.2648725533693958E-002
   9.8599999999998342       -1.2662465666415653E-002
   9.8699999999998340       -1.2676205378309440E-002
   9.8799999999998338       -1.2689944690578098E-002
   9.8899999999998336       -1.2703683624088014E-002
   9.8999999999998334       -1.2717422199364396E-002
   9.9099999999998332       -1.2731160436596766E-002
   9.9199999999998330       -1.2744898355582427E-002
   9.9299999999998327       -1.2758635975782391E-002
   9.9399999999998325       -1.2772373316283921E-002
   9.9499999999998323       -1.2786110395780592E-002
   9.9599999999998321       -1.2799847232591846E-002
   9.9699999999998319       -1.2813583844626398E-002
   9.9799999999998317       -1.2827320249418220E-002
   9.9899999999998315       -1.2841056464061676E-002
   9.9999999999998312       -1.2854792505259343E-002
