   0.0000000000000000       -0.0000000000000000     
   1.0000000000000000E-002   7.7187008810446823E-006
   2.0000000000000000E-002   3.0816551039943829E-005
   2.9999999999999999E-002   6.9205487794479152E-005
   4.0000000000000001E-002   1.2279655108698569E-004
   5.0000000000000003E-002   1.9149990181966685E-004
   6.0000000000000005E-002   2.7522484029391986E-004
   7.0000000000000007E-002   3.7387982465325977E-004
   8.0000000000000002E-002   4.8737248943958947E-004
   8.9999999999999997E-002   6.1560966408022097E-004
   9.9999999999999992E-002   7.5849739170902027E-004
  0.10999999999999999        9.1594094765232333E-004
  0.11999999999999998        1.0878448583110354E-003
  0.12999999999999998        1.2741129198512310E-003
  0.13999999999999999        1.4746482170134149E-003
  0.14999999999999999        1.6893531421115315E-003
  0.16000000000000000        1.9181294137252500E-003
  0.17000000000000001        2.1608780957817920E-003
  0.18000000000000002        2.4174996164096447E-003
  0.19000000000000003        2.6878937870122130E-003
  0.20000000000000004        2.9719598211651135E-003
  0.21000000000000005        3.2695963537460351E-003
  0.22000000000000006        3.5807014598441965E-003
  0.23000000000000007        3.9051726739757985E-003
  0.24000000000000007        4.2429070090221517E-003
  0.25000000000000006        4.5938009753114196E-003
  0.26000000000000006        4.9577505997720700E-003
  0.27000000000000007        5.3346514449181788E-003
  0.28000000000000008        5.7243986279789053E-003
  0.29000000000000009        6.1268868399446058E-003
  0.30000000000000010        6.5420103645820312E-003
  0.31000000000000011        6.9696630975793830E-003
  0.32000000000000012        7.4097385655115030E-003
  0.33000000000000013        7.8621299448059546E-003
  0.34000000000000014        8.3267300807618617E-003
  0.35000000000000014        8.8034315066390506E-003
  0.36000000000000015        9.2921264623607117E-003
  0.37000000000000016        9.7927069135576826E-003
  0.38000000000000017        1.0305064570388432E-002
  0.39000000000000018        1.0829090906437853E-002
  0.40000000000000019        1.1364677177308487E-002
  0.41000000000000020        1.1911714439530870E-002
  0.42000000000000021        1.2470093569224199E-002
  0.43000000000000022        1.3039705280593457E-002
  0.44000000000000022        1.3620440144648773E-002
  0.45000000000000023        1.4212188607621379E-002
  0.46000000000000024        1.4814841009420295E-002
  0.47000000000000025        1.5428287602059800E-002
  0.48000000000000026        1.6052418567890230E-002
  0.49000000000000027        1.6687124037847164E-002
  0.50000000000000022        1.7332294109648656E-002
  0.51000000000000023        1.7987818865724207E-002
  0.52000000000000024        1.8653588391403034E-002
  0.53000000000000025        1.9329492792566134E-002
  0.54000000000000026        2.0015422213603449E-002
  0.55000000000000027        2.0711266855062367E-002
  0.56000000000000028        2.1416916991207263E-002
  0.57000000000000028        2.2132262987539588E-002
  0.58000000000000029        2.2857195318155898E-002
  0.59000000000000030        2.3591604583032819E-002
  0.60000000000000031        2.4335381525160665E-002
  0.61000000000000032        2.5088417047586496E-002
  0.62000000000000033        2.5850602230284535E-002
  0.63000000000000034        2.6621828346959416E-002
  0.64000000000000035        2.7401986881695331E-002
  0.65000000000000036        2.8190969545455500E-002
  0.66000000000000036        2.8988668292433219E-002
  0.67000000000000037        2.9794975336342445E-002
  0.68000000000000038        3.0609783166430211E-002
  0.69000000000000039        3.1432984563429488E-002
  0.70000000000000040        3.2264472615381741E-002
  0.71000000000000041        3.3104140733204383E-002
  0.72000000000000042        3.3951882666161413E-002
  0.73000000000000043        3.4807592517199309E-002
  0.74000000000000044        3.5671164758058996E-002
  0.75000000000000044        3.6542494244190760E-002
  0.76000000000000045        3.7421476229615065E-002
  0.77000000000000046        3.8308006381485828E-002
  0.78000000000000047        3.9201980794527462E-002
  0.79000000000000048        4.0103296005219613E-002
  0.80000000000000049        4.1011849005976930E-002
  0.81000000000000050        4.1927537258900464E-002
  0.82000000000000051        4.2850258709499538E-002
  0.83000000000000052        4.3779911800095772E-002
  0.84000000000000052        4.4716395483198314E-002
  0.85000000000000053        4.5659609234458033E-002
  0.86000000000000054        4.6609453065619512E-002
  0.87000000000000055        4.7565827537097302E-002
  0.88000000000000056        4.8528633770463736E-002
  0.89000000000000057        4.9497773460597687E-002
  0.90000000000000058        5.0473148887770006E-002
  0.91000000000000059        5.1454662929389473E-002
  0.92000000000000060        5.2442219071524458E-002
  0.93000000000000060        5.3435721420276409E-002
  0.94000000000000061        5.4435074712858932E-002
  0.95000000000000062        5.5440184328460575E-002
  0.96000000000000063        5.6450956298904474E-002
  0.97000000000000064        5.7467297319015759E-002
  0.98000000000000065        5.8489114756797543E-002
  0.99000000000000066        5.9516316663347162E-002
   1.0000000000000007        6.0548811782538917E-002
   1.0100000000000007        6.1586509560436625E-002
   1.0200000000000007        6.2629320154495155E-002
   1.0300000000000007        6.3677154442495526E-002
   1.0400000000000007        6.4729924031204908E-002
   1.0500000000000007        6.5787541264862845E-002
   1.0600000000000007        6.6849919233314098E-002
   1.0700000000000007        6.7916971779959867E-002
   1.0800000000000007        6.8988613509406424E-002
   1.0900000000000007        7.0064759794932291E-002
   1.1000000000000008        7.1145326785550106E-002
   1.1100000000000008        7.2230231412992063E-002
   1.1200000000000008        7.3319391398314268E-002
   1.1300000000000008        7.4412725258212700E-002
   1.1400000000000008        7.5510152311256837E-002
   1.1500000000000008        7.6611592683634530E-002
   1.1600000000000008        7.7716967314766669E-002
   1.1700000000000008        7.8826197962643188E-002
   1.1800000000000008        7.9939207208870267E-002
   1.1900000000000008        8.1055918463490195E-002
   1.2000000000000008        8.2176255969463999E-002
   1.2100000000000009        8.3300144806973009E-002
   1.2200000000000009        8.4427510897442770E-002
   1.2300000000000009        8.5558281007214063E-002
   1.2400000000000009        8.6692382751078642E-002
   1.2500000000000009        8.7829744595477530E-002
   1.2600000000000009        8.8970295861436649E-002
   1.2700000000000009        9.0113966727287775E-002
   1.2800000000000009        9.1260688231063494E-002
   1.2900000000000009        9.2410392272690600E-002
   1.3000000000000009        9.3563011615884609E-002
   1.3100000000000009        9.4718479889816784E-002
   1.3200000000000010        9.5876731590495715E-002
   1.3300000000000010        9.7037702081954572E-002
   1.3400000000000010        9.8201327597043919E-002
   1.3500000000000010        9.9367545238193161E-002
   1.3600000000000010       0.10053629297769971     
   1.3700000000000010       0.10170750965788873     
   1.3800000000000010       0.10288113499104999     
   1.3900000000000010       0.10405710955904258     
   1.4000000000000010       0.10523537481272428     
   1.4100000000000010       0.10641587307105478     
   1.4200000000000010       0.10759854752012937     
   1.4300000000000010       0.10878334221179235     
   1.4400000000000011       0.10997020206208737     
   1.4500000000000011       0.11115907284958533     
   1.4600000000000011       0.11234990121325515     
   1.4700000000000011       0.11354263465030631     
   1.4800000000000011       0.11473722151379634     
   1.4900000000000011       0.11593361100981948     
   1.5000000000000011       0.11713175319479718     
   1.5100000000000011       0.11833159897224928     
   1.5200000000000011       0.11953310008958294     
   1.5300000000000011       0.12073620913450821     
   1.5400000000000011       0.12194087953138491     
   1.5500000000000012       0.12314706553730832     
   1.5600000000000012       0.12435472223793913     
   1.5700000000000012       0.12556380554327440     
   1.5800000000000012       0.12677427218313428     
   1.5900000000000012       0.12798607970247364     
   1.6000000000000012       0.12919918645654657     
   1.6100000000000012       0.13041355160586951     
   1.6200000000000012       0.13162913511098412     
   1.6300000000000012       0.13284589772714844     
   1.6400000000000012       0.13406380099873083     
   1.6500000000000012       0.13528280725355007     
   1.6600000000000013       0.13650287959696311     
   1.6700000000000013       0.13772398190594892     
   1.6800000000000013       0.13894607882278875     
   1.6900000000000013       0.14016913574893336     
   1.7000000000000013       0.14139311883842232     
   1.7100000000000013       0.14261799499135694     
   1.7200000000000013       0.14384373184718710     
   1.7300000000000013       0.14507029777779842     
   1.7400000000000013       0.14629766188066093     
   1.7500000000000013       0.14752579397160473     
   1.7600000000000013       0.14875466457770947     
   1.7700000000000014       0.14998424492995135     
   1.7800000000000014       0.15121450695581753     
   1.7900000000000014       0.15244542327168722     
   1.8000000000000014       0.15367696717534973     
   1.8100000000000014       0.15490911263815951     
   1.8200000000000014       0.15614183429730827     
   1.8300000000000014       0.15737510744793337     
   1.8400000000000014       0.15860890803511701     
   1.8500000000000014       0.15984321264585602     
   1.8600000000000014       0.16107799850095395     
   1.8700000000000014       0.16231324344682699     
   1.8800000000000014       0.16354892594727671     
   1.8900000000000015       0.16478502507517936     
   1.9000000000000015       0.16602152050408434     
   1.9100000000000015       0.16725839249990709     
   1.9200000000000015       0.16849562191234241     
   1.9300000000000015       0.16973319016648586     
   1.9400000000000015       0.17097107925423846     
   1.9500000000000015       0.17220927172576742     
   1.9600000000000015       0.17344775068085902     
   1.9700000000000015       0.17468649976036518     
   1.9800000000000015       0.17592550313752253     
   1.9900000000000015       0.17716474550929678     
   2.0000000000000013       0.17840421208771026     
   2.0100000000000011       0.17964388859114963     
   2.0200000000000009       0.18088376123569261     
   2.0300000000000007       0.18212381672639447     
   2.0400000000000005       0.18336404224863651     
   2.0500000000000003       0.18460442545936409     
   2.0600000000000001       0.18584495447850377     
   2.0699999999999998       0.18708561788023437     
   2.0799999999999996       0.18832640468434408     
   2.0899999999999994       0.18956730434761129     
   2.0999999999999992       0.19080830675521671     
   2.1099999999999990       0.19204940221211458     
   2.1199999999999988       0.19329058143449970     
   2.1299999999999986       0.19453183554131298     
   2.1399999999999983       0.19577315604569806     
   2.1499999999999981       0.19701453484660342     
   2.1599999999999979       0.19825596422033534     
   2.1699999999999977       0.19949743681220555     
   2.1799999999999975       0.20073894562824512     
   2.1899999999999973       0.20198048402686908     
   2.1999999999999971       0.20322204571071970     
   2.2099999999999969       0.20446362471846111     
   2.2199999999999966       0.20570521541669634     
   2.2299999999999964       0.20694681249192026     
   2.2399999999999962       0.20818841094251708     
   2.2499999999999960       0.20943000607086806     
   2.2599999999999958       0.21067159347544998     
   2.2699999999999956       0.21191316904309310     
   2.2799999999999954       0.21315472894125648     
   2.2899999999999952       0.21439626961035652     
   2.2999999999999949       0.21563778775622897     
   2.3099999999999947       0.21687928034261522     
   2.3199999999999945       0.21812074458376152     
   2.3299999999999943       0.21936217793705781     
   2.3399999999999941       0.22060357809582040     
   2.3499999999999939       0.22184494298209756     
   2.3599999999999937       0.22308627073957113     
   2.3699999999999934       0.22432755972657317     
   2.3799999999999932       0.22556880850916974     
   2.3899999999999930       0.22681001585431260     
   2.3999999999999928       0.22805118072315195     
   2.4099999999999926       0.22929230226432823     
   2.4199999999999924       0.23053337980744762     
   2.4299999999999922       0.23177441285663122     
   2.4399999999999920       0.23301540108412061     
   2.4499999999999917       0.23425634432402709     
   2.4599999999999915       0.23549724256613308     
   2.4699999999999913       0.23673809594981052     
   2.4799999999999911       0.23797890475806591     
   2.4899999999999909       0.23921966941160391     
   2.4999999999999907       0.24046039046308346     
   2.5099999999999905       0.24170106859136239     
   2.5199999999999902       0.24294170459597578     
   2.5299999999999900       0.24418229939160443     
   2.5399999999999898       0.24542285400265723     
   2.5499999999999896       0.24666336955802315     
   2.5599999999999894       0.24790384728584339     
   2.5699999999999892       0.24914428850839945     
   2.5799999999999890       0.25038469463717133     
   2.5899999999999888       0.25162506716790756     
   2.5999999999999885       0.25286540767578247     
   2.6099999999999883       0.25410571781080366     
   2.6199999999999881       0.25534599929313001     
   2.6299999999999879       0.25658625390859646     
   2.6399999999999877       0.25782648350432980     
   2.6499999999999875       0.25906668998443450     
   2.6599999999999873       0.26030687530581309     
   2.6699999999999871       0.26154704147402708     
   2.6799999999999868       0.26278719053934668     
   2.6899999999999866       0.26402732459277367     
   2.6999999999999864       0.26526744576230499     
   2.7099999999999862       0.26650755620916977     
   2.7199999999999860       0.26774765812425283     
   2.7299999999999858       0.26898775372450828     
   2.7399999999999856       0.27022784524961724     
   2.7499999999999853       0.27146793495860100     
   2.7599999999999851       0.27270802512657671     
   2.7699999999999849       0.27394811804165747     
   2.7799999999999847       0.27518821600185189     
   2.7899999999999845       0.27642832131211198     
   2.7999999999999843       0.27766843628147858     
   2.8099999999999841       0.27890856322028101     
   2.8199999999999839       0.28014870443744772     
   2.8299999999999836       0.28138886223788911     
   2.8399999999999834       0.28262903891998398     
   2.8499999999999832       0.28386923677314857     
   2.8599999999999830       0.28510945807547855     
   2.8699999999999828       0.28634970509149005     
   2.8799999999999826       0.28758998006991932     
   2.8899999999999824       0.28883028524164345     
   2.8999999999999821       0.29007062281763274     
   2.9099999999999819       0.29131099498703517     
   2.9199999999999817       0.29255140391529999     
   2.9299999999999815       0.29379185174236871     
   2.9399999999999813       0.29503234058102384     
   2.9499999999999811       0.29627287251518486     
   2.9599999999999809       0.29751344959840192     
   2.9699999999999807       0.29875407385233882     
   2.9799999999999804       0.29999474726535225     
   2.9899999999999802       0.30123547179117866     
   2.9999999999999800       0.30247624934762851     
   3.0099999999999798       0.30371708181538043     
   3.0199999999999796       0.30495797103684225     
   3.0299999999999794       0.30619891881509559     
   3.0399999999999792       0.30743992691285227     
   3.0499999999999790       0.30868099705153790     
   3.0599999999999787       0.30992213091036286     
   3.0699999999999785       0.31116333012555147     
   3.0799999999999783       0.31240459628953732     
   3.0899999999999781       0.31364593095028193     
   3.0999999999999779       0.31488733561059362     
   3.1099999999999777       0.31612881172756319     
   3.1199999999999775       0.31737036071201813     
   3.1299999999999772       0.31861198392802653     
   3.1399999999999770       0.31985368269249054     
   3.1499999999999768       0.32109545827472830     
   3.1599999999999766       0.32233731189615644     
   3.1699999999999764       0.32357924473003269     
   3.1799999999999762       0.32482125790118632     
   3.1899999999999760       0.32606335248583818     
   3.1999999999999758       0.32730552951146930     
   3.2099999999999755       0.32854778995670936     
   3.2199999999999753       0.32979013475127505     
   3.2299999999999751       0.33103256477596027     
   3.2399999999999749       0.33227508086267915     
   3.2499999999999747       0.33351768379448810     
   3.2599999999999745       0.33476037430572836     
   3.2699999999999743       0.33600315308212481     
   3.2799999999999740       0.33724602076101606     
   3.2899999999999738       0.33848897793150634     
   3.2999999999999736       0.33973202513474193     
   3.3099999999999734       0.34097516286417606     
   3.3199999999999732       0.34221839156587774     
   3.3299999999999730       0.34346171163886263     
   3.3399999999999728       0.34470512343547582     
   3.3499999999999726       0.34594862726175668     
   3.3599999999999723       0.34719222337789796     
   3.3699999999999721       0.34843591199866081     
   3.3799999999999719       0.34967969329386367     
   3.3899999999999717       0.35092356738887526     
   3.3999999999999715       0.35216753436512221     
   3.4099999999999713       0.35341159426066437     
   3.4199999999999711       0.35465574707071346     
   3.4299999999999708       0.35589999274824963     
   3.4399999999999706       0.35714433120460404     
   3.4499999999999704       0.35838876231008887     
   3.4599999999999702       0.35963328589463073     
   3.4699999999999700       0.36087790174841877     
   3.4799999999999698       0.36212260962258996     
   3.4899999999999696       0.36336740922988942     
   3.4999999999999694       0.36461230024539859     
   3.5099999999999691       0.36585728230721515     
   3.5199999999999689       0.36710235501719291     
   3.5299999999999687       0.36834751794165943     
   3.5399999999999685       0.36959277061219958     
   3.5499999999999683       0.37083811252636051     
   3.5599999999999681       0.37208354314843745     
   3.5699999999999679       0.37332906191024839     
   3.5799999999999677       0.37457466821191199     
   3.5899999999999674       0.37582036142262309     
   3.5999999999999672       0.37706614088143975     
   3.6099999999999670       0.37831200589810265     
   3.6199999999999668       0.37955795575381374     
   3.6299999999999666       0.38080398970205448     
   3.6399999999999664       0.38205010696938185     
   3.6499999999999662       0.38329630675624710     
   3.6599999999999659       0.38454258823780912     
   3.6699999999999657       0.38578895056474849     
   3.6799999999999655       0.38703539286407462     
   3.6899999999999653       0.38828191423994246     
   3.6999999999999651       0.38952851377448272     
   3.7099999999999649       0.39077519052859189     
   3.7199999999999647       0.39202194354276154     
   3.7299999999999645       0.39326877183788411     
   3.7399999999999642       0.39451567441606050     
   3.7499999999999640       0.39576265026139690     
   3.7599999999999638       0.39700969834082350     
   3.7699999999999636       0.39825681760488174     
   3.7799999999999634       0.39950400698851818     
   3.7899999999999632       0.40075126541186756     
   3.7999999999999630       0.40199859178104935     
   3.8099999999999627       0.40324598498894160     
   3.8199999999999625       0.40449344391593994     
   3.8299999999999623       0.40574096743074534     
   3.8399999999999621       0.40698855439110510     
   3.8499999999999619       0.40823620364456986     
   3.8599999999999617       0.40948391402923956     
   3.8699999999999615       0.41073168437449942     
   3.8799999999999613       0.41197951350175310     
   3.8899999999999610       0.41322740022513182     
   3.8999999999999608       0.41447534335221781     
   3.9099999999999606       0.41572334168474284     
   3.9199999999999604       0.41697139401928496     
   3.9299999999999602       0.41821949914793249     
   3.9399999999999600       0.41946765585899592     
   3.9499999999999598       0.42071586293764052     
   3.9599999999999596       0.42196411916655591     
   3.9699999999999593       0.42321242332660863     
   3.9799999999999591       0.42446077419743933     
   3.9899999999999589       0.42570917055814111     
   3.9999999999999587       0.42695761118782100     
   4.0099999999999589       0.42820609486623651     
   4.0199999999999587       0.42945462037436727     
   4.0299999999999585       0.43070318649500672     
   4.0399999999999583       0.43195179201331119     
   4.0499999999999581       0.43320043571739103     
   4.0599999999999579       0.43444911639880579     
   4.0699999999999577       0.43569783285313474     
   4.0799999999999574       0.43694658388050500     
   4.0899999999999572       0.43819536828606453     
   4.0999999999999570       0.43944418488050535     
   4.1099999999999568       0.44069303248053771     
   4.1199999999999566       0.44194190990938065     
   4.1299999999999564       0.44319081599719934     
   4.1399999999999562       0.44443974958158206     
   4.1499999999999559       0.44568870950794320     
   4.1599999999999557       0.44693769462998123     
   4.1699999999999555       0.44818670381007625     
   4.1799999999999553       0.44943573591968200     
   4.1899999999999551       0.45068478983973453     
   4.1999999999999549       0.45193386446102246     
   4.2099999999999547       0.45318295868453445     
   4.2199999999999545       0.45443207142183356     
   4.2299999999999542       0.45568120159538794     
   4.2399999999999540       0.45693034813889827     
   4.2499999999999538       0.45817950999761603     
   4.2599999999999536       0.45942868612864030     
   4.2699999999999534       0.46067787550122363     
   4.2799999999999532       0.46192707709704878     
   4.2899999999999530       0.46317628991048487     
   4.2999999999999527       0.46442551294887358     
   4.3099999999999525       0.46567474523272290     
   4.3199999999999523       0.46692398579600575     
   4.3299999999999521       0.46817323368633412     
   4.3399999999999519       0.46942248796519581     
   4.3499999999999517       0.47067174770813675     
   4.3599999999999515       0.47192101200496706     
   4.3699999999999513       0.47317027995994038     
   4.3799999999999510       0.47441955069188846     
   4.3899999999999508       0.47566882333443239     
   4.3999999999999506       0.47691809703607940     
   4.4099999999999504       0.47816737096038464     
   4.4199999999999502       0.47941664428606412     
   4.4299999999999500       0.48066591620712279     
   4.4399999999999498       0.48191518593295185     
   4.4499999999999496       0.48316445268841207     
   4.4599999999999493       0.48441371571394454     
   4.4699999999999491       0.48566297426562888     
   4.4799999999999489       0.48691222761524017     
   4.4899999999999487       0.48816147505033997     
   4.4999999999999485       0.48941071587428481     
   4.5099999999999483       0.49065994940628077     
   4.5199999999999481       0.49190917498142372     
   4.5299999999999478       0.49315839195069439     
   4.5399999999999476       0.49440759968100040     
   4.5499999999999474       0.49565679755515540     
   4.5599999999999472       0.49690598497188654     
   4.5699999999999470       0.49815516134582510     
   4.5799999999999468       0.49940432610745472     
   4.5899999999999466       0.50065347870313670     
   4.5999999999999464       0.50190261859503327     
   4.6099999999999461       0.50315174526107209     
   4.6199999999999459       0.50440085819489677     
   4.6299999999999457       0.50564995690581926     
   4.6399999999999455       0.50689904091874083     
   4.6499999999999453       0.50814810977408320     
   4.6599999999999451       0.50939716302771421     
   4.6699999999999449       0.51064620025086971     
   4.6799999999999446       0.51189522103003882     
   4.6899999999999444       0.51314422496689682     
   4.6999999999999442       0.51439321167817864     
   4.7099999999999440       0.51564218079558677     
   4.7199999999999438       0.51689113196566516     
   4.7299999999999436       0.51814006484968378     
   4.7399999999999434       0.51938897912351534     
   4.7499999999999432       0.52063787447750509     
   4.7599999999999429       0.52188675061633194     
   4.7699999999999427       0.52313560725886898     
   4.7799999999999425       0.52438444413805896     
   4.7899999999999423       0.52563326100072438     
   4.7999999999999421       0.52688205760746321     
   4.8099999999999419       0.52813083373243475     
   4.8199999999999417       0.52937958916328431     
   4.8299999999999415       0.53062832370087298     
   4.8399999999999412       0.53187703715919898     
   4.8499999999999410       0.53312572936517932     
   4.8599999999999408       0.53437440015848980     
   4.8699999999999406       0.53562304939136962     
   4.8799999999999404       0.53687167692848092     
   4.8899999999999402       0.53812028264668044     
   4.8999999999999400       0.53936886643486071     
   4.9099999999999397       0.54061742819374581     
   4.9199999999999395       0.54186596783572161     
   4.9299999999999393       0.54311448528461781     
   4.9399999999999391       0.54436298047553089     
   4.9499999999999389       0.54561145335461059     
   4.9599999999999387       0.54685990387889238     
   4.9699999999999385       0.54810833201604581     
   4.9799999999999383       0.54935673774422811     
   4.9899999999999380       0.55060512105184301     
   4.9999999999999378       0.55185348193734884     
   5.0099999999999376       0.55310182040905931     
   5.0199999999999374       0.55435013648493636     
   5.0299999999999372       0.55559843019235766     
   5.0399999999999370       0.55684670156794813     
   5.0499999999999368       0.55809495065734060     
   5.0599999999999365       0.55934317751498208     
   5.0699999999999363       0.56059138220392657     
   5.0799999999999361       0.56183956479561759     
   5.0899999999999359       0.56308772536967400     
   5.0999999999999357       0.56433586401369329     
   5.1099999999999355       0.56558398082305117     
   5.1199999999999353       0.56683207590064544     
   5.1299999999999351       0.56808014935675744     
   5.1399999999999348       0.56932820130878714     
   5.1499999999999346       0.57057623188106221     
   5.1599999999999344       0.57182424120464792     
   5.1699999999999342       0.57307222941712110     
   5.1799999999999340       0.57432019666236878     
   5.1899999999999338       0.57556814309039528     
   5.1999999999999336       0.57681606885710901     
   5.2099999999999334       0.57806397412409971     
   5.2199999999999331       0.57931185905849025     
   5.2299999999999329       0.58055972383269627     
   5.2399999999999327       0.58180756862423566     
   5.2499999999999325       0.58305539361552250     
   5.2599999999999323       0.58430319899370531     
   5.2699999999999321       0.58555098495044455     
   5.2799999999999319       0.58679875168171558     
   5.2899999999999316       0.58804649938765452     
   5.2999999999999314       0.58929422827232492     
   5.3099999999999312       0.59054193854356662     
   5.3199999999999310       0.59178963041278587     
   5.3299999999999308       0.59303730409480382     
   5.3399999999999306       0.59428495980764084     
   5.3499999999999304       0.59553259777236067     
   5.3599999999999302       0.59678021821288429     
   5.3699999999999299       0.59802782135583166     
   5.3799999999999297       0.59927540743032692     
   5.3899999999999295       0.60052297666784449     
   5.3999999999999293       0.60177052930204433     
   5.4099999999999291       0.60301806556859960     
   5.4199999999999289       0.60426558570503885     
   5.4299999999999287       0.60551308995057951     
   5.4399999999999284       0.60676057854598098     
   5.4499999999999282       0.60800805173340045     
   5.4599999999999280       0.60925550975619347     
   5.4699999999999278       0.61050295285882916     
   5.4799999999999276       0.61175038128670656     
   5.4899999999999274       0.61299779528600873     
   5.4999999999999272       0.61424519510357600     
   5.5099999999999270       0.61549258098676374     
   5.5199999999999267       0.61673995318330721     
   5.5299999999999265       0.61798731194118195     
   5.5399999999999263       0.61923465750847395     
   5.5499999999999261       0.62048199013327865     
   5.5599999999999259       0.62172931006352983     
   5.5699999999999257       0.62297661754692302     
   5.5799999999999255       0.62422391283076628     
   5.5899999999999253       0.62547119616187985     
   5.5999999999999250       0.62671846778647877     
   5.6099999999999248       0.62796572795006655     
   5.6199999999999246       0.62921297689731626     
   5.6299999999999244       0.63046021487198012     
   5.6399999999999242       0.63170744211677887     
   5.6499999999999240       0.63295465887330704     
   5.6599999999999238       0.63420186538193446     
   5.6699999999999235       0.63544906188172001     
   5.6799999999999233       0.63669624861030727     
   5.6899999999999231       0.63794342580384711     
   5.6999999999999229       0.63919059369692821     
   5.7099999999999227       0.64043775252244739     
   5.7199999999999225       0.64168490251159505     
   5.7299999999999223       0.64293204389372482     
   5.7399999999999221       0.64417917689630344     
   5.7499999999999218       0.64542630174484061     
   5.7599999999999216       0.64667341866282546     
   5.7699999999999214       0.64792052787163634     
   5.7799999999999212       0.64916762959050722     
   5.7899999999999210       0.65041472403645384     
   5.7999999999999208       0.65166181142421309     
   5.8099999999999206       0.65290889196619772     
   5.8199999999999203       0.65415596587243874     
   5.8299999999999201       0.65540303335053340     
   5.8399999999999199       0.65665009460560420     
   5.8499999999999197       0.65789714984024372     
   5.8599999999999195       0.65914419925449796     
   5.8699999999999193       0.66039124304579344     
   5.8799999999999191       0.66163828140890346     
   5.8899999999999189       0.66288531453595934     
   5.8999999999999186       0.66413234261634069     
   5.9099999999999184       0.66537936583672141     
   5.9199999999999182       0.66662638438098465     
   5.9299999999999180       0.66787339843023541     
   5.9399999999999178       0.66912040816275486     
   5.9499999999999176       0.67036741375398046     
   5.9599999999999174       0.67161441537649302     
   5.9699999999999172       0.67286141320001347     
   5.9799999999999169       0.67410840739134703     
   5.9899999999999167       0.67535539811441114     
   5.9999999999999165       0.67660238553021723     
   6.0099999999999163       0.67784936979681476     
   6.0199999999999161       0.67909635106936950     
   6.0299999999999159       0.68034332950008414     
   6.0399999999999157       0.68159030523822661     
   6.0499999999999154       0.68283727843011377     
   6.0599999999999152       0.68408424921913946     
   6.0699999999999150       0.68533121774573791     
   6.0799999999999148       0.68657818414741456     
   6.0899999999999146       0.68782514855874877     
   6.0999999999999144       0.68907211111138134     
   6.1099999999999142       0.69031907193405195     
   6.1199999999999140       0.69156603115257298     
   6.1299999999999137       0.69281298888986986     
   6.1399999999999135       0.69405994526598425     
   6.1499999999999133       0.69530690039808596     
   6.1599999999999131       0.69655385440048589     
   6.1699999999999129       0.69780080738465955     
   6.1799999999999127       0.69904775945926056     
   6.1899999999999125       0.70029471073014016     
   6.1999999999999122       0.70154166130036155     
   6.2099999999999120       0.70278861127023351     
   6.2199999999999118       0.70403556073731777     
   6.2299999999999116       0.70528250979646823     
   6.2399999999999114       0.70652945853984150     
   6.2499999999999112       0.70777640705693956     
   6.2599999999999110       0.70902335543459782     
   6.2699999999999108       0.71027030375706945     
   6.2799999999999105       0.71151725210600392     
   6.2899999999999103       0.71276420056050105     
   6.2999999999999101       0.71401114919712450     
   6.3099999999999099       0.71525809808996366     
   6.3199999999999097       0.71650504731061004     
   6.3299999999999095       0.71775199692824843     
   6.3399999999999093       0.71899894700965095     
   6.3499999999999091       0.72024589761921365     
   6.3599999999999088       0.72149284881901155     
   6.3699999999999086       0.72273980066880850     
   6.3799999999999084       0.72398675322609818     
   6.3899999999999082       0.72523370654614994     
   6.3999999999999080       0.72648066068202699     
   6.4099999999999078       0.72772761568463418     
   6.4199999999999076       0.72897457160274437     
   6.4299999999999073       0.73022152848305188     
   6.4399999999999071       0.73146848637018924     
   6.4499999999999069       0.73271544530676280     
   6.4599999999999067       0.73396240533341162     
   6.4699999999999065       0.73520936648883495     
   6.4799999999999063       0.73645632880980372     
   6.4899999999999061       0.73770329233124610     
   6.4999999999999059       0.73895025708623274     
   6.5099999999999056       0.74019722310606972     
   6.5199999999999054       0.74144419042027254     
   6.5299999999999052       0.74269115905666172     
   6.5399999999999050       0.74393812904137535     
   6.5499999999999048       0.74518510039889085     
   6.5599999999999046       0.74643207315209659     
   6.5699999999999044       0.74767904732229096     
   6.5799999999999041       0.74892602292926225     
   6.5899999999999039       0.75017299999128695     
   6.5999999999999037       0.75141997852519360     
   6.6099999999999035       0.75266695854637711     
   6.6199999999999033       0.75391394006885371     
   6.6299999999999031       0.75516092310529415     
   6.6399999999999029       0.75640790766704968     
   6.6499999999999027       0.75765489376419215     
   6.6599999999999024       0.75890188140556425     
   6.6699999999999022       0.76014887059877378     
   6.6799999999999020       0.76139586135029169     
   6.6899999999999018       0.76264285366542428     
   6.6999999999999016       0.76388984754839706     
   6.7099999999999014       0.76513684300234752     
   6.7199999999999012       0.76638384002938320     
   6.7299999999999010       0.76763083863060577     
   6.7399999999999007       0.76887783880615734     
   6.7499999999999005       0.77012484055522545     
   6.7599999999999003       0.77137184387611368     
   6.7699999999999001       0.77261884876623454     
   6.7799999999998999       0.77386585522215756     
   6.7899999999998997       0.77511286323964679     
   6.7999999999998995       0.77635987281368368     
   6.8099999999998992       0.77760688393848221     
   6.8199999999998990       0.77885389660755366     
   6.8299999999998988       0.78010091081369504     
   6.8399999999998986       0.78134792654905227     
   6.8499999999998984       0.78259494380511663     
   6.8599999999998982       0.78384196257277861     
   6.8699999999998980       0.78508898284233963     
   6.8799999999998978       0.78633600460353725     
   6.8899999999998975       0.78758302784559286     
   6.8999999999998973       0.78883005255718541     
   6.9099999999998971       0.79007707872655242     
   6.9199999999998969       0.79132410634143890     
   6.9299999999998967       0.79257113538917112     
   6.9399999999998965       0.79381816585665044     
   6.9499999999998963       0.79506519773039475     
   6.9599999999998960       0.79631223099656423     
   6.9699999999998958       0.79755926564096069     
   6.9799999999998956       0.79880630164904742     
   6.9899999999998954       0.80005333900601250     
   6.9999999999998952       0.80130037769674156     
   7.0099999999998950       0.80254741770585314     
   7.0199999999998948       0.80379445901772362     
   7.0299999999998946       0.80504150161650845     
   7.0399999999998943       0.80628854548614415     
   7.0499999999998941       0.80753559061036939     
   7.0599999999998939       0.80878263697275821     
   7.0699999999998937       0.81002968455672975     
   7.0799999999998935       0.81127673334554040     
   7.0899999999998933       0.81252378332234110     
   7.0999999999998931       0.81377083447015341     
   7.1099999999998929       0.81501788677191433     
   7.1199999999998926       0.81626494021046059     
   7.1299999999998924       0.81751199476858838     
   7.1399999999998922       0.81875905042899488     
   7.1499999999998920       0.82000610717436984     
   7.1599999999998918       0.82125316498734735     
   7.1699999999998916       0.82250022385056010     
   7.1799999999998914       0.82374728374662454     
   7.1899999999998911       0.82499434465814592     
   7.1999999999998909       0.82624140656776035     
   7.2099999999998907       0.82748846945811794     
   7.2199999999998905       0.82873553331191396     
   7.2299999999998903       0.82998259811186936     
   7.2399999999998901       0.83122966384076069     
   7.2499999999998899       0.83247673048143145     
   7.2599999999998897       0.83372379801678920     
   7.2699999999998894       0.83497086642981089     
   7.2799999999998892       0.83621793570357195     
   7.2899999999998890       0.83746500582122463     
   7.2999999999998888       0.83871207676602721     
   7.3099999999998886       0.83995914852133735     
   7.3199999999998884       0.84120622107061915     
   7.3299999999998882       0.84245329439746830     
   7.3399999999998879       0.84370036848558905     
   7.3499999999998877       0.84494744331881122     
   7.3599999999998875       0.84619451888110608     
   7.3699999999998873       0.84744159515658057     
   7.3799999999998871       0.84868867212947274     
   7.3899999999998869       0.84993574978417552     
   7.3999999999998867       0.85118282810523149     
   7.4099999999998865       0.85242990707733279     
   7.4199999999998862       0.85367698668532910     
   7.4299999999998860       0.85492406691423384     
   7.4399999999998858       0.85617114774921832     
   7.4499999999998856       0.85741822917560984     
   7.4599999999998854       0.85866531117893274     
   7.4699999999998852       0.85991239374485517     
   7.4799999999998850       0.86115947685923488     
   7.4899999999998847       0.86240656050808562     
   7.4999999999998845       0.86365364467762251     
   7.5099999999998843       0.86490072935420959     
   7.5199999999998841       0.86614781452442458     
   7.5299999999998839       0.86739490017499699     
   7.5399999999998837       0.86864198629285805     
   7.5499999999998835       0.86988907286511175     
   7.5599999999998833       0.87113615987905280     
   7.5699999999998830       0.87238324732215133     
   7.5799999999998828       0.87363033518207334     
   7.5899999999998826       0.87487742344667363     
   7.5999999999998824       0.87612451210398101     
   7.6099999999998822       0.87737160114221757     
   7.6199999999998820       0.87861869054979380     
   7.6299999999998818       0.87986578031530838     
   7.6399999999998816       0.88111287042755138     
   7.6499999999998813       0.88235996087549107     
   7.6599999999998811       0.88360705164827757     
   7.6699999999998809       0.88485414273526430     
   7.6799999999998807       0.88610123412598518     
   7.6899999999998805       0.88734832581015244     
   7.6999999999998803       0.88859541777767526     
   7.7099999999998801       0.88984251001864145     
   7.7199999999998798       0.89108960252331526     
   7.7299999999998796       0.89233669528217252     
   7.7399999999998794       0.89358378828584717     
   7.7499999999998792       0.89483088152516399     
   7.7599999999998790       0.89607797499111985     
   7.7699999999998788       0.89732506867491657     
   7.7799999999998786       0.89857216256790895     
   7.7899999999998784       0.89981925666164675     
   7.7999999999998781       0.90106635094786003     
   7.8099999999998779       0.90231344541844583     
   7.8199999999998777       0.90356054006547981     
   7.8299999999998775       0.90480763488122384     
   7.8399999999998773       0.90605472985810798     
   7.8499999999998771       0.90730182498872936     
   7.8599999999998769       0.90854892026586109     
   7.8699999999998766       0.90979601568246093     
   7.8799999999998764       0.91104311123162962     
   7.8899999999998762       0.91229020690666573     
   7.8999999999998760       0.91353730270100408     
   7.9099999999998758       0.91478439860829641     
   7.9199999999998756       0.91603149462229372     
   7.9299999999998754       0.91727859073697182     
   7.9399999999998752       0.91852568694642589     
   7.9499999999998749       0.91977278324494338     
   7.9599999999998747       0.92101987962695364     
   7.9699999999998745       0.92226697608705910     
   7.9799999999998743       0.92351407262000462     
   7.9899999999998741       0.92476116922071239     
   7.9999999999998739       0.92600826588424001     
   8.0099999999998737       0.92725536260580899     
   8.0199999999998735       0.92850245938080034     
   8.0299999999998732       0.92974955620473565     
   8.0399999999998730       0.93099665307328661     
   8.0499999999998728       0.93224374998228954     
   8.0599999999998726       0.93349084692771822     
   8.0699999999998724       0.93473794390568377     
   8.0799999999998722       0.93598504091245838     
   8.0899999999998720       0.93723213794444793     
   8.0999999999998717       0.93847923499821106     
   8.1099999999998715       0.93972633207043044     
   8.1199999999998713       0.94097342915795368     
   8.1299999999998711       0.94222052625773367     
   8.1399999999998709       0.94346762336689405     
   8.1499999999998707       0.94471472048265903     
   8.1599999999998705       0.94596181760242415     
   8.1699999999998703       0.94720891472368607     
   8.1799999999998700       0.94845601184408579     
   8.1899999999998698       0.94970310896139665     
   8.1999999999998696       0.95095020607351199     
   8.2099999999998694       0.95219730317844919     
   8.2199999999998692       0.95344440027436650     
   8.2299999999998690       0.95469149735951664     
   8.2399999999998688       0.95593859443230556     
   8.2499999999998685       0.95718569149123334     
   8.2599999999998683       0.95843278853492697     
   8.2699999999998681       0.95967988556213923     
   8.2799999999998679       0.96092698257171982     
   8.2899999999998677       0.96217407956263667     
   8.2999999999998675       0.96342117653397796     
   8.3099999999998673       0.96466827348493578     
   8.3199999999998671       0.96591537041479536     
   8.3299999999998668       0.96716246732297106     
   8.3399999999998666       0.96840956420896618     
   8.3499999999998664       0.96965666107238013     
   8.3599999999998662       0.97090375791292305     
   8.3699999999998660       0.97215085473040552     
   8.3799999999998658       0.97339795152471997     
   8.3899999999998656       0.97464504829586618     
   8.3999999999998654       0.97589214504390898     
   8.4099999999998651       0.97713924176904787     
   8.4199999999998649       0.97838633847152723     
   8.4299999999998647       0.97963343515169365     
   8.4399999999998645       0.98088053180998369     
   8.4499999999998643       0.98212762844690105     
   8.4599999999998641       0.98337472506303170     
   8.4699999999998639       0.98462182165904300     
   8.4799999999998636       0.98586891823566747     
   8.4899999999998634       0.98711601479372080     
   8.4999999999998632       0.98836311133407873     
   8.5099999999998630       0.98961020785768650     
   8.5199999999998628       0.99085730436555830     
   8.5299999999998626       0.99210440085876528     
   8.5399999999998624       0.99335149733844130     
   8.5499999999998622       0.99459859380577875     
   8.5599999999998619       0.99584569026201297     
   8.5699999999998617       0.99709278670845780     
   8.5799999999998615       0.99833988314644584     
   8.5899999999998613       0.99958697957739295     
   8.5999999999998611        1.0008340760027175     
   8.6099999999998609        1.0020811724239216     
   8.6199999999998607        1.0033282688425180     
   8.6299999999998604        1.0045753652600846     
   8.6399999999998602        1.0058224616781986     
   8.6499999999998600        1.0070695580985127     
   8.6599999999998598        1.0083166545226661     
   8.6699999999998596        1.0095637509523669     
   8.6799999999998594        1.0108108473893034     
   8.6899999999998592        1.0120579438352384     
   8.6999999999998590        1.0133050402919117     
   8.7099999999998587        1.0145521367611003     
   8.7199999999998585        1.0157992332445933     
   8.7299999999998583        1.0170463297441878     
   8.7399999999998581        1.0182934262616998     
   8.7499999999998579        1.0195405227989514     
   8.7599999999998577        1.0207876193577519     
   8.7699999999998575        1.0220347159399419     
   8.7799999999998573        1.0232818125473300     
   8.7899999999998570        1.0245289091817600     
   8.7999999999998568        1.0257760058450365     
   8.8099999999998566        1.0270231025389855     
   8.8199999999998564        1.0282701992653860     
   8.8299999999998562        1.0295172960260444     
   8.8399999999998560        1.0307643928227297     
   8.8499999999998558        1.0320114896572081     
   8.8599999999998555        1.0332585865312158     
   8.8699999999998553        1.0345056834464776     
   8.8799999999998551        1.0357527804046780     
   8.8899999999998549        1.0369998774075011     
   8.8999999999998547        1.0382469744565836     
   8.9099999999998545        1.0394940715535437     
   8.9199999999998543        1.0407411686999595     
   8.9299999999998541        1.0419882658973831     
   8.9399999999998538        1.0432353631473277     
   8.9499999999998536        1.0444824604512695     
   8.9599999999998534        1.0457295578106518     
   8.9699999999998532        1.0469766552268585     
   8.9799999999998530        1.0482237527012606     
   8.9899999999998528        1.0494708502351544     
   8.9999999999998526        1.0507179478298070     
   9.0099999999998523        1.0519650454864287     
   9.0199999999998521        1.0532121432061965     
   9.0299999999998519        1.0544592409902309     
   9.0399999999998517        1.0557063388395806     
   9.0499999999998515        1.0569534367552675     
   9.0599999999998513        1.0582005347382406     
   9.0699999999998511        1.0594476327894120     
   9.0799999999998509        1.0606947309096129     
   9.0899999999998506        1.0619418290996392     
   9.0999999999998504        1.0631889273602122     
   9.1099999999998502        1.0644360256920096     
   9.1199999999998500        1.0656831240956293     
   9.1299999999998498        1.0669302225716133     
   9.1399999999998496        1.0681773211204579     
   9.1499999999998494        1.0694244197425715     
   9.1599999999998492        1.0706715184383144     
   9.1699999999998489        1.0719186172079811     
   9.1799999999998487        1.0731657160517998     
   9.1899999999998485        1.0744128149699386     
   9.1999999999998483        1.0756599139624823     
   9.2099999999998481        1.0769070130294764     
   9.2199999999998479        1.0781541121708871     
   9.2299999999998477        1.0794012113866127     
   9.2399999999998474        1.0806483106764915     
   9.2499999999998472        1.0818954100403000     
   9.2599999999998470        1.0831425094777278     
   9.2699999999998468        1.0843896089884471     
   9.2799999999998466        1.0856367085719993     
   9.2899999999998464        1.0868838082279160     
   9.2999999999998462        1.0881309079556403     
   9.3099999999998460        1.0893780077545672     
   9.3199999999998457        1.0906251076239959     
   9.3299999999998455        1.0918722075632090     
   9.3399999999998453        1.0931193075713896     
   9.3499999999998451        1.0943664076476702     
   9.3599999999998449        1.0956135077911460     
   9.3699999999998447        1.0968606080008250     
   9.3799999999998445        1.0981077082756558     
   9.3899999999998442        1.0993548086145624     
   9.3999999999998440        1.1006019090163845     
   9.4099999999998438        1.1018490094798965     
   9.4199999999998436        1.1030961100038659     
   9.4299999999998434        1.1043432105869491     
   9.4399999999998432        1.1055903112278118     
   9.4499999999998430        1.1068374119250124     
   9.4599999999998428        1.1080845126771033     
   9.4699999999998425        1.1093316134825735     
   9.4799999999998423        1.1105787143398642     
   9.4899999999998421        1.1118258152473834     
   9.4999999999998419        1.1130729162034874     
   9.5099999999998417        1.1143200172064867     
   9.5199999999998415        1.1155671182546829     
   9.5299999999998413        1.1168142193463033     
   9.5399999999998411        1.1180613204795646     
   9.5499999999998408        1.1193084216526377     
   9.5599999999998406        1.1205555228636768     
   9.5699999999998404        1.1218026241107835     
   9.5799999999998402        1.1230497253920591     
   9.5899999999998400        1.1242968267055535     
   9.5999999999998398        1.1255439280493129     
   9.6099999999998396        1.1267910294213468     
   9.6199999999998393        1.1280381308196630     
   9.6299999999998391        1.1292852322422351     
   9.6399999999998389        1.1305323336870197     
   9.6499999999998387        1.1317794351519745     
   9.6599999999998385        1.1330265366350383     
   9.6699999999998383        1.1342736381341416     
   9.6799999999998381        1.1355207396471991     
   9.6899999999998379        1.1367678411721329     
   9.6999999999998376        1.1380149427068633     
   9.7099999999998374        1.1392620442492798     
   9.7199999999998372        1.1405091457973258     
   9.7299999999998370        1.1417562473488887     
   9.7399999999998368        1.1430033489019216     
   9.7499999999998366        1.1442504504543247     
   9.7599999999998364        1.1454975520040478     
   9.7699999999998361        1.1467446535490473     
   9.7799999999998359        1.1479917550872760     
   9.7899999999998357        1.1492388566167151     
   9.7999999999998355        1.1504859581353617     
   9.8099999999998353        1.1517330596412270     
   9.8199999999998351        1.1529801611323454     
   9.8299999999998349        1.1542272626067867     
   9.8399999999998347        1.1554743640626228     
   9.8499999999998344        1.1567214654979683     
   9.8599999999998342        1.1579685669109601     
   9.8699999999998340        1.1592156682997734     
   9.8799999999998338        1.1604627696626086     
   9.8899999999998336        1.1617098709977030     
   9.8999999999998334        1.1629569723033124     
   9.9099999999998332        1.1642040735777655     
   9.9199999999998330        1.1654511748193970     
   9.9299999999998327        1.1666982760265983     
   9.9399999999998325        1.1679453771977928     
   9.9499999999998323        1.1691924783314609     
   9.9599999999998321        1.1704395794260967     
   9.9699999999998319        1.1716866804802861     
   9.9799999999998317        1.1729337814926284     
   9.9899999999998315        1.1741808824617814     
   9.9999999999998312        1.1754279833864476     
