   0.0000000000000000       -0.0000000000000000     
   1.0000000000000000E-002   1.1225805674533793E-004
   2.0000000000000000E-002   4.4829364114770134E-004
   2.9999999999999999E-002   1.0070201547565771E-003
   4.0000000000000001E-002   1.7873785159819098E-003
   5.0000000000000003E-002   2.7883360812313409E-003
   6.0000000000000005E-002   4.0088855543603001E-003
   7.0000000000000007E-002   5.4480438835330667E-003
   8.0000000000000002E-002   7.1048511438007843E-003
   8.9999999999999997E-002   8.9783694033115802E-003
   9.9999999999999992E-002   1.1067681571408687E-002
  0.10999999999999999        1.3371890226495367E-002
  0.11999999999999998        1.5890116421616710E-002
  0.12999999999999998        1.8621498465485317E-002
  0.13999999999999999        2.1565190676104996E-002
  0.14999999999999999        2.4720362105345110E-002
  0.16000000000000000        2.8086195230705324E-002
  0.17000000000000001        3.1661884612543136E-002
  0.18000000000000002        3.5446635512894120E-002
  0.19000000000000003        3.9439662474069305E-002
  0.20000000000000004        4.3640187852184549E-002
  0.21000000000000005        4.8047440303713877E-002
  0.22000000000000006        5.2660653221343064E-002
  0.23000000000000007        5.7479063114839093E-002
  0.24000000000000007        6.2501907933938616E-002
  0.25000000000000006        6.7728425329173475E-002
  0.26000000000000006        7.3157850846259018E-002
  0.27000000000000007        7.8789416050455544E-002
  0.28000000000000008        8.4622346576273474E-002
  0.29000000000000009        9.0655860097766744E-002
  0.30000000000000010        9.6889164215372636E-002
  0.31000000000000011       0.10332145425428894     
  0.32000000000000012       0.10995191096913862     
  0.33000000000000013       0.11677969815059980     
  0.34000000000000014       0.12380396012820379     
  0.35000000000000014       0.13102381916449757     
  0.36000000000000015       0.13843837273489232     
  0.37000000000000016       0.14604669068777551     
  0.38000000000000017       0.15384781227947714     
  0.39000000000000018       0.16184074307867444     
  0.40000000000000019       0.17002445173410313     
  0.41000000000000020       0.17839786660058835     
  0.42000000000000021       0.18695987221730262     
  0.43000000000000022       0.19570930563345329     
  0.44000000000000022       0.20464495257538667     
  0.45000000000000023       0.21376554345041948     
  0.46000000000000024       0.22306974918248870     
  0.47000000000000025       0.23255617687486393     
  0.48000000000000026       0.24222336529588784     
  0.49000000000000027       0.25206978018432985     
  0.50000000000000022       0.26209380937079108     
  0.51000000000000023       0.27229375771325642     
  0.52000000000000024       0.28266784184527233     
  0.53000000000000025       0.29321418473582023     
  0.54000000000000026       0.30393081006206130     
  0.55000000000000027       0.31481563639665461     
  0.56000000000000028       0.32586647121277096     
  0.57000000000000028       0.33708100471255459     
  0.58000000000000029       0.34845680348555058     
  0.59000000000000030       0.35999130400682139     
  0.60000000000000031       0.37168180598587425     
  0.61000000000000032       0.38352546558133543     
  0.62000000000000033       0.39551928849846019     
  0.63000000000000034       0.40766012299026100     
  0.64000000000000035       0.41994465278668364     
  0.65000000000000036       0.43236938998027097     
  0.66000000000000036       0.44493066790087382     
  0.67000000000000037       0.45762463401698866     
  0.68000000000000038       0.47044724290624318     
  0.69000000000000039       0.48339424934309799     
  0.70000000000000040       0.49646120155706525     
  0.71000000000000041       0.50964343472179541     
  0.72000000000000042       0.52293606474113685     
  0.73000000000000043       0.53633398240469154     
  0.74000000000000044       0.54983184799298590     
  0.75000000000000044       0.56342408641892539     
  0.76000000000000045       0.57710488299895579     
  0.77000000000000046       0.59086817995485519     
  0.78000000000000047       0.60470767375349366     
  0.79000000000000048       0.61861681339815933     
  0.80000000000000049       0.63258879979139904     
  0.81000000000000050       0.64661658629404339     
  0.82000000000000051       0.66069288060971221     
  0.83000000000000052       0.67481014812664231     
  0.84000000000000052       0.68896061685131382     
  0.85000000000000053       0.70313628406724216     
  0.86000000000000054       0.71732892485115629     
  0.87000000000000055       0.73153010257411799     
  0.88000000000000056       0.74573118150855855     
  0.89000000000000057       0.75992334165255315     
  0.90000000000000058       0.77409759586968330     
  0.91000000000000059       0.78824480942740283     
  0.92000000000000060       0.80235572199660954     
  0.93000000000000060       0.81642097215275955     
  0.94000000000000061       0.83043112439132361     
  0.95000000000000062       0.84437669864092746     
  0.96000000000000063       0.85824820222286591     
  0.97000000000000064       0.87203616416953988     
  0.98000000000000065       0.88573117177422689     
  0.99000000000000066       0.89932390920284433     
   1.0000000000000007       0.91280519795532344     
   1.0100000000000007       0.92616603891975513     
   1.0200000000000007       0.93939765571900435     
   1.0300000000000007       0.95249153900705363     
   1.0400000000000007       0.96543949133242146     
   1.0500000000000007       0.97823367214969670     
   1.0600000000000007       0.99086664252922019     
   1.0700000000000007        1.0033314090896031     
   1.0800000000000007        1.0156214666600270     
   1.0900000000000007        1.0277308391698019     
   1.1000000000000008        1.0396541182621000     
   1.1100000000000008        1.0513864991382611     
   1.1200000000000008        1.0629238131583449     
   1.1300000000000008        1.0742625567533657     
   1.1400000000000008        1.0853999162439176     
   1.1500000000000008        1.0963337882089923     
   1.1600000000000008        1.1070627951057121     
   1.1700000000000008        1.1175862959052199     
   1.1800000000000008        1.1279043915804627     
   1.1900000000000008        1.1380179253551010     
   1.2000000000000008        1.1479284777001015     
   1.2100000000000009        1.1576383561406820     
   1.2200000000000009        1.1671505800114892     
   1.2300000000000009        1.1764688603699096     
   1.2400000000000009        1.1855975753433896     
   1.2500000000000009        1.1945417412462229     
   1.2600000000000009        1.2033069798530882     
   1.2700000000000009        1.2118994822590075     
   1.2800000000000009        1.2203259697875999     
   1.2900000000000009        1.2285936524331402     
   1.3000000000000009        1.2367101853329379     
   1.3100000000000009        1.2446836237704273     
   1.3200000000000010        1.2525223772017116     
   1.3300000000000010        1.2602351627829267     
   1.3400000000000010        1.2678309588533525     
   1.3500000000000010        1.2753189587988931     
   1.3600000000000010        1.2827085256861794     
   1.3700000000000010        1.2900091480183991     
   1.3800000000000010        1.2972303969222119     
   1.3900000000000010        1.3043818850312061     
   1.4000000000000010        1.3114732272878968     
   1.4100000000000010        1.3185140038414476     
   1.4200000000000010        1.3255137251771747     
   1.4300000000000010        1.3324817995717686     
   1.4400000000000011        1.3394275029318332     
   1.4500000000000011        1.3463599510371687     
   1.4600000000000011        1.3532880741792590     
   1.4700000000000011        1.3602205941577885     
   1.4800000000000011        1.3671660035729623     
   1.4900000000000011        1.3741325473311499     
   1.5000000000000011        1.3811282062641699     
   1.5100000000000011        1.3881606827493036     
   1.5200000000000011        1.3952373882052225     
   1.5300000000000011        1.4023654323332533     
   1.5400000000000011        1.4095516139671846     
   1.5500000000000012        1.4168024133927604     
   1.5600000000000012        1.4241239859978201     
   1.5700000000000012        1.4315221571152166     
   1.5800000000000012        1.4390024179239029     
   1.5900000000000012        1.4465699222778881     
   1.6000000000000012        1.4542294843381518     
   1.6100000000000012        1.4619855768893335     
   1.6200000000000012        1.4698423302293049     
   1.6300000000000012        1.4778035315279499     
   1.6400000000000012        1.4858726245597302     
   1.6500000000000012        1.4940527097215228     
   1.6600000000000013        1.5023465442570869     
   1.6700000000000013        1.5107565426172269     
   1.6800000000000013        1.5192847768933657     
   1.6900000000000013        1.5279329772714114     
   1.7000000000000013        1.5367025324595209     
   1.7100000000000013        1.5455944900548719     
   1.7200000000000013        1.5546095568195053     
   1.7300000000000013        1.5637480988466086     
   1.7400000000000013        1.5730101416049294     
   1.7500000000000013        1.5823953698586604     
   1.7600000000000013        1.5919031274673678     
   1.7700000000000014        1.6015324170799305     
   1.7800000000000014        1.6112818997437275     
   1.7900000000000014        1.6211498944595375     
   1.8000000000000014        1.6311343777206841     
   1.8100000000000014        1.6412329830834989     
   1.8200000000000014        1.6514430008245560     
   1.8300000000000014        1.6617613777490061     
   1.8400000000000014        1.6721847172225477     
   1.8500000000000014        1.6827092795084651     
   1.8600000000000014        1.6933309824990330     
   1.8700000000000014        1.7040454029390473     
   1.8800000000000014        1.7148477782473179     
   1.8900000000000015        1.7257330090488741     
   1.9000000000000015        1.7366956625382930     
   1.9100000000000015        1.7477299767996561     
   1.9200000000000015        1.7588298662149187     
   1.9300000000000015        1.7699889280959686     
   1.9400000000000015        1.7812004506782495     
   1.9500000000000015        1.7924574226151098     
   1.9600000000000015        1.8037525441113569     
   1.9700000000000015        1.8150782398305596     
   1.9800000000000015        1.8264266737062609     
   1.9900000000000015        1.8377897657778690     
   2.0000000000000013        1.8491592111613153     
   2.0100000000000011        1.8605265012500067     
   2.0200000000000009        1.8718829472226857     
   2.0300000000000007        1.8832197059145337     
   2.0400000000000005        1.8945278080814321     
   2.0500000000000003        1.9057981890586579     
   2.0600000000000001        1.9170217217835448     
   2.0699999999999998        1.9281892521141726     
   2.0799999999999996        1.9392916363398125     
   2.0899999999999994        1.9503197807351000     
   2.0999999999999992        1.9612646829691243     
   2.1099999999999990        1.9721174751351462     
   2.1199999999999988        1.9828694681230412     
   2.1299999999999986        1.9935121970131415     
   2.1399999999999983        2.0040374671288497     
   2.1499999999999981        2.0144374003470529     
   2.1599999999999979        2.0247044812318449     
   2.1699999999999977        2.0348316025289024     
   2.1799999999999975        2.0448121095365881     
   2.1899999999999973        2.0546398428562811     
   2.1999999999999971        2.0643091790202339     
   2.2099999999999969        2.0738150684997403     
   2.2199999999999966        2.0831530706117913     
   2.2299999999999964        2.0923193848670780     
   2.2399999999999962        2.1013108783377841     
   2.2499999999999960        2.1101251086681700     
   2.2599999999999958        2.1187603424047743     
   2.2699999999999956        2.1272155683845235     
   2.2799999999999954        2.1354905059866596     
   2.2899999999999952        2.1435856081276383     
   2.2999999999999949        2.1515020589530502     
   2.3099999999999947        2.1592417662583681     
   2.3199999999999945        2.1668073487455777     
   2.3299999999999943        2.1742021182965638     
   2.3399999999999941        2.1814300575129733     
   2.3499999999999939        2.1884957928342650     
   2.3599999999999937        2.1954045636018780     
   2.3699999999999934        2.2021621874826898     
   2.3799999999999932        2.2087750227026808     
   2.3899999999999930        2.2152499275680668     
   2.3999999999999928        2.2215942177682870     
   2.4099999999999926        2.2278156219608594     
   2.4199999999999924        2.2339222361374103     
   2.4299999999999922        2.2399224772542952     
   2.4399999999999920        2.2458250365962971     
   2.4499999999999917        2.2516388333095012     
   2.4599999999999915        2.2573729685113277     
   2.4699999999999913        2.2630366803450381     
   2.4799999999999911        2.2686393003060399     
   2.4899999999999909        2.2741902111253096     
   2.4999999999999907        2.2796988064491597     
   2.5099999999999905        2.2851744525118174     
   2.5199999999999902        2.2906264519546937     
   2.5299999999999900        2.2960640099012841     
   2.5399999999999898        2.3014962023624177     
   2.5499999999999896        2.3069319470063911     
   2.5599999999999894        2.3123799762965125     
   2.5699999999999892        2.3178488129704191     
   2.5799999999999890        2.3233467478080532     
   2.5899999999999888        2.3288818196129197     
   2.5999999999999885        2.3344617973147677     
   2.6099999999999883        2.3400941640837059     
   2.6199999999999881        2.3457861033368101     
   2.6299999999999879        2.3515444865074011     
   2.6399999999999877        2.3573758624433179     
   2.6499999999999875        2.3632864482956228     
   2.6599999999999873        2.3692821217583462     
   2.6699999999999871        2.3753684145231349     
   2.6799999999999868        2.3815505068115925     
   2.6899999999999866        2.3878332228551944     
   2.6999999999999864        2.3942210271989190     
   2.7099999999999862        2.4007180217063735     
   2.7199999999999860        2.4073279431581405     
   2.7299999999999858        2.4140541613380107     
   2.7399999999999856        2.4208996775126597     
   2.7499999999999853        2.4278671232183977     
   2.7599999999999851        2.4349587592798039     
   2.7699999999999849        2.4421764749900725     
   2.7799999999999847        2.4495217873989050     
   2.7899999999999845        2.4569958406576027     
   2.7999999999999843        2.4645994053848881     
   2.8099999999999841        2.4723328780250302     
   2.8199999999999839        2.4801962801802788     
   2.8299999999999836        2.4881892579095237     
   2.8399999999999834        2.4963110809972591     
   2.8499999999999832        2.5045606422019651     
   2.8599999999999830        2.5129364565105101     
   2.8699999999999828        2.5214366604285239     
   2.8799999999999826        2.5300590113525714     
   2.8899999999999824        2.5388008870772727     
   2.8999999999999821        2.5476592855011808     
   2.9099999999999819        2.5566308246082090     
   2.9199999999999817        2.5657117428082681     
   2.9299999999999815        2.5748978997346352     
   2.9399999999999813        2.5841847776019056     
   2.9499999999999811        2.5935674832419831     
   2.9599999999999809        2.6030407509413642     
   2.9699999999999807        2.6125989462136907     
   2.9799999999999804        2.6222360706483880     
   2.9899999999999802        2.6319457679822982     
   2.9999999999999800        2.6417213315473491     
   3.0099999999999798        2.6515557132503336     
   3.0199999999999796        2.6614415342418987     
   3.0299999999999794        2.6713710974316287     
   3.0399999999999792        2.6813364020035269     
   3.0499999999999790        2.6913291600774687     
   3.0599999999999787        2.7013408156551058     
   3.0699999999999785        2.7113625659741296     
   3.0799999999999783        2.7213853853765531     
   3.0899999999999781        2.7314000517779404     
   3.0999999999999779        2.7413971757966382     
   3.1099999999999777        2.7513672325717140     
   3.1199999999999775        2.7613005962666985     
   3.1299999999999772        2.7711875772140124     
   3.1399999999999770        2.7810184616151967     
   3.1499999999999768        2.7907835536649568     
   3.1599999999999766        2.8004732199185352     
   3.1699999999999764        2.8100779356713423     
   3.1799999999999762        2.8195883330686420     
   3.1899999999999760        2.8289952506105576     
   3.1999999999999758        2.8382897836689565     
   3.2099999999999755        2.8474633355839409     
   3.2199999999999753        2.8565076688668265     
   3.2299999999999751        2.8654149559973541     
   3.2399999999999749        2.8741778292743758     
   3.2499999999999747        2.8827894291575462     
   3.2599999999999745        2.8912434505262885     
   3.2699999999999743        2.8995341862823416     
   3.2799999999999740        2.9076565677325386     
   3.2899999999999738        2.9156062012130244     
   3.2999999999999736        2.9233794004507283     
   3.3099999999999734        2.9309732142051721     
   3.3199999999999732        2.9383854487926526     
   3.3299999999999730        2.9456146851623961     
   3.3399999999999728        2.9526602902704409     
   3.3499999999999726        2.9595224225813217     
   3.3599999999999723        2.9662020316135727     
   3.3699999999999721        2.9727008515358246     
   3.3799999999999719        2.9790213889091390     
   3.3899999999999717        2.9851669047585303     
   3.3999999999999715        2.9911413912383580     
   3.4099999999999713        2.9969495432323470     
   3.4199999999999711        3.0025967252950236     
   3.4299999999999708        3.0080889343986530     
   3.4399999999999706        3.0134327589946066     
   3.4499999999999704        3.0186353349329602     
   3.4599999999999702        3.0237042988043474     
   3.4699999999999700        3.0286477392779743     
   3.4799999999999698        3.0334741470091231     
   3.4899999999999696        3.0381923636736126     
   3.4999999999999694        3.0428115306673278     
   3.5099999999999691        3.0473410379760044     
   3.5199999999999689        3.0517904736825856     
   3.5299999999999687        3.0561695745364168     
   3.5399999999999685        3.0604881779605932     
   3.5499999999999683        3.0647561758228958     
   3.5599999999999681        3.0689834702446150     
   3.5699999999999679        3.0731799316702810     
   3.5799999999999677        3.0773553593701850     
   3.5899999999999674        3.0815194444993463     
   3.5999999999999672        3.0856817357919706     
   3.6099999999999670        3.0898516079275309     
   3.6199999999999668        3.0940382325663935     
   3.6299999999999666        3.0982505520204437     
   3.6399999999999664        3.1024972554935437     
   3.6499999999999662        3.1067867578013209     
   3.6599999999999659        3.1111271804602678     
   3.6699999999999657        3.1155263350187776     
   3.6799999999999655        3.1199917084885711     
   3.6899999999999653        3.1245304507294600     
   3.6999999999999651        3.1291493636295895     
   3.7099999999999649        3.1338548919247082     
   3.7199999999999647        3.1386531154971657     
   3.7299999999999645        3.1435497429970978     
   3.7399999999999642        3.1485501066343597     
   3.7499999999999640        3.1536591579927817     
   3.7599999999999638        3.1588814647251056     
   3.7699999999999636        3.1642212079980010     
   3.7799999999999634        3.1696821805619497     
   3.7899999999999632        3.1752677853306595     
   3.7999999999999630        3.1809810343674711     
   3.8099999999999627        3.1868245481833264     
   3.8199999999999625        3.1928005552630099     
   3.8299999999999623        3.1989108917482105     
   3.8399999999999621        3.2051570012137129     
   3.8499999999999619        3.2115399344891933     
   3.8599999999999617        3.2180603494837920     
   3.8699999999999615        3.2247185109884158     
   3.8799999999999613        3.2315142904361669     
   3.8899999999999610        3.2384471656164515     
   3.8999999999999608        3.2455162203471604     
   3.9099999999999606        3.2527201441214255     
   3.9199999999999604        3.2600572317572083     
   3.9299999999999602        3.2675253830878654     
   3.9399999999999600        3.2751221027447102     
   3.9499999999999598        3.2828445000919531     
   3.9599999999999596        3.2906892893893729     
   3.9699999999999593        3.2986527902631742     
   3.9799999999999591        3.3067309285844382     
   3.9899999999999589        3.3149192378577510     
   3.9999999999999587        3.3232128612392549     
   4.0099999999999589        3.3316065543096927     
   4.0199999999999587        3.3400946887389966     
   4.0299999999999585        3.3486712569874082     
   4.0399999999999583        3.3573298781959529     
   4.0499999999999581        3.3660638054237908     
   4.0599999999999579        3.3748659343972149     
   4.0699999999999577        3.3837288139344399     
   4.0799999999999574        3.3926446582142407     
   4.0899999999999572        3.4016053610505770     
   4.0999999999999570        3.4106025123321895     
   4.1099999999999568        3.4196274167784222     
   4.1199999999999566        3.4286711151456686     
   4.1299999999999564        3.4377244080081821     
   4.1399999999999562        3.4467778822112072     
   4.1499999999999559        3.4558219400721408     
   4.1599999999999557        3.4648468313731424     
   4.1699999999999555        3.4738426881564370     
   4.1799999999999553        3.4827995622915338     
   4.1899999999999551        3.4917074657423157     
   4.1999999999999549        3.5005564134131837     
   4.2099999999999547        3.5093364684040234     
   4.2199999999999545        3.5180377894494326     
   4.2299999999999542        3.5266506802641406     
   4.2399999999999540        3.5351656404622740     
   4.2499999999999538        3.5435734176625893     
   4.2599999999999536        3.5518650603430371     
   4.2699999999999534        3.5600319709590407     
   4.2799999999999532        3.5680659588000214     
   4.2899999999999530        3.5759592920231911     
   4.2999999999999527        3.5837047482797466     
   4.3099999999999525        3.5912956633323381     
   4.3199999999999523        3.5987259770602096     
   4.3299999999999521        3.6059902762555303     
   4.3399999999999519        3.6130838336367601     
   4.3499999999999517        3.6200026425392515     
   4.3599999999999515        3.6267434467891411     
   4.3699999999999513        3.6333037653267879     
   4.3799999999999510        3.6396819112151721     
   4.3899999999999508        3.6458770047478866     
   4.3999999999999506        3.6518889804579273     
   4.4099999999999504        3.6577185879205292     
   4.4199999999999502        3.6633673863372005     
   4.4299999999999500        3.6688377329844113     
   4.4399999999999498        3.6741327657012892     
   4.4499999999999496        3.6792563796808895     
   4.4599999999999493        3.6842131989086937     
   4.4699999999999491        3.6890085426669135     
   4.4799999999999489        3.6936483875816015     
   4.4899999999999487        3.6981393257441066     
   4.4999999999999485        3.7024885194713888     
   4.5099999999999483        3.7067036532981006     
   4.5199999999999481        3.7107928838029460     
   4.5299999999999478        3.7147647878719350     
   4.5399999999999476        3.7186283099889832     
   4.5499999999999474        3.7223927091212956     
   4.5599999999999472        3.7260675057350245     
   4.5699999999999470        3.7296624294372314     
   4.5799999999999468        3.7331873676947813     
   4.5899999999999466        3.7366523160295784     
   4.5999999999999464        3.7400673300366623     
   4.6099999999999461        3.7434424795192309     
   4.6199999999999459        3.7467878049757122     
   4.6299999999999457        3.7501132766254544     
   4.6399999999999455        3.7534287561035842     
   4.6499999999999453        3.7567439609122428     
   4.6599999999999451        3.7600684316651694     
   4.6699999999999449        3.7634115021285162     
   4.6799999999999446        3.7667822720189457     
   4.6899999999999444        3.7701895824934244     
   4.6999999999999442        3.7736419942352164     
   4.7099999999999440        3.7771477680212988     
   4.7199999999999438        3.7807148476360859     
   4.7299999999999436        3.7843508449863967     
   4.7399999999999434        3.7880630272574649     
   4.7499999999999432        3.7918583059511333     
   4.7599999999999429        3.7957432276363909     
   4.7699999999999427        3.7997239662478517     
   4.7799999999999425        3.8038063167679819     
   4.7899999999999423        3.8079956901312588     
   4.7999999999999421        3.8122971091977274     
   4.8099999999999419        3.8167152056474931     
   4.8199999999999417        3.8212542176574860     
   4.8299999999999415        3.8259179882324799     
   4.8399999999999412        3.8307099640679780     
   4.8499999999999410        3.8356331948397746     
   4.8599999999999408        3.8406903328181539     
   4.8699999999999406        3.8458836327231465     
   4.8799999999999404        3.8512149517426968     
   4.8899999999999402        3.8566857496515667     
   4.8999999999999400        3.8622970889761956     
   4.9099999999999397        3.8680496351657778     
   4.9199999999999395        3.8739436567384908     
   4.9299999999999393        3.8799790253864281     
   4.9399999999999391        3.8861552160278805     
   4.9499999999999389        3.8924713068165793     
   4.9599999999999387        3.8989259791207300     
   4.9699999999999385        3.9055175174980850     
   4.9799999999999383        3.9122438097078422     
   4.9899999999999380        3.9191023468086974     
   4.9999999999999378        3.9260902234026385     
   5.0099999999999376        3.9332041380988541     
   5.0199999999999374        3.9404403942822603     
   5.0299999999999372        3.9477949012783431     
   5.0399999999999370        3.9552631760245789     
   5.0499999999999368        3.9628403453592416     
   5.0599999999999365        3.9705211490600143     
   5.0699999999999363        3.9782999437618818     
   5.0799999999999361        3.9861707079034798     
   5.0899999999999359        3.9941270478493078     
   5.0999999999999357        4.0021622053471582     
   5.1099999999999355        4.0102690664828202     
   5.1199999999999353        4.0184401722946932     
   5.1299999999999351        4.0266677312138919     
   5.1399999999999348        4.0349436334917419     
   5.1499999999999346        4.0432594677703610     
   5.1599999999999344        4.0516065399432497     
   5.1699999999999342        4.0599758944432693     
   5.1799999999999340        4.0683583380732182     
   5.1899999999999338        4.0767444664790577     
   5.1999999999999336        4.0851246933363790     
   5.2099999999999334        4.0934892822927251     
   5.2199999999999331        4.1018283816750998     
   5.2299999999999329        4.1101320619286685     
   5.2399999999999327        4.1183903557150083     
   5.2499999999999325        4.1265933005473805     
   5.2599999999999323        4.1347309837927799     
   5.2699999999999321        4.1427935898164732     
   5.2799999999999319        4.1507714489926721     
   5.2899999999999316        4.1586550882497280     
   5.2999999999999314        4.1664352827667903     
   5.3099999999999312        4.1741031083866602     
   5.3199999999999310        4.1816499942666256     
   5.3299999999999308        4.1890677752444949     
   5.3399999999999306        4.1963487433671665     
   5.3499999999999304        4.2034856980032282     
   5.3599999999999302        4.2104719939462223     
   5.3699999999999299        4.2173015869126367     
   5.3799999999999297        4.2239690758471280     
   5.3899999999999295        4.2304697414689887     
   5.3999999999999293        4.2367995805278360     
   5.4099999999999291        4.2429553352834164     
   5.4199999999999289        4.2489345177822191     
   5.4299999999999287        4.2547354285732268     
   5.4399999999999284        4.2603571695827380     
   5.4499999999999282        4.2657996509537357     
   5.4599999999999280        4.2710635917461177     
   5.4699999999999278        4.2761505144867442     
   5.4799999999999276        4.2810627336523766     
   5.4899999999999274        4.2858033382593401     
   5.4999999999999272        4.2903761688212665     
   5.5099999999999270        4.2947857890153278     
   5.5199999999999267        4.2990374524695083     
   5.5299999999999265        4.3031370651435621     
   5.5399999999999263        4.3070911438263693     
   5.5499999999999261        4.3109067713088143     
   5.5599999999999259        4.3145915488164324     
   5.5699999999999257        4.3181535462963874     
   5.5799999999999255        4.3216012511541839     
   5.5899999999999253        4.3249435160227341     
   5.5999999999999250        4.3281895061244962     
   5.6099999999999248        4.3313486467551439     
   5.6199999999999246        4.3344305713796194     
   5.6299999999999244        4.3374450707850221     
   5.6399999999999242        4.3404020436873250     
   5.6499999999999240        4.3433114491331830     
   5.6599999999999238        4.3461832609889681     
   5.6699999999999235        4.3490274247509308     
   5.6799999999999233        4.3518538168608387     
   5.6899999999999231        4.3546722066586847     
   5.6999999999999229        4.3574922210586555     
   5.7099999999999227        4.3603233119873837     
   5.7199999999999225        4.3631747265874585     
   5.7299999999999223        4.3660554801503180     
   5.7399999999999221        4.3689743317135825     
   5.7499999999999218        4.3719397622317979     
   5.7599999999999216        4.3749599552052594     
   5.7699999999999214        4.3780427796372292     
   5.7799999999999212        4.3811957751749420     
   5.7899999999999210        4.3844261392795492     
   5.7999999999999208        4.3877407162652204     
   5.8099999999999206        4.3911459880431636     
   5.8199999999999203        4.3946480664074405     
   5.8299999999999201        4.3982526867008653     
   5.8399999999999199        4.4019652027011507     
   5.8499999999999197        4.4057905825767589     
   5.8599999999999195        4.4097334057682280     
   5.8699999999999193        4.4137978606548423     
   5.8799999999999191        4.4179877428810643     
   5.8899999999999189        4.4223064542255308     
   5.8999999999999186        4.4267570019027920     
   5.9099999999999184        4.4313419982031954     
   5.9199999999999182        4.4360636603836028     
   5.9299999999999180        4.4409238107348648     
   5.9399999999999178        4.4459238767638247     
   5.9499999999999176        4.4510648914352702     
   5.9599999999999174        4.4563474934365725     
   5.9699999999999172        4.4617719274317045     
   5.9799999999999169        4.4673380442913428     
   5.9899999999999167        4.4730453012869233     
   5.9999999999999165        4.4788927622574946     
   6.0099999999999163        4.4848790977627955     
   6.0199999999999161        4.4910025852495981     
   6.0299999999999159        4.4972611092692585     
   6.0399999999999157        4.5036521617968175     
   6.0499999999999154        4.5101728427105048     
   6.0599999999999152        4.5168198605032499     
   6.0699999999999150        4.5235895333092113     
   6.0799999999999148        4.5304777903374358     
   6.0899999999999146        4.5374801738162081     
   6.0999999999999144        4.5445918415617852     
   6.1099999999999142        4.5518075702943825     
   6.1199999999999140        4.5591217598335012     
   6.1299999999999137        4.5665284383115523     
   6.1399999999999135        4.5740212685540955     
   6.1499999999999133        4.5815935557765899     
   6.1599999999999131        4.5892382567570538     
   6.1699999999999129        4.5969479906385038     
   6.1799999999999127        4.6047150515231934     
   6.1899999999999125        4.6125314230107710     
   6.1999999999999122        4.6203887948299602     
   6.2099999999999120        4.6282785817056693     
   6.2199999999999118        4.6361919445849882     
   6.2299999999999116        4.6441198143379818     
   6.2399999999999114        4.6520529180189278     
   6.2499999999999112        4.6599818077560622     
   6.2599999999999110        4.6678968923053441     
   6.2699999999999108        4.6757884712697360     
   6.2799999999999105        4.6836467719495118     
   6.2899999999999103        4.6914619887466404     
   6.2999999999999101        4.6992243249992276     
   6.3099999999999099        4.7069240370775818     
   6.3199999999999097        4.7145514805185389     
   6.3299999999999095        4.7220971579287188     
   6.3399999999999093        4.7295517683293191     
   6.3499999999999091        4.7369062575712819     
   6.3599999999999088        4.7441518693979097     
   6.3699999999999086        4.7512801966880831     
   6.3799999999999084        4.7582832323782336     
   6.3899999999999082        4.7651534195272784     
   6.3999999999999080        4.7718836999670780     
   6.4099999999999078        4.7784675609660221     
   6.4199999999999076        4.7848990793354789     
   6.4299999999999073        4.7911729624122117     
   6.4399999999999071        4.7972845853754205     
   6.4499999999999069        4.8032300243882737     
   6.4599999999999067        4.8090060850989635     
   6.4699999999999065        4.8146103260936499     
   6.4799999999999063        4.8200410769582342     
   6.4899999999999061        4.8252974506828856     
   6.4999999999999059        4.8303793502235166     
   6.5099999999999056        4.8352874691211873     
   6.5199999999999054        4.8400232861708101     
   6.5299999999999052        4.8445890542187380     
   6.5399999999999050        4.8489877832564812     
   6.5499999999999048        4.8532232180613102     
   6.5599999999999046        4.8572998107104590     
   6.5699999999999044        4.8612226883645508     
   6.5799999999999041        4.8649976167734348     
   6.5899999999999039        4.8686309600062669     
   6.5999999999999037        4.8721296369425611     
   6.6099999999999035        4.8755010750850536     
   6.6199999999999033        4.8787531622667837     
   6.6299999999999031        4.8818941968248790     
   6.6399999999999029        4.8849328368024514     
   6.6499999999999027        4.8878780487195295     
   6.6599999999999024        4.8907390564235378     
   6.6699999999999022        4.8935252904951358     
   6.6799999999999020        4.8962463386389183     
   6.6899999999999018        4.8989118974468218     
   6.6999999999999016        4.9015317258656212     
   6.7099999999999014        4.9041156006548272     
   6.7199999999999012        4.9066732740661863     
   6.7299999999999010        4.9092144339252739     
   6.7399999999999007        4.9117486662494336     
   6.7499999999999005        4.9142854204883184     
   6.7599999999999003        4.9168339774306071     
   6.7699999999999001        4.9194034197844054     
   6.7799999999998999        4.9220026054004204     
   6.7899999999998997        4.9246401430808531     
   6.7999999999998995        4.9273243708871117     
   6.8099999999998992        4.9300633368437747     
   6.8199999999998990        4.9328647819094567     
   6.8299999999998988        4.9357361250837268     
   6.8399999999998986        4.9386844504988945     
   6.8499999999998984        4.9417164963453422     
   6.8599999999998982        4.9448386454741291     
   6.8699999999998980        4.9480569175183442     
   6.8799999999998978        4.9513769623781663     
   6.8899999999998975        4.9548040549162025     
   6.8999999999998973        4.9583430907185244     
   6.9099999999998971        4.9619985827774613     
   6.9199999999998969        4.9657746589677574     
   6.9299999999998967        4.9696750601870381     
   6.9399999999998965        4.9737031390511577     
   6.9499999999998963        4.9778618590371044     
   6.9599999999998960        4.9821537939791218     
   6.9699999999998958        4.9865811278347714     
   6.9799999999998956        4.9911456546515263     
   6.9899999999998954        4.9958487786643158     
   6.9999999999998952        5.0006915144831963     
   7.0099999999998950        5.0056744873231764     
   7.0199999999998948        5.0107979332516237     
   7.0299999999998946        5.0160616994344220     
   7.0399999999998943        5.0214652443746406     
   7.0499999999998941        5.0270076381483824     
   7.0599999999998939        5.0326875626492225     
   7.0699999999998937        5.0385033118744733     
   7.0799999999998935        5.0444527922840221     
   7.0899999999998933        5.0505335232796789     
   7.0999999999998931        5.0567426378698022     
   7.1099999999998929        5.0630768835814646     
   7.1199999999998926        5.0695326237023464     
   7.1299999999998924        5.0761058389440183     
   7.1399999999998922        5.0827921296252532     
   7.1499999999998920        5.0895867184841022     
   7.1599999999998918        5.0964844542411241     
   7.1699999999998916        5.1034798160338681     
   7.1799999999998914        5.1105669188669820     
   7.1899999999998911        5.1177395202093363     
   7.1999999999998909        5.1249910278901281     
   7.2099999999998907        5.1323145094407714     
   7.2199999999998905        5.1397027030344464     
   7.2299999999998903        5.1471480301722377     
   7.2399999999998901        5.1546426102635303     
   7.2499999999998899        5.1621782772426092     
   7.2599999999998897        5.1697465983499020     
   7.2699999999998894        5.1773388952010251     
   7.2799999999998892        5.1849462672424842     
   7.2899999999998890        5.1925596176793594     
   7.2999999999998888        5.2001696819312260     
   7.3099999999998886        5.2077670586492166     
   7.3199999999998884        5.2153422432842351     
   7.3299999999998882        5.2228856641778210     
   7.3399999999998879        5.2303877210864593     
   7.3499999999998877        5.2378388260217683     
   7.3599999999998875        5.2452294462379436     
   7.3699999999998873        5.2525501491466899     
   7.3799999999998871        5.2597916488980578     
   7.3899999999998869        5.2669448543097888     
   7.3999999999998867        5.2740009177849592     
   7.4099999999998865        5.2809512848112847     
   7.4199999999998862        5.2877877435924736     
   7.4299999999998860        5.2945024743296285     
   7.4399999999998858        5.3010880976400720     
   7.4499999999998856        5.3075377215775399     
   7.4599999999998854        5.3138449867111133     
   7.4699999999998852        5.3200041087138388     
   7.4799999999998850        5.3260099179229679     
   7.4899999999998847        5.3318578953550508     
   7.4999999999998845        5.3375442046893014     
   7.5099999999998843        5.3430657197775977     
   7.5199999999998841        5.3484200472912047     
   7.5299999999998839        5.3536055441791968     
   7.5399999999998837        5.3586213296834018     
   7.5499999999998835        5.3634672917327002     
   7.5599999999998833        5.3681440876222455     
   7.5699999999998830        5.3726531389668581     
   7.5799999999998828        5.3769966210040776     
   7.5899999999998826        5.3811774464034769     
   7.5999999999998824        5.3851992438201703     
   7.6099999999998822        5.3890663315003957     
   7.6199999999998820        5.3927836863156458     
   7.6299999999998818        5.3963569086549086     
   7.6399999999998816        5.3997921836513241     
   7.6499999999998813        5.4030962392551993     
   7.6599999999998811        5.4062763016868596     
   7.6699999999998809        5.4093400488163264     
   7.6799999999998807        5.4122955620157436     
   7.6899999999998805        5.4151512770242753     
   7.6999999999998803        5.4179159343419032     
   7.7099999999998801        5.4205985296457291     
   7.7199999999998798        5.4232082646843978     
   7.7299999999998796        5.4257544990692841     
   7.7399999999998794        5.4282467033352075     
   7.7499999999998792        5.4306944135966333     
   7.7599999999998790        5.4331071880774040     
   7.7699999999998788        5.4354945657424940     
   7.7799999999998786        5.4378660272119097     
   7.7899999999998784        5.4402309580912895     
   7.7999999999998781        5.4425986148088752     
   7.8099999999998779        5.4449780930069842     
   7.8199999999998777        5.4473782985021622     
   7.8299999999998775        5.4498079207887171     
   7.8399999999998773        5.4522754090377958     
   7.8499999999998771        5.4547889505134544     
   7.8599999999998769        5.4573564513093764     
   7.8699999999998766        5.4599855192900346     
   7.8799999999998764        5.4626834491104379     
   7.8899999999998762        5.4654572091735654     
   7.8999999999998760        5.4683134303832137     
   7.9099999999998758        5.4712583965407156     
   7.9199999999998756        5.4742980362379239     
   7.9299999999998754        5.4774379160973528     
   7.9399999999998752        5.4806832352106900     
   7.9499999999998749        5.4840388206401007     
   7.9599999999998747        5.4875091238401099     
   7.9699999999998745        5.4910982178776653     
   7.9799999999998743        5.4948097953290436     
   7.9899999999998741        5.4986471667407395     
   7.9999999999998739        5.5026132595577124     
   8.0099999999998737        5.5067106174204259     
   8.0199999999998735        5.5109413997563390     
   8.0299999999998732        5.5153073815924847     
   8.0399999999998730        5.5198099535263516     
   8.0499999999998728        5.5244501218092719     
   8.0599999999998726        5.5292285085022623     
   8.0699999999998724        5.5341453516748249     
   8.0799999999998722        5.5392005056293030     
   8.0899999999998720        5.5443934411479008     
   8.0999999999998717        5.5497232457590524     
   8.1099999999998715        5.5551886240463109     
   8.1199999999998713        5.5607878980148975     
   8.1299999999998711        5.5665190075633912     
   8.1399999999998709        5.5723795110947636     
   8.1499999999998707        5.5783665863327245     
   8.1599999999998705        5.5844770314051901     
   8.1699999999998703        5.5907072662737711     
   8.1799999999998700        5.5970533345965174     
   8.1899999999998698        5.6035109061194062     
   8.1999999999998696        5.6100752797037945     
   8.2099999999998694        5.6167413871022527     
   8.2199999999998692        5.6235037976077331     
   8.2299999999998690        5.6303567237028087     
   8.2399999999998688        5.6372940278450496     
   8.2499999999998685        5.6443092305279290     
   8.2599999999998683        5.6513955197611647     
   8.2699999999998681        5.6585457621114772     
   8.2799999999998679        5.6657525154493698     
   8.2899999999998677        5.6730080435383599     
   8.2999999999998675        5.6803043326021445     
   8.3099999999998673        5.6876331099908359     
   8.3199999999998671        5.6949858650594800     
   8.3299999999998668        5.7023538723529521     
   8.3399999999998666        5.7097282171719614     
   8.3499999999998664        5.7170998235738502     
   8.3599999999998662        5.7244594848287376     
   8.3699999999998660        5.7317978963276124     
   8.3799999999998658        5.7391056908974880     
   8.3899999999998656        5.7463734764433392     
   8.3999999999998654        5.7535918757942239     
   8.4099999999998651        5.7607515685890780     
   8.4199999999998649        5.7678433349871705     
   8.4299999999998647        5.7748581009479603     
   8.4399999999998645        5.7817869847739320     
   8.4499999999998643        5.7886213445679582     
   8.4599999999998641        5.7953528262132190     
   8.4699999999998639        5.8019734114438197     
   8.4799999999998636        5.8084754655437836     
   8.4899999999998634        5.8148517841822995     
   8.4999999999998632        5.8210956388751613     
   8.5099999999998630        5.8272008205491019     
   8.5199999999998628        5.8331616806899742     
   8.5299999999998626        5.8389731695574811     
   8.5399999999998624        5.8446308709757258     
   8.5499999999998622        5.8501310332350229     
   8.5599999999998619        5.8554705956837454     
   8.5699999999998617        5.8606472106388265     
   8.5799999999998615        5.8656592603046320     
   8.5899999999998613        5.8705058684557656     
   8.5999999999998611        5.8751869067144549     
   8.6099999999998609        5.8797029953312538     
   8.6199999999998607        5.8840554984563465     
   8.6299999999998604        5.8882465139714109     
   8.6399999999998602        5.8922788580293375     
   8.6499999999998600        5.8961560445254237     
   8.6599999999998598        5.8998822597916343     
   8.6699999999998596        5.9034623328693705     
   8.6799999999998594        5.9069017017685743     
   8.6899999999998592        5.9102063761661334     
   8.6999999999998590        5.9133828970288338     
   8.7099999999998587        5.9164382936706046     
   8.7199999999998585        5.9193800387648992     
   8.7299999999998583        5.9222160018345242     
   8.7399999999998581        5.9249544017353450     
   8.7499999999998579        5.9276037586304469     
   8.7599999999998577        5.9301728459265455     
   8.7699999999998575        5.9326706426171798     
   8.7799999999998573        5.9351062864318811     
   8.7899999999998570        5.9374890281570840     
   8.7999999999998568        5.9398281874452890     
   8.8099999999998566        5.9421331103836099     
   8.8199999999998564        5.9444131290485194     
   8.8299999999998562        5.9466775232269740     
   8.8399999999998560        5.9489354844352320     
   8.8499999999998558        5.9511960823338068     
   8.8599999999998555        5.9534682335873583     
   8.8699999999998553        5.9557606731898067     
   8.8799999999998551        5.9580819282379425     
   8.8899999999998549        5.9604402941118328     
   8.8999999999998547        5.9628438129918875     
   8.9099999999998545        5.9653002546245935     
   8.9199999999998543        5.9678170992308077     
   8.9299999999998541        5.9704015224350835     
   8.9399999999998538        5.9730603820894075     
   8.9499999999998536        5.9758002068505345     
   8.9599999999998534        5.9786271863746974     
   8.9699999999998532        5.9815471629806982     
   8.9799999999998530        5.9845656246453833     
   8.9899999999998528        5.9876876991886592     
   8.9999999999998526        5.9909181495115371     
   9.0099999999998523        5.9942613697593927     
   9.0199999999998521        5.9977213822869260     
   9.0299999999998519        6.0013018353070988     
   9.0399999999998517        6.0050060011186677     
   9.0499999999998515        6.0088367748139087     
   9.0599999999998513        6.0127966733763900     
   9.0699999999998511        6.0168878350925370     
   9.0799999999998509        6.0211120192029925     
   9.0899999999998506        6.0254706057413108     
   9.0999999999998504        6.0299645955066739     
   9.1099999999998502        6.0345946101350174     
   9.1199999999998500        6.0393608922396957     
   9.1299999999998498        6.0442633056043045     
   9.1399999999998496        6.0493013354222311     
   9.1499999999998494        6.0544740885850761     
   9.1599999999998492        6.0597802940342245     
   9.1699999999998489        6.0652183031996891     
   9.1799999999998487        6.0707860905604543     
   9.1899999999998485        6.0764812543725419     
   9.1999999999998483        6.0823010176168912     
   9.2099999999998481        6.0882422292344733     
   9.2199999999998479        6.0943013657224840     
   9.2299999999998477        6.1004745331731502     
   9.2399999999998474        6.1067574698530942     
   9.2499999999998472        6.1131455494235629     
   9.2599999999998470        6.1196337849072835     
   9.2699999999998468        6.1262168335280851     
   9.2799999999998466        6.1328890025405922     
   9.2899999999998464        6.1396442561816089     
   9.2999999999998462        6.1464762238796382     
   9.3099999999998460        6.1533782098540906     
   9.3199999999998457        6.1603432042454225     
   9.3299999999998455        6.1673638959100838     
   9.3399999999998453        6.1744326870112065     
   9.3499999999998451        6.1815417095342990     
   9.3599999999998449        6.1886828438391266     
   9.3699999999998447        6.1958477393556448     
   9.3799999999998445        6.2030278375118026     
   9.3899999999998442        6.2102143969585839     
   9.3999999999998440        6.2173985211417806     
   9.4099999999998438        6.2245711882379835     
   9.4199999999998436        6.2317232834419505     
   9.4299999999998434        6.2388456335630922     
   9.4399999999998432        6.2459290438453303     
   9.4499999999998430        6.2529643368928340     
   9.4599999999998428        6.2599423935321070     
   9.4699999999998425        6.2668541954094321     
   9.4799999999998423        6.2736908690651525     
   9.4899999999998421        6.2804437311959989     
   9.4999999999998419        6.2871043347621161     
   9.5099999999998417        6.2936645155626998     
   9.5199999999998415        6.3001164388658397     
   9.5299999999998413        6.3064526456457193     
   9.5399999999998411        6.3126660979562299     
   9.5499999999998408        6.3187502229494816     
   9.5599999999998406        6.3246989550431056     
   9.5699999999998404        6.3305067757337703     
   9.5799999999998402        6.3361687505661504     
   9.5899999999998400        6.3416805627872881     
   9.5999999999998398        6.3470385432424621     
   9.6099999999998396        6.3522396961101393     
   9.6199999999998393        6.3572817201209366     
   9.6299999999998391        6.3621630249655095     
   9.6399999999998389        6.3668827426545000     
   9.6499999999998387        6.3714407336718430     
   9.6599999999998385        6.3758375878292481     
   9.6699999999998383        6.3800746198109213     
   9.6799999999998381        6.3841538594730940     
   9.6899999999998379        6.3880780370361689     
   9.6999999999998376        6.3918505633816309     
   9.7099999999998374        6.3954755057308121     
   9.7199999999998372        6.3989575590411505     
   9.7299999999998370        6.4023020135097806     
   9.7399999999998368        6.4055147186139489     
   9.7499999999998366        6.4086020441523557     
   9.7599999999998364        6.4115708387727084     
   9.7699999999998361        6.4144283864846834     
   9.7799999999998359        6.4171823616580204     
   9.7899999999998357        6.4198407830002679     
   9.7999999999998355        6.4224119669928115     
   9.8099999999998353        6.4249044812400316     
   9.8199999999998351        6.4273270981574493     
   9.8299999999998349        6.4296887493904311     
   9.8399999999998347        6.4319984813137205     
   9.8499999999998344        6.4342654119232989     
   9.8599999999998342        6.4364986893863092     
   9.8699999999998340        6.4387074524699051     
   9.8799999999998338        6.4409007930303064     
   9.8899999999998336        6.4430877206932307     
   9.8999999999998334        6.4452771298271880     
   9.9099999999998332        6.4474777688599723     
   9.9199999999998330        6.4496982119662043     
   9.9299999999998327        6.4519468331149268     
   9.9399999999998325        6.4542317824400337     
   9.9499999999998323        6.4565609648734830     
   9.9599999999998321        6.4589420209582862     
   9.9699999999998319        6.4613823097453977     
   9.9799999999998317        6.4638888936585586     
   9.9899999999998315        6.4664685252086942     
   9.9999999999998312        6.4691276354280083     
