   0.0000000000000000       -0.0000000000000000     
   1.0000000000000000E-002  -6.5747500169981143E-008
   2.0000000000000000E-002  -2.6406700159384282E-007
   2.9999999999999999E-002  -5.9656182008001055E-007
   4.0000000000000001E-002  -1.0648188195228899E-006
   5.0000000000000003E-002  -1.6704082499166380E-006
   6.0000000000000005E-002  -2.4148835276467397E-006
   7.0000000000000007E-002  -3.2997810373307844E-006
   8.0000000000000002E-002  -4.3266199365581783E-006
   8.9999999999999997E-002  -5.4969019586453200E-006
   9.9999999999999992E-002  -6.8121112340577442E-006
  0.10999999999999999       -8.2737141049656595E-006
  0.11999999999999998       -9.8831589447026348E-006
  0.12999999999999998       -1.1641875973247198E-005
  0.13999999999999999       -1.3551277103811422E-005
  0.14999999999999999       -1.5612755744821523E-005
  0.16000000000000000       -1.7827686669423075E-005
  0.17000000000000001       -2.0197425825948362E-005
  0.18000000000000002       -2.2723310198369713E-005
  0.19000000000000003       -2.5406657641468074E-005
  0.20000000000000004       -2.8248766751557298E-005
  0.21000000000000005       -3.1250916683061504E-005
  0.22000000000000006       -3.4414367061711151E-005
  0.23000000000000007       -3.7740357800963555E-005
  0.24000000000000007       -4.1230108994838894E-005
  0.25000000000000006       -4.4884820761055711E-005
  0.26000000000000006       -4.8705673147261492E-005
  0.27000000000000007       -5.2693826001553375E-005
  0.28000000000000008       -5.6850418850587338E-005
  0.29000000000000009       -6.1176570765738341E-005
  0.30000000000000010       -6.5673380324109221E-005
  0.31000000000000011       -7.0341925407943359E-005
  0.32000000000000012       -7.5183263174156894E-005
  0.33000000000000013       -8.0198429928220188E-005
  0.34000000000000014       -8.5388441050927947E-005
  0.35000000000000014       -9.0754290872817591E-005
  0.36000000000000015       -9.6296952653431484E-005
  0.37000000000000016       -1.0201737841475713E-004
  0.38000000000000017       -1.0791649895921886E-004
  0.39000000000000018       -1.1399522373185906E-004
  0.40000000000000019       -1.2025444075273035E-004
  0.41000000000000020       -1.2669501659529729E-004
  0.42000000000000021       -1.3331779630738707E-004
  0.43000000000000022       -1.4012360333974280E-004
  0.44000000000000022       -1.4711323950193921E-004
  0.45000000000000023       -1.5428748493877723E-004
  0.46000000000000024       -1.6164709804368310E-004
  0.47000000000000025       -1.6919281546118952E-004
  0.48000000000000026       -1.7692535202287028E-004
  0.49000000000000027       -1.8484540071641149E-004
  0.50000000000000022       -1.9295363269669893E-004
  0.51000000000000023       -2.0125069721149116E-004
  0.52000000000000024       -2.0973722160063537E-004
  0.53000000000000025       -2.1841381130888242E-004
  0.54000000000000026       -2.2728104981196000E-004
  0.55000000000000027       -2.3633949869011144E-004
  0.56000000000000028       -2.4558969753564106E-004
  0.57000000000000028       -2.5503216404077872E-004
  0.58000000000000029       -2.6466739392421590E-004
  0.59000000000000030       -2.7449586100554771E-004
  0.60000000000000031       -2.8451801715790361E-004
  0.61000000000000032       -2.9473429237429546E-004
  0.62000000000000033       -3.0514509475011627E-004
  0.63000000000000034       -3.1575081053651107E-004
  0.64000000000000035       -3.2655180413676050E-004
  0.65000000000000036       -3.3754841815422312E-004
  0.66000000000000036       -3.4874097343944992E-004
  0.67000000000000037       -3.6012976911161011E-004
  0.68000000000000038       -3.7171508258597110E-004
  0.69000000000000039       -3.8349716964893949E-004
  0.70000000000000040       -3.9547626450497057E-004
  0.71000000000000041       -4.0765257980489387E-004
  0.72000000000000042       -4.2002630671957784E-004
  0.73000000000000043       -4.3259761500277641E-004
  0.74000000000000044       -4.4536665304426850E-004
  0.75000000000000044       -4.5833354794991185E-004
  0.76000000000000045       -4.7149840559267906E-004
  0.77000000000000046       -4.8486131069304833E-004
  0.78000000000000047       -4.9842232692097835E-004
  0.79000000000000048       -5.1218149695288521E-004
  0.80000000000000049       -5.2613884252712315E-004
  0.81000000000000050       -5.4029436459006970E-004
  0.82000000000000051       -5.5464804335859366E-004
  0.83000000000000052       -5.6919983840699254E-004
  0.84000000000000052       -5.8394968875953048E-004
  0.85000000000000053       -5.9889751301143437E-004
  0.86000000000000054       -6.1404320943129933E-004
  0.87000000000000055       -6.2938665602670931E-004
  0.88000000000000056       -6.4492771070821385E-004
  0.89000000000000057       -6.6066621136658772E-004
  0.90000000000000058       -6.7660197598675396E-004
  0.91000000000000059       -6.9273480279659317E-004
  0.92000000000000060       -7.0906447033680360E-004
  0.93000000000000060       -7.2559073765284909E-004
  0.94000000000000061       -7.4231334433429164E-004
  0.95000000000000062       -7.5923201072391176E-004
  0.96000000000000063       -7.7634643800150694E-004
  0.97000000000000064       -7.9365630834916240E-004
  0.98000000000000065       -8.1116128503402559E-004
  0.99000000000000066       -8.2886101263356245E-004
   1.0000000000000007       -8.4675511709755629E-004
   1.0100000000000007       -8.6484320591708602E-004
   1.0200000000000007       -8.8312486829065552E-004
   1.0300000000000007       -9.0159967526617511E-004
   1.0400000000000007       -9.2026717988541874E-004
   1.0500000000000007       -9.3912691730877276E-004
   1.0600000000000007       -9.5817840503451999E-004
   1.0700000000000007       -9.7742114300235455E-004
   1.0800000000000007       -9.9685461379187359E-004
   1.0900000000000007       -1.0164782827503320E-003
   1.1000000000000008       -1.0362915981683427E-003
   1.1100000000000008       -1.0562939914895381E-003
   1.1200000000000008       -1.0764848773916038E-003
   1.1300000000000008       -1.0968636540319252E-003
   1.1400000000000008       -1.1174297031949902E-003
   1.1500000000000008       -1.1381823904728636E-003
   1.1600000000000008       -1.1591210653986645E-003
   1.1700000000000008       -1.1802450616845237E-003
   1.1800000000000008       -1.2015536973885861E-003
   1.1900000000000008       -1.2230462750387838E-003
   1.2000000000000008       -1.2447220818985634E-003
   1.2100000000000009       -1.2665803900960102E-003
   1.2200000000000009       -1.2886204568039975E-003
   1.2300000000000009       -1.3108415244873176E-003
   1.2400000000000009       -1.3332428210125512E-003
   1.2500000000000009       -1.3558235598863479E-003
   1.2600000000000009       -1.3785829404571186E-003
   1.2700000000000009       -1.4015201480351365E-003
   1.2800000000000009       -1.4246343541951345E-003
   1.2900000000000009       -1.4479247168640427E-003
   1.3000000000000009       -1.4713903805872247E-003
   1.3100000000000009       -1.4950304766902787E-003
   1.3200000000000010       -1.5188441234898430E-003
   1.3300000000000010       -1.5428304264979661E-003
   1.3400000000000010       -1.5669884786047479E-003
   1.3500000000000010       -1.5913173602884717E-003
   1.3600000000000010       -1.6158161398086555E-003
   1.3700000000000010       -1.6404838734321327E-003
   1.3800000000000010       -1.6653196055968294E-003
   1.3900000000000010       -1.6903223691593283E-003
   1.4000000000000010       -1.7154911855442225E-003
   1.4100000000000010       -1.7408250650016322E-003
   1.4200000000000010       -1.7663230067880115E-003
   1.4300000000000010       -1.7919839993724336E-003
   1.4400000000000011       -1.8178070206344393E-003
   1.4500000000000011       -1.8437910380911275E-003
   1.4600000000000011       -1.8699350090954120E-003
   1.4700000000000011       -1.8962378810123233E-003
   1.4800000000000011       -1.9226985914841620E-003
   1.4900000000000011       -1.9493160685947922E-003
   1.5000000000000011       -1.9760892310840008E-003
   1.5100000000000011       -2.0030169885660457E-003
   1.5200000000000011       -2.0300982417390933E-003
   1.5300000000000011       -2.0573318825691470E-003
   1.5400000000000011       -2.0847167945102947E-003
   1.5500000000000012       -2.1122518527473088E-003
   1.5600000000000012       -2.1399359243340706E-003
   1.5700000000000012       -2.1677678684682445E-003
   1.5800000000000012       -2.1957465366504764E-003
   1.5900000000000012       -2.2238707729206730E-003
   1.6000000000000012       -2.2521394140479377E-003
   1.6100000000000012       -2.2805512897370972E-003
   1.6200000000000012       -2.3091052228507011E-003
   1.6300000000000012       -2.3378000296037349E-003
   1.6400000000000012       -2.3666345197687145E-003
   1.6500000000000012       -2.3956074968705548E-003
   1.6600000000000013       -2.4247177584223833E-003
   1.6700000000000013       -2.4539640960851124E-003
   1.6800000000000013       -2.4833452959217850E-003
   1.6900000000000013       -2.5128601385342613E-003
   1.7000000000000013       -2.5425073993436162E-003
   1.7100000000000013       -2.5722858487238725E-003
   1.7200000000000013       -2.6021942522371343E-003
   1.7300000000000013       -2.6322313708283663E-003
   1.7400000000000013       -2.6623959610163716E-003
   1.7500000000000013       -2.6926867751008898E-003
   1.7600000000000013       -2.7231025613541526E-003
   1.7700000000000014       -2.7536420642139459E-003
   1.7800000000000014       -2.7843040244908005E-003
   1.7900000000000014       -2.8150871795574219E-003
   1.8000000000000014       -2.8459902635239055E-003
   1.8100000000000014       -2.8770120074715832E-003
   1.8200000000000014       -2.9081511395885138E-003
   1.8300000000000014       -2.9394063854087729E-003
   1.8400000000000014       -2.9707764679815060E-003
   1.8500000000000014       -3.0022601080569823E-003
   1.8600000000000014       -3.0338560242765922E-003
   1.8700000000000014       -3.0655629333477376E-003
   1.8800000000000014       -3.0973795502649434E-003
   1.8900000000000015       -3.1293045884317472E-003
   1.9000000000000015       -3.1613367599003074E-003
   1.9100000000000015       -3.1934747755153338E-003
   1.9200000000000015       -3.2257173451299081E-003
   1.9300000000000015       -3.2580631777196622E-003
   1.9400000000000015       -3.2905109816230679E-003
   1.9500000000000015       -3.3230594646997806E-003
   1.9600000000000015       -3.3557073344769868E-003
   1.9700000000000015       -3.3884532983461616E-003
   1.9800000000000015       -3.4212960637312276E-003
   1.9900000000000015       -3.4542343382646264E-003
   2.0000000000000013       -3.4872668299151042E-003
   2.0100000000000011       -3.5203922471986515E-003
   2.0200000000000009       -3.5536092993382704E-003
   2.0300000000000007       -3.5869166963962596E-003
   2.0400000000000005       -3.6203131494659704E-003
   2.0500000000000003       -3.6537973708108511E-003
   2.0600000000000001       -3.6873680740470288E-003
   2.0699999999999998       -3.7210239742515045E-003
   2.0799999999999996       -3.7547637881904295E-003
   2.0899999999999994       -3.7885862343931347E-003
   2.0999999999999992       -3.8224900333626074E-003
   2.1099999999999990       -3.8564739076980929E-003
   2.1199999999999988       -3.8905365822349048E-003
   2.1299999999999986       -3.9246767842273187E-003
   2.1399999999999983       -3.9588932434338718E-003
   2.1499999999999981       -3.9931846923253744E-003
   2.1599999999999979       -4.0275498661829423E-003
   2.1699999999999977       -4.0619875032399996E-003
   2.1799999999999975       -4.0964963448363971E-003
   2.1899999999999973       -4.1310751355446169E-003
   2.1999999999999971       -4.1657226232923901E-003
   2.2099999999999969       -4.2004375595162324E-003
   2.2199999999999966       -4.2352186992799896E-003
   2.2299999999999964       -4.2700648013842737E-003
   2.2399999999999962       -4.3049746285335651E-003
   2.2499999999999960       -4.3399469474325117E-003
   2.2599999999999958       -4.3749805288934660E-003
   2.2699999999999956       -4.4100741480138329E-003
   2.2799999999999954       -4.4452265842012803E-003
   2.2899999999999952       -4.4804366214148865E-003
   2.2999999999999949       -4.5157030481460516E-003
   2.3099999999999947       -4.5510246576401037E-003
   2.3199999999999945       -4.5864002479540566E-003
   2.3299999999999943       -4.6218286220550053E-003
   2.3399999999999941       -4.6573085879788147E-003
   2.3499999999999939       -4.6928389588683176E-003
   2.3599999999999937       -4.7284185531606508E-003
   2.3699999999999934       -4.7640461945953148E-003
   2.3799999999999932       -4.7997207123680616E-003
   2.3899999999999930       -4.8354409412451772E-003
   2.3999999999999928       -4.8712057216070146E-003
   2.4099999999999926       -4.9070138995796582E-003
   2.4199999999999924       -4.9428643271150667E-003
   2.4299999999999922       -4.9787558620705162E-003
   2.4399999999999920       -5.0146873683310882E-003
   2.4499999999999917       -5.0506577158550212E-003
   2.4599999999999915       -5.0866657807877285E-003
   2.4699999999999913       -5.1227104455143745E-003
   2.4799999999999911       -5.1587905987839850E-003
   2.4899999999999909       -5.1949051357562115E-003
   2.4999999999999907       -5.2310529580485042E-003
   2.5099999999999905       -5.2672329739142411E-003
   2.5199999999999902       -5.3034440982001598E-003
   2.5299999999999900       -5.3396852524948205E-003
   2.5399999999999898       -5.3759553651646147E-003
   2.5499999999999896       -5.4122533714025551E-003
   2.5599999999999894       -5.4485782133682483E-003
   2.5699999999999892       -5.4849288401663983E-003
   2.5799999999999890       -5.5213042079518288E-003
   2.5899999999999888       -5.5577032800077494E-003
   2.5999999999999885       -5.5941250267562102E-003
   2.6099999999999883       -5.6305684258559675E-003
   2.6199999999999881       -5.6670324622276821E-003
   2.6299999999999879       -5.7035161281543852E-003
   2.6399999999999877       -5.7400184232573870E-003
   2.6499999999999875       -5.7765383546340100E-003
   2.6599999999999873       -5.8130749368263913E-003
   2.6699999999999871       -5.8496271919293557E-003
   2.6799999999999868       -5.8861941496051026E-003
   2.6899999999999866       -5.9227748471274511E-003
   2.6999999999999864       -5.9593683294276150E-003
   2.7099999999999862       -5.9959736491430448E-003
   2.7199999999999860       -6.0325898666428509E-003
   2.7299999999999858       -6.0692160500613809E-003
   2.7399999999999856       -6.1058512753650986E-003
   2.7499999999999853       -6.1424946263424277E-003
   2.7599999999999851       -6.1791451946496302E-003
   2.7699999999999849       -6.2158020798855802E-003
   2.7799999999999847       -6.2524643895420550E-003
   2.7899999999999845       -6.2891312390895146E-003
   2.7999999999999843       -6.3258017519933398E-003
   2.8099999999999841       -6.3624750597119813E-003
   2.8199999999999839       -6.3991503017678929E-003
   2.8299999999999836       -6.4358266257015257E-003
   2.8399999999999834       -6.4725031871629745E-003
   2.8499999999999832       -6.5091791498849243E-003
   2.8599999999999830       -6.5458536857131580E-003
   2.8699999999999828       -6.5825259746172078E-003
   2.8799999999999826       -6.6191952047120230E-003
   2.8899999999999824       -6.6558605722796234E-003
   2.8999999999999821       -6.6925212817468514E-003
   2.9099999999999819       -6.7291765457334870E-003
   2.9199999999999817       -6.7658255850407828E-003
   2.9299999999999815       -6.8024676286841234E-003
   2.9399999999999813       -6.8391019138493497E-003
   2.9499999999999811       -6.8757276859419411E-003
   2.9599999999999809       -6.9123441985940596E-003
   2.9699999999999807       -6.9489507136195425E-003
   2.9799999999999804       -6.9855465010769547E-003
   2.9899999999999802       -7.0221308392071557E-003
   2.9999999999999800       -7.0587030144985382E-003
   3.0099999999999798       -7.0952623216435562E-003
   3.0199999999999796       -7.1318080635329566E-003
   3.0299999999999794       -7.1683395512702900E-003
   3.0399999999999792       -7.2048561041617295E-003
   3.0499999999999790       -7.2413570497038959E-003
   3.0599999999999787       -7.2778417235747784E-003
   3.0699999999999785       -7.3143094696464682E-003
   3.0799999999999783       -7.3507596399445532E-003
   3.0899999999999781       -7.3871915946458651E-003
   3.0999999999999779       -7.4236047021053195E-003
   3.1099999999999777       -7.4599983387818071E-003
   3.1199999999999775       -7.4963718892749583E-003
   3.1299999999999772       -7.5327247462702099E-003
   3.1399999999999770       -7.5690563105740277E-003
   3.1499999999999768       -7.6053659910417905E-003
   3.1599999999999766       -7.6416532045991293E-003
   3.1699999999999764       -7.6779173762130150E-003
   3.1799999999999762       -7.7141579388807033E-003
   3.1899999999999760       -7.7503743335770340E-003
   3.1999999999999758       -7.7865660092843701E-003
   3.2099999999999755       -7.8227324229454085E-003
   3.2199999999999753       -7.8588730394250489E-003
   3.2299999999999751       -7.8949873315209366E-003
   3.2399999999999749       -7.9310747799187318E-003
   3.2499999999999747       -7.9671348731870234E-003
   3.2599999999999745       -8.0031671077222498E-003
   3.2699999999999743       -8.0391709877478106E-003
   3.2799999999999740       -8.0751460252863234E-003
   3.2899999999999738       -8.1110917401234980E-003
   3.2999999999999736       -8.1470076597898681E-003
   3.3099999999999734       -8.1828933195257914E-003
   3.3199999999999732       -8.2187482622563743E-003
   3.3299999999999730       -8.2545720385630746E-003
   3.3399999999999728       -8.2903642066582146E-003
   3.3499999999999726       -8.3261243323361159E-003
   3.3599999999999723       -8.3618519889632568E-003
   3.3699999999999721       -8.3975467574587265E-003
   3.3799999999999719       -8.4332082262117136E-003
   3.3899999999999717       -8.4688359911073482E-003
   3.3999999999999715       -8.5044296554591808E-003
   3.4099999999999713       -8.5399888299896830E-003
   3.4199999999999711       -8.5755131327785953E-003
   3.4299999999999708       -8.6110021892681077E-003
   3.4399999999999706       -8.6464556321837055E-003
   3.4499999999999704       -8.6818731015314426E-003
   3.4599999999999702       -8.7172542445566742E-003
   3.4699999999999700       -8.7525987156821250E-003
   3.4799999999999698       -8.7879061765170664E-003
   3.4899999999999696       -8.8231762957863696E-003
   3.4999999999999694       -8.8584087493106412E-003
   3.5099999999999691       -8.8936032199579875E-003
   3.5199999999999689       -8.9287593976261365E-003
   3.5299999999999687       -8.9638769791836621E-003
   3.5399999999999685       -8.9989556684585154E-003
   3.5499999999999683       -9.0339951761572550E-003
   3.5599999999999681       -9.0689952198723164E-003
   3.5699999999999679       -9.1039555240362453E-003
   3.5799999999999677       -9.1388758198462459E-003
   3.5899999999999674       -9.1737558452844609E-003
   3.5999999999999672       -9.2085953450244968E-003
   3.6099999999999670       -9.2433940704248711E-003
   3.6199999999999668       -9.2781517794703443E-003
   3.6299999999999666       -9.3128682367713128E-003
   3.6399999999999664       -9.3475432134587470E-003
   3.6499999999999662       -9.3821764872183775E-003
   3.6599999999999659       -9.4167678421970772E-003
   3.6699999999999657       -9.4513170689847267E-003
   3.6799999999999655       -9.4858239645756182E-003
   3.6899999999999653       -9.5202883323208583E-003
   3.6999999999999651       -9.5547099819021149E-003
   3.7099999999999649       -9.5890887292675499E-003
   3.7199999999999647       -9.6234243966163702E-003
   3.7299999999999645       -9.6577168123530323E-003
   3.7399999999999642       -9.6919658110441037E-003
   3.7499999999999640       -9.7261712333507316E-003
   3.7599999999999638       -9.7603329260602893E-003
   3.7699999999999636       -9.7944507419643265E-003
   3.7799999999999634       -9.8285245398792576E-003
   3.7899999999999632       -9.8625541845689651E-003
   3.7999999999999630       -9.8965395467237333E-003
   3.8099999999999627       -9.9304805029125694E-003
   3.8199999999999625       -9.9643769355445520E-003
   3.8299999999999623       -9.9982287328387823E-003
   3.8399999999999621       -1.0032035788766182E-002
   3.8499999999999619       -1.0065798003024963E-002
   3.8599999999999617       -1.0099515280987506E-002
   3.8699999999999615       -1.0133187533671897E-002
   3.8799999999999613       -1.0166814677703563E-002
   3.8899999999999610       -1.0200396635255390E-002
   3.8999999999999608       -1.0233933334038619E-002
   3.9099999999999606       -1.0267424707244743E-002
   3.9199999999999604       -1.0300870693500606E-002
   3.9299999999999602       -1.0334271236829224E-002
   3.9399999999999600       -1.0367626286642704E-002
   3.9499999999999598       -1.0400935797672099E-002
   3.9599999999999596       -1.0434199729918601E-002
   3.9699999999999593       -1.0467418048635721E-002
   3.9799999999999591       -1.0500590724308843E-002
   3.9899999999999589       -1.0533717732553054E-002
   3.9999999999999587       -1.0566799054157543E-002
   4.0099999999999589       -1.0599834674975975E-002
   4.0199999999999587       -1.0632824585921916E-002
   4.0299999999999585       -1.0665768782927349E-002
   4.0399999999999583       -1.0698667266895711E-002
   4.0499999999999581       -1.0731520043680422E-002
   4.0599999999999579       -1.0764327124024984E-002
   4.0699999999999577       -1.0797088523547460E-002
   4.0799999999999574       -1.0829804262671159E-002
   4.0899999999999572       -1.0862474366642295E-002
   4.0999999999999570       -1.0895098865438723E-002
   4.1099999999999568       -1.0927677793732065E-002
   4.1199999999999566       -1.0960211190892657E-002
   4.1299999999999564       -1.0992699100935890E-002
   4.1399999999999562       -1.1025141572455349E-002
   4.1499999999999559       -1.1057538658636607E-002
   4.1599999999999557       -1.1089890417170839E-002
   4.1699999999999555       -1.1122196910261381E-002
   4.1799999999999553       -1.1154458204545279E-002
   4.1899999999999551       -1.1186674371091297E-002
   4.1999999999999549       -1.1218845485351141E-002
   4.2099999999999547       -1.1250971627129364E-002
   4.2199999999999545       -1.1283052880522544E-002
   4.2299999999999542       -1.1315089333919288E-002
   4.2399999999999540       -1.1347081079940530E-002
   4.2499999999999538       -1.1379028215415614E-002
   4.2599999999999536       -1.1410930841348078E-002
   4.2699999999999534       -1.1442789062855329E-002
   4.2799999999999532       -1.1474602989161871E-002
   4.2899999999999530       -1.1506372733562274E-002
   4.2999999999999527       -1.1538098413378859E-002
   4.3099999999999525       -1.1569780149917434E-002
   4.3199999999999523       -1.1601418068444549E-002
   4.3299999999999521       -1.1633012298159917E-002
   4.3399999999999519       -1.1664562972139891E-002
   4.3499999999999517       -1.1696070227330756E-002
   4.3599999999999515       -1.1727534204483438E-002
   4.3699999999999513       -1.1758955048146162E-002
   4.3799999999999510       -1.1790332906615636E-002
   4.3899999999999508       -1.1821667931908218E-002
   4.3999999999999506       -1.1852960279723188E-002
   4.4099999999999504       -1.1884210109409543E-002
   4.4199999999999502       -1.1915417583935868E-002
   4.4299999999999500       -1.1946582869853201E-002
   4.4399999999999498       -1.1977706137269740E-002
   4.4499999999999496       -1.2008787559784337E-002
   4.4599999999999493       -1.2039827314518914E-002
   4.4699999999999491       -1.2070825581997341E-002
   4.4799999999999489       -1.2101782546217150E-002
   4.4899999999999487       -1.2132698394495075E-002
   4.4999999999999485       -1.2163573317538121E-002
   4.5099999999999483       -1.2194407509366349E-002
   4.5199999999999481       -1.2225201167279317E-002
   4.5299999999999478       -1.2255954491818578E-002
   4.5399999999999476       -1.2286667686757178E-002
   4.5499999999999474       -1.2317340959035630E-002
   4.5599999999999472       -1.2347974518772033E-002
   4.5699999999999470       -1.2378568579178335E-002
   4.5799999999999468       -1.2409123356561901E-002
   4.5899999999999466       -1.2439639070298382E-002
   4.5999999999999464       -1.2470115942749303E-002
   4.6099999999999461       -1.2500554199303581E-002
   4.6199999999999459       -1.2530954068278472E-002
   4.6299999999999457       -1.2561315780925127E-002
   4.6399999999999455       -1.2591639571382407E-002
   4.6499999999999453       -1.2621925676651978E-002
   4.6599999999999451       -1.2652174336535033E-002
   4.6699999999999449       -1.2682385793675146E-002
   4.6799999999999446       -1.2712560293423103E-002
   4.6899999999999444       -1.2742698083889633E-002
   4.6999999999999442       -1.2772799415855851E-002
   4.7099999999999440       -1.2802864542783473E-002
   4.7199999999999438       -1.2832893720762765E-002
   4.7299999999999436       -1.2862887208462258E-002
   4.7399999999999434       -1.2892845267125820E-002
   4.7499999999999432       -1.2922768160528520E-002
   4.7599999999999429       -1.2952656154945877E-002
   4.7699999999999427       -1.2982509519104474E-002
   4.7799999999999425       -1.3012328524167878E-002
   4.7899999999999423       -1.3042113443716858E-002
   4.7999999999999421       -1.3071864553674165E-002
   4.8099999999999419       -1.3101582132313040E-002
   4.8199999999999417       -1.3131266460173234E-002
   4.8299999999999415       -1.3160917820116001E-002
   4.8399999999999412       -1.3190536497193659E-002
   4.8499999999999410       -1.3220122778674787E-002
   4.8599999999999408       -1.3249676953991398E-002
   4.8699999999999406       -1.3279199314707368E-002
   4.8799999999999404       -1.3308690154490609E-002
   4.8899999999999402       -1.3338149769084586E-002
   4.8999999999999400       -1.3367578456248284E-002
   4.9099999999999397       -1.3396976515752930E-002
   4.9199999999999395       -1.3426344249329652E-002
   4.9299999999999393       -1.3455681960646714E-002
   4.9399999999999391       -1.3484989955278642E-002
   4.9499999999999389       -1.3514268540638353E-002
   4.9599999999999387       -1.3543518025996022E-002
   4.9699999999999385       -1.3572738722408807E-002
   4.9799999999999383       -1.3601930942684094E-002
   4.9899999999999380       -1.3631095001390495E-002
   4.9999999999999378       -1.3660231214756050E-002
   5.0099999999999376       -1.3689339900685153E-002
   5.0199999999999374       -1.3718421378702760E-002
   5.0299999999999372       -1.3747475969927961E-002
   5.0399999999999370       -1.3776503997023236E-002
   5.0499999999999368       -1.3805505784197383E-002
   5.0599999999999365       -1.3834481657109456E-002
   5.0699999999999363       -1.3863431942907400E-002
   5.0799999999999361       -1.3892356970124991E-002
   5.0899999999999359       -1.3921257068698796E-002
   5.0999999999999357       -1.3950132569883315E-002
   5.1099999999999355       -1.3978983806273633E-002
   5.1199999999999353       -1.4007811111722113E-002
   5.1299999999999351       -1.4036614821324922E-002
   5.1399999999999348       -1.4065395271376620E-002
   5.1499999999999346       -1.4094152799343342E-002
   5.1599999999999344       -1.4122887743828997E-002
   5.1699999999999342       -1.4151600444515191E-002
   5.1799999999999340       -1.4180291242165301E-002
   5.1899999999999338       -1.4208960478546685E-002
   5.1999999999999336       -1.4237608496428852E-002
   5.2099999999999334       -1.4266235639524725E-002
   5.2199999999999331       -1.4294842252455553E-002
   5.2299999999999329       -1.4323428680731810E-002
   5.2399999999999327       -1.4351995270705194E-002
   5.2499999999999325       -1.4380542369524579E-002
   5.2599999999999323       -1.4409070325103364E-002
   5.2699999999999321       -1.4437579486108692E-002
   5.2799999999999319       -1.4466070201859868E-002
   5.2899999999999316       -1.4494542822369460E-002
   5.2999999999999314       -1.4522997698269743E-002
   5.3099999999999312       -1.4551435180745694E-002
   5.3199999999999310       -1.4579855621552050E-002
   5.3299999999999308       -1.4608259372944790E-002
   5.3399999999999306       -1.4636646787642820E-002
   5.3499999999999304       -1.4665018218819660E-002
   5.3599999999999302       -1.4693374020014374E-002
   5.3699999999999299       -1.4721714545125657E-002
   5.3799999999999297       -1.4750040148404187E-002
   5.3899999999999295       -1.4778351184353514E-002
   5.3999999999999293       -1.4806648007730289E-002
   5.4099999999999291       -1.4834930973490456E-002
   5.4199999999999289       -1.4863200436764338E-002
   5.4299999999999287       -1.4891456752812242E-002
   5.4399999999999284       -1.4919700276975928E-002
   5.4499999999999282       -1.4947931364677758E-002
   5.4599999999999280       -1.4976150371313985E-002
   5.4699999999999278       -1.5004357652306857E-002
   5.4799999999999276       -1.5032553562972098E-002
   5.4899999999999274       -1.5060738458560740E-002
   5.4999999999999272       -1.5088912694151994E-002
   5.5099999999999270       -1.5117076624681968E-002
   5.5199999999999267       -1.5145230604863663E-002
   5.5299999999999265       -1.5173374989149438E-002
   5.5399999999999263       -1.5201510131702192E-002
   5.5499999999999261       -1.5229636386359800E-002
   5.5599999999999259       -1.5257754106591231E-002
   5.5699999999999257       -1.5285863645459891E-002
   5.5799999999999255       -1.5313965355580626E-002
   5.5899999999999253       -1.5342059589098166E-002
   5.5999999999999250       -1.5370146697622268E-002
   5.6099999999999248       -1.5398227032198524E-002
   5.6199999999999246       -1.5426300943303422E-002
   5.6299999999999244       -1.5454368780750662E-002
   5.6399999999999242       -1.5482430893684257E-002
   5.6499999999999240       -1.5510487630549803E-002
   5.6599999999999238       -1.5538539339021998E-002
   5.6699999999999235       -1.5566586366007397E-002
   5.6799999999999233       -1.5594629057577849E-002
   5.6899999999999231       -1.5622667758938941E-002
   5.6999999999999229       -1.5650702814393184E-002
   5.7099999999999227       -1.5678734567302541E-002
   5.7199999999999225       -1.5706763360064983E-002
   5.7299999999999223       -1.5734789534037018E-002
   5.7399999999999221       -1.5762813429557244E-002
   5.7499999999999218       -1.5790835385828022E-002
   5.7599999999999216       -1.5818855740977723E-002
   5.7699999999999214       -1.5846874831927548E-002
   5.7799999999999212       -1.5874892994407461E-002
   5.7899999999999210       -1.5902910562930542E-002
   5.7999999999999208       -1.5930927870696141E-002
   5.8099999999999206       -1.5958945249619997E-002
   5.8199999999999203       -1.5986963030265582E-002
   5.8299999999999201       -1.6014981541780694E-002
   5.8399999999999199       -1.6043001111940059E-002
   5.8499999999999197       -1.6071022067020716E-002
   5.8599999999999195       -1.6099044731814061E-002
   5.8699999999999193       -1.6127069429593899E-002
   5.8799999999999191       -1.6155096482055268E-002
   5.8899999999999189       -1.6183126209300444E-002
   5.8999999999999186       -1.6211158929781259E-002
   5.9099999999999184       -1.6239194960294516E-002
   5.9199999999999182       -1.6267234615919723E-002
   5.9299999999999180       -1.6295278210004482E-002
   5.9399999999999178       -1.6323326054095876E-002
   5.9499999999999176       -1.6351378457955156E-002
   5.9599999999999174       -1.6379435729495261E-002
   5.9699999999999172       -1.6407498174738033E-002
   5.9799999999999169       -1.6435566097807712E-002
   5.9899999999999167       -1.6463639800868686E-002
   5.9999999999999165       -1.6491719584116382E-002
   6.0099999999999163       -1.6519805745733383E-002
   6.0199999999999161       -1.6547898581854105E-002
   6.0299999999999159       -1.6575998386537318E-002
   6.0399999999999157       -1.6604105451741527E-002
   6.0499999999999154       -1.6632220067259507E-002
   6.0599999999999152       -1.6660342520734076E-002
   6.0699999999999150       -1.6688473097605992E-002
   6.0799999999999148       -1.6716612081059616E-002
   6.0899999999999146       -1.6744759752031962E-002
   6.0999999999999144       -1.6772916389162312E-002
   6.1099999999999142       -1.6801082268755412E-002
   6.1199999999999140       -1.6829257664771492E-002
   6.1299999999999137       -1.6857442848758893E-002
   6.1399999999999135       -1.6885638089890850E-002
   6.1499999999999133       -1.6913843654866218E-002
   6.1599999999999131       -1.6942059807924445E-002
   6.1699999999999129       -1.6970286810796976E-002
   6.1799999999999127       -1.6998524922701461E-002
   6.1899999999999125       -1.7026774400276602E-002
   6.1999999999999122       -1.7055035497604079E-002
   6.2099999999999120       -1.7083308466141665E-002
   6.2199999999999118       -1.7111593554704790E-002
   6.2299999999999116       -1.7139891009463597E-002
   6.2399999999999114       -1.7168201073885895E-002
   6.2499999999999112       -1.7196523988736414E-002
   6.2599999999999110       -1.7224859992040913E-002
   6.2699999999999108       -1.7253209319046180E-002
   6.2799999999999105       -1.7281572202244164E-002
   6.2899999999999103       -1.7309948871289848E-002
   6.2999999999999101       -1.7338339553019722E-002
   6.3099999999999099       -1.7366744471393025E-002
   6.3199999999999097       -1.7395163847516333E-002
   6.3299999999999095       -1.7423597899577814E-002
   6.3399999999999093       -1.7452046842848918E-002
   6.3499999999999091       -1.7480510889663160E-002
   6.3599999999999088       -1.7508990249374173E-002
   6.3699999999999086       -1.7537485128363946E-002
   6.3799999999999084       -1.7565995730006136E-002
   6.3899999999999082       -1.7594522254643773E-002
   6.3999999999999080       -1.7623064899572622E-002
   6.4099999999999078       -1.7651623859044008E-002
   6.4199999999999076       -1.7680199324227028E-002
   6.4299999999999073       -1.7708791483170561E-002
   6.4399999999999071       -1.7737400520825296E-002
   6.4499999999999069       -1.7766026619007901E-002
   6.4599999999999067       -1.7794669956389689E-002
   6.4699999999999065       -1.7823330708464084E-002
   6.4799999999999063       -1.7852009047562317E-002
   6.4899999999999061       -1.7880705142806510E-002
   6.4999999999999059       -1.7909419160115576E-002
   6.5099999999999056       -1.7938151262190356E-002
   6.5199999999999054       -1.7966901608486588E-002
   6.5299999999999052       -1.7995670355221014E-002
   6.5399999999999050       -1.8024457655332327E-002
   6.5499999999999048       -1.8053263658505399E-002
   6.5599999999999046       -1.8082088511113276E-002
   6.5699999999999044       -1.8110932356262533E-002
   6.5799999999999041       -1.8139795333721776E-002
   6.5899999999999039       -1.8168677579969622E-002
   6.5999999999999037       -1.8197579228148700E-002
   6.6099999999999035       -1.8226500408050853E-002
   6.6199999999999033       -1.8255441246152037E-002
   6.6299999999999031       -1.8284401865549759E-002
   6.6399999999999029       -1.8313382385986454E-002
   6.6499999999999027       -1.8342382923851010E-002
   6.6599999999999024       -1.8371403592144592E-002
   6.6699999999999022       -1.8400444500488496E-002
   6.6799999999999020       -1.8429505755134447E-002
   6.6899999999999018       -1.8458587458922548E-002
   6.6999999999999016       -1.8487689711309655E-002
   6.7099999999999014       -1.8516812608360921E-002
   6.7199999999999012       -1.8545956242715590E-002
   6.7299999999999010       -1.8575120703626300E-002
   6.7399999999999007       -1.8604306076930765E-002
   6.7499999999999005       -1.8633512445070353E-002
   6.7599999999999003       -1.8662739887041535E-002
   6.7699999999999001       -1.8691988478460205E-002
   6.7799999999998999       -1.8721258291519240E-002
   6.7899999999998997       -1.8750549394987027E-002
   6.7999999999998995       -1.8779861854235826E-002
   6.8099999999998992       -1.8809195731212192E-002
   6.8199999999998990       -1.8838551084471456E-002
   6.8299999999998988       -1.8867927969127004E-002
   6.8399999999998986       -1.8897326436926584E-002
   6.8499999999998984       -1.8926746536188966E-002
   6.8599999999998982       -1.8956188311826210E-002
   6.8699999999998980       -1.8985651805395142E-002
   6.8799999999998978       -1.9015137055018751E-002
   6.8899999999998975       -1.9044644095455761E-002
   6.8999999999998973       -1.9074172958082142E-002
   6.9099999999998971       -1.9103723670878984E-002
   6.9199999999998969       -1.9133296258504004E-002
   6.9299999999998967       -1.9162890742213386E-002
   6.9399999999998965       -1.9192507139920236E-002
   6.9499999999998963       -1.9222145466198538E-002
   6.9599999999998960       -1.9251805732284095E-002
   6.9699999999998958       -1.9281487946077629E-002
   6.9799999999998956       -1.9311192112165525E-002
   6.9899999999998954       -1.9340918231819899E-002
   6.9999999999998952       -1.9370666303018241E-002
   7.0099999999998950       -1.9400436320452619E-002
   7.0199999999998948       -1.9430228275534093E-002
   7.0299999999998946       -1.9460042156401697E-002
   7.0399999999998943       -1.9489877947936645E-002
   7.0499999999998941       -1.9519735631805497E-002
   7.0599999999998939       -1.9549615186430388E-002
   7.0699999999998937       -1.9579516587003000E-002
   7.0799999999998935       -1.9609439805539062E-002
   7.0899999999998933       -1.9639384810858349E-002
   7.0999999999998931       -1.9669351568606743E-002
   7.1099999999998929       -1.9699340041273460E-002
   7.1199999999998926       -1.9729350188208303E-002
   7.1299999999998924       -1.9759381965641736E-002
   7.1399999999998922       -1.9789435326692976E-002
   7.1499999999998920       -1.9819510221366344E-002
   7.1599999999998918       -1.9849606596637492E-002
   7.1699999999998916       -1.9879724396379226E-002
   7.1799999999998914       -1.9909863561460805E-002
   7.1899999999998911       -1.9940024029708337E-002
   7.1999999999998909       -1.9970205735962084E-002
   7.2099999999998907       -2.0000408612062769E-002
   7.2199999999998905       -2.0030632586912324E-002
   7.2299999999998903       -2.0060877586445196E-002
   7.2399999999998901       -2.0091143533686691E-002
   7.2499999999998899       -2.0121430348766275E-002
   7.2599999999998897       -2.0151737948911733E-002
   7.2699999999998894       -2.0182066248523367E-002
   7.2799999999998892       -2.0212415159129412E-002
   7.2899999999998890       -2.0242784589482248E-002
   7.2999999999998888       -2.0273174445502026E-002
   7.3099999999998886       -2.0303584630361114E-002
   7.3199999999998884       -2.0334015044499984E-002
   7.3299999999998882       -2.0364465585584791E-002
   7.3399999999998879       -2.0394936148648787E-002
   7.3499999999998877       -2.0425426626002465E-002
   7.3599999999998875       -2.0455936907323623E-002
   7.3699999999998873       -2.0486466879666716E-002
   7.3799999999998871       -2.0517016427468917E-002
   7.3899999999998869       -2.0547585432618205E-002
   7.3999999999998867       -2.0578173774433339E-002
   7.4099999999998865       -2.0608781329713409E-002
   7.4199999999998862       -2.0639407972761543E-002
   7.4299999999998860       -2.0670053575410748E-002
   7.4399999999998858       -2.0700718007051290E-002
   7.4499999999998856       -2.0731401134647838E-002
   7.4599999999998854       -2.0762102822789660E-002
   7.4699999999998852       -2.0792822933688202E-002
   7.4799999999998850       -2.0823561327227701E-002
   7.4899999999998847       -2.0854317860983396E-002
   7.4999999999998845       -2.0885092390245854E-002
   7.5099999999998843       -2.0915884768072202E-002
   7.5199999999998841       -2.0946694845294135E-002
   7.5299999999998839       -2.0977522470535664E-002
   7.5399999999998837       -2.1008367490258500E-002
   7.5499999999998835       -2.1039229748803939E-002
   7.5599999999998833       -2.1070109088402129E-002
   7.5699999999998830       -2.1101005349223306E-002
   7.5799999999998828       -2.1131918369350092E-002
   7.5899999999998826       -2.1162847984882188E-002
   7.5999999999998824       -2.1193794029936069E-002
   7.6099999999998822       -2.1224756336673142E-002
   7.6199999999998820       -2.1255734735303764E-002
   7.6299999999998818       -2.1286729054169094E-002
   7.6399999999998816       -2.1317739119743797E-002
   7.6499999999998813       -2.1348764756656587E-002
   7.6599999999998811       -2.1379805787769213E-002
   7.6699999999998809       -2.1410862034135458E-002
   7.6799999999998807       -2.1441933315088629E-002
   7.6899999999998805       -2.1473019448258118E-002
   7.6999999999998803       -2.1504120249577107E-002
   7.7099999999998801       -2.1535235533365435E-002
   7.7199999999998798       -2.1566365112303146E-002
   7.7299999999998796       -2.1597508797507048E-002
   7.7399999999998794       -2.1628666398556623E-002
   7.7499999999998792       -2.1659837723472776E-002
   7.7599999999998790       -2.1691022578831334E-002
   7.7699999999998788       -2.1722220769744366E-002
   7.7799999999998786       -2.1753432099893704E-002
   7.7899999999998784       -2.1784656371595702E-002
   7.7999999999998781       -2.1815893385795846E-002
   7.8099999999998779       -2.1847142942113082E-002
   7.8199999999998777       -2.1878404838873513E-002
   7.8299999999998775       -2.1909678873172102E-002
   7.8399999999998773       -2.1940964840852041E-002
   7.8499999999998771       -2.1972262536561003E-002
   7.8599999999998769       -2.2003571753814153E-002
   7.8699999999998766       -2.2034892284965218E-002
   7.8799999999998764       -2.2066223921289912E-002
   7.8899999999998762       -2.2097566453004338E-002
   7.8999999999998760       -2.2128919669276076E-002
   7.9099999999998758       -2.2160283358293838E-002
   7.9199999999998756       -2.2191657307269842E-002
   7.9299999999998754       -2.2223041302485570E-002
   7.9399999999998752       -2.2254435129319974E-002
   7.9499999999998749       -2.2285838572295016E-002
   7.9599999999998747       -2.2317251415074943E-002
   7.9699999999998745       -2.2348673440539431E-002
   7.9799999999998743       -2.2380104430789569E-002
   7.9899999999998741       -2.2411544167176018E-002
   7.9999999999998739       -2.2442992430373850E-002
   8.0099999999998737       -2.2474449000351181E-002
   8.0199999999998735       -2.2505913656448766E-002
   8.0299999999998732       -2.2537386177384461E-002
   8.0399999999998730       -2.2568866341308485E-002
   8.0499999999998728       -2.2600353925833261E-002
   8.0599999999998726       -2.2631848708025062E-002
   8.0699999999998724       -2.2663350464492023E-002
   8.0799999999998722       -2.2694858971380540E-002
   8.0899999999998720       -2.2726374004421818E-002
   8.0999999999998717       -2.2757895338941705E-002
   8.1099999999998715       -2.2789422749923308E-002
   8.1199999999998713       -2.2820956012024822E-002
   8.1299999999998711       -2.2852494899589838E-002
   8.1399999999998709       -2.2884039186712259E-002
   8.1499999999998707       -2.2915588647245501E-002
   8.1599999999998705       -2.2947143054843973E-002
   8.1699999999998703       -2.2978702182972242E-002
   8.1799999999998700       -2.3010265804964094E-002
   8.1899999999998698       -2.3041833694054048E-002
   8.1999999999998696       -2.3073405623359567E-002
   8.2099999999998694       -2.3104981365976572E-002
   8.2199999999998692       -2.3136560694946691E-002
   8.2299999999998690       -2.3168143383352741E-002
   8.2399999999998688       -2.3199729204286614E-002
   8.2499999999998685       -2.3231317930912220E-002
   8.2599999999998683       -2.3262909336488238E-002
   8.2699999999998681       -2.3294503194395248E-002
   8.2799999999998679       -2.3326099278165202E-002
   8.2899999999998677       -2.3357697361509191E-002
   8.2999999999998675       -2.3389297218342577E-002
   8.3099999999998673       -2.3420898622830515E-002
   8.3199999999998671       -2.3452501349392481E-002
   8.3299999999998668       -2.3484105172736278E-002
   8.3399999999998666       -2.3515709867906163E-002
   8.3499999999998664       -2.3547315210264989E-002
   8.3599999999998662       -2.3578920975572473E-002
   8.3699999999998660       -2.3610526939985988E-002
   8.3799999999998658       -2.3642132880099979E-002
   8.3899999999998656       -2.3673738572939168E-002
   8.3999999999998654       -2.3705343796027453E-002
   8.4099999999998651       -2.3736948327392590E-002
   8.4199999999998649       -2.3768551945599296E-002
   8.4299999999998647       -2.3800154429765425E-002
   8.4399999999998645       -2.3831755559591588E-002
   8.4499999999998643       -2.3863355115402243E-002
   8.4599999999998641       -2.3894952878140405E-002
   8.4699999999998639       -2.3926548629412413E-002
   8.4799999999998636       -2.3958142151519483E-002
   8.4899999999998634       -2.3989733227471464E-002
   8.4999999999998632       -2.4021321640997781E-002
   8.5099999999998630       -2.4052907176584162E-002
   8.5199999999998628       -2.4084489619523256E-002
   8.5299999999998626       -2.4116068755873937E-002
   8.5399999999998624       -2.4147644372558317E-002
   8.5499999999998622       -2.4179216257327107E-002
   8.5599999999998619       -2.4210784198804378E-002
   8.5699999999998617       -2.4242347986530518E-002
   8.5799999999998615       -2.4273907410932192E-002
   8.5899999999998613       -2.4305462263403233E-002
   8.5999999999998611       -2.4337012336285647E-002
   8.6099999999998609       -2.4368557422911902E-002
   8.6199999999998607       -2.4400097317613240E-002
   8.6299999999998604       -2.4431631815746580E-002
   8.6399999999998602       -2.4463160713712993E-002
   8.6499999999998600       -2.4494683808990673E-002
   8.6599999999998598       -2.4526200900131502E-002
   8.6699999999998596       -2.4557711786805953E-002
   8.6799999999998594       -2.4589216269805054E-002
   8.6899999999998592       -2.4620714151062952E-002
   8.6999999999998590       -2.4652205233693124E-002
   8.7099999999998587       -2.4683689321970837E-002
   8.7199999999998585       -2.4715166221402077E-002
   8.7299999999998583       -2.4746635738686712E-002
   8.7399999999998581       -2.4778097681787622E-002
   8.7499999999998579       -2.4809551859901670E-002
   8.7599999999998577       -2.4840998083529034E-002
   8.7699999999998575       -2.4872436164447641E-002
   8.7799999999998573       -2.4903865915728976E-002
   8.7899999999998570       -2.4935287151812164E-002
   8.7999999999998568       -2.4966699688435501E-002
   8.8099999999998566       -2.4998103342730463E-002
   8.8199999999998564       -2.5029497933191362E-002
   8.8299999999998562       -2.5060883279697417E-002
   8.8399999999998560       -2.5092259203541325E-002
   8.8499999999998558       -2.5123625527447870E-002
   8.8599999999998555       -2.5154982075566750E-002
   8.8699999999998553       -2.5186328673508056E-002
   8.8799999999998551       -2.5217665148338578E-002
   8.8899999999998549       -2.5248991328617916E-002
   8.8999999999998547       -2.5280307044395659E-002
   8.9099999999998545       -2.5311612127233839E-002
   8.9199999999998543       -2.5342906410213403E-002
   8.9299999999998541       -2.5374189727949335E-002
   8.9399999999998538       -2.5405461916613987E-002
   8.9499999999998536       -2.5436722813936594E-002
   8.9599999999998534       -2.5467972259194373E-002
   8.9699999999998532       -2.5499210093313563E-002
   8.9799999999998530       -2.5530436158763502E-002
   8.9899999999998528       -2.5561650299647094E-002
   8.9999999999998526       -2.5592852361668028E-002
   9.0099999999998523       -2.5624042192187915E-002
   9.0199999999998521       -2.5655219640200854E-002
   9.0299999999998519       -2.5686384556347492E-002
   9.0399999999998517       -2.5717536792935276E-002
   9.0499999999998515       -2.5748676203979082E-002
   9.0599999999998513       -2.5779802645115476E-002
   9.0699999999998511       -2.5810915973730950E-002
   9.0799999999998509       -2.5842016048880295E-002
   9.0899999999998506       -2.5873102731356193E-002
   9.0999999999998504       -2.5904175883657579E-002
   9.1099999999998502       -2.5935235370014010E-002
   9.1199999999998500       -2.5966281056404410E-002
   9.1299999999998498       -2.5997312810544262E-002
   9.1399999999998496       -2.6028330501903670E-002
   9.1499999999998494       -2.6059334001717928E-002
   9.1599999999998492       -2.6090323183000169E-002
   9.1699999999998489       -2.6121297920523805E-002
   9.1799999999998487       -2.6152258090854433E-002
   9.1899999999998485       -2.6183203572364276E-002
   9.1999999999998483       -2.6214134245194892E-002
   9.2099999999998481       -2.6245049991308778E-002
   9.2199999999998479       -2.6275950694467035E-002
   9.2299999999998477       -2.6306836240253716E-002
   9.2399999999998474       -2.6337706516077693E-002
   9.2499999999998472       -2.6368561411155705E-002
   9.2599999999998470       -2.6399400816563751E-002
   9.2699999999998468       -2.6430224625181641E-002
   9.2799999999998466       -2.6461032731753261E-002
   9.2899999999998464       -2.6491825032861169E-002
   9.2999999999998462       -2.6522601426930630E-002
   9.3099999999998460       -2.6553361814247917E-002
   9.3199999999998457       -2.6584106096942711E-002
   9.3299999999998455       -2.6614834179026488E-002
   9.3399999999998453       -2.6645545966350732E-002
   9.3499999999998451       -2.6676241366655688E-002
   9.3599999999998449       -2.6706920289530731E-002
   9.3699999999998447       -2.6737582646445830E-002
   9.3799999999998445       -2.6768228350743481E-002
   9.3899999999998442       -2.6798857317647470E-002
   9.3999999999998440       -2.6829469464255230E-002
   9.4099999999998438       -2.6860064709537113E-002
   9.4199999999998436       -2.6890642974365681E-002
   9.4299999999998434       -2.6921204181477393E-002
   9.4399999999998432       -2.6951748255483524E-002
   9.4499999999998430       -2.6982275122916771E-002
   9.4599999999998428       -2.7012784712160710E-002
   9.4699999999998425       -2.7043276953497265E-002
   9.4799999999998423       -2.7073751779099486E-002
   9.4899999999998421       -2.7104209123019370E-002
   9.4999999999998419       -2.7134648921190802E-002
   9.5099999999998417       -2.7165071111446754E-002
   9.5199999999998415       -2.7195475633498906E-002
   9.5299999999998413       -2.7225862428930853E-002
   9.5399999999998411       -2.7256231441244269E-002
   9.5499999999998408       -2.7286582615778675E-002
   9.5599999999998406       -2.7316915899792363E-002
   9.5699999999998404       -2.7347231242398604E-002
   9.5799999999998402       -2.7377528594602064E-002
   9.5899999999998400       -2.7407807909283179E-002
   9.5999999999998398       -2.7438069141186853E-002
   9.6099999999998396       -2.7468312246933170E-002
   9.6199999999998393       -2.7498537185026616E-002
   9.6299999999998391       -2.7528743915810418E-002
   9.6399999999998389       -2.7558932401521352E-002
   9.6499999999998387       -2.7589102606234799E-002
   9.6599999999998385       -2.7619254495898787E-002
   9.6699999999998383       -2.7649388038300898E-002
   9.6799999999998381       -2.7679503203090212E-002
   9.6899999999998379       -2.7709599961770987E-002
   9.6999999999998376       -2.7739678287676230E-002
   9.7099999999998374       -2.7769738155973042E-002
   9.7199999999998372       -2.7799779543684362E-002
   9.7299999999998370       -2.7829802429647860E-002
   9.7399999999998368       -2.7859806794538356E-002
   9.7499999999998366       -2.7889792620842686E-002
   9.7599999999998364       -2.7919759892867001E-002
   9.7699999999998361       -2.7949708596729132E-002
   9.7799999999998359       -2.7979638720364602E-002
   9.7899999999998357       -2.8009550253482493E-002
   9.7999999999998355       -2.8039443187618102E-002
   9.8099999999998353       -2.8069317516083211E-002
   9.8199999999998351       -2.8099173233958691E-002
   9.8299999999998349       -2.8129010338130738E-002
   9.8399999999998347       -2.8158828827240502E-002
   9.8499999999998344       -2.8188628701700674E-002
   9.8599999999998342       -2.8218409963669967E-002
   9.8699999999998340       -2.8248172617084569E-002
   9.8799999999998338       -2.8277916667587975E-002
   9.8899999999998336       -2.8307642122603217E-002
   9.8999999999998334       -2.8337348991258823E-002
   9.9099999999998332       -2.8367037284419618E-002
   9.9199999999998330       -2.8396707014653889E-002
   9.9299999999998327       -2.8426358196250834E-002
   9.9399999999998325       -2.8455990845205188E-002
   9.9499999999998323       -2.8485604979184408E-002
   9.9599999999998321       -2.8515200617560348E-002
   9.9699999999998319       -2.8544777781380530E-002
   9.9799999999998317       -2.8574336493348694E-002
   9.9899999999998315       -2.8603876777851107E-002
   9.9999999999998312       -2.8633398660910133E-002
