   0.0000000000000000       -0.0000000000000000     
   1.0000000000000000E-002   1.2931043185163195E-004
   2.0000000000000000E-002   5.1721646309721859E-004
   2.9999999999999999E-002   1.1637306793070099E-003
   4.0000000000000001E-002   2.0689329783301733E-003
   5.0000000000000003E-002   3.2329706562945325E-003
   6.0000000000000005E-002   4.6560585649999403E-003
   7.0000000000000007E-002   6.3384793554881660E-003
   8.0000000000000002E-002   8.2805837956930386E-003
   8.9999999999999997E-002   1.0482791173408886E-002
   9.9999999999999992E-002   1.2945589778198745E-002
  0.10999999999999999        1.5669537467594610E-002
  0.11999999999999998        1.8655262317100681E-002
  0.12999999999999998        2.1903463356891129E-002
  0.13999999999999999        2.5414911392596589E-002
  0.14999999999999999        2.9190449919854682E-002
  0.16000000000000000        3.3230996126572765E-002
  0.17000000000000001        3.7537541992690736E-002
  0.18000000000000002        4.2111155481909780E-002
  0.19000000000000003        4.6952981836750333E-002
  0.20000000000000004        5.2064244973600120E-002
  0.21000000000000005        5.7446248986635411E-002
  0.22000000000000006        6.3100379755645766E-002
  0.23000000000000007        6.9028106674604642E-002
  0.24000000000000007        7.5230984490132047E-002
  0.25000000000000006        8.1710655268882965E-002
  0.26000000000000006        8.8468850487843864E-002
  0.27000000000000007        9.5507393257866349E-002
  0.28000000000000008       0.10282820068645764     
  0.29000000000000009       0.11043328638015268     
  0.30000000000000010       0.11832476310365762     
  0.31000000000000011       0.12650484558779304     
  0.32000000000000012       0.13497585350717817     
  0.33000000000000013       0.14374021462705619     
  0.34000000000000014       0.15280046812832820     
  0.35000000000000014       0.16215926812307244     
  0.36000000000000015       0.17181938736364044     
  0.37000000000000016       0.18178372115960081     
  0.38000000000000017       0.19205529151002307     
  0.39000000000000018       0.20263725146461514     
  0.40000000000000019       0.21353288971599199     
  0.41000000000000020       0.22474563544826787     
  0.42000000000000021       0.23627906343995994     
  0.43000000000000022       0.24813689944438669     
  0.44000000000000022       0.26032302585372291     
  0.45000000000000023       0.27284148766258193     
  0.46000000000000024       0.28569649874477093     
  0.47000000000000025       0.29889244845792567     
  0.48000000000000026       0.31243390858833558     
  0.49000000000000027       0.32632564065074426     
  0.50000000000000022       0.34057260355889507     
  0.51000000000000023       0.35517996168157351     
  0.52000000000000024       0.37015309328825857     
  0.53000000000000025       0.38549759941606387     
  0.54000000000000026       0.40121931314754683     
  0.55000000000000027       0.41732430932545678     
  0.56000000000000028       0.43381891470223405     
  0.57000000000000028       0.45070971853444980     
  0.58000000000000029       0.46800358361706346     
  0.59000000000000030       0.48570765775976321     
  0.60000000000000031       0.50382938568335500     
  0.61000000000000032       0.52237652133110590     
  0.62000000000000033       0.54135714055017370     
  0.63000000000000034       0.56077965411049024     
  0.64000000000000035       0.58065282099745508     
  0.65000000000000036       0.60098576190781905     
  0.66000000000000036       0.62178797282706655     
  0.67000000000000037       0.64306933858212401     
  0.68000000000000038       0.66484014616987663     
  0.69000000000000039       0.68711109766751066     
  0.70000000000000040       0.70989332243854331     
  0.71000000000000041       0.73319838829547113     
  0.72000000000000042       0.75703831118577480     
  0.73000000000000043       0.78142556287489850     
  0.74000000000000044       0.80637307594996699     
  0.75000000000000044       0.83189424533199452     
  0.76000000000000045       0.85800292526201483     
  0.77000000000000046       0.88471342051119783     
  0.78000000000000047       0.91204047024403112     
  0.79000000000000048       0.93999922260912738     
  0.80000000000000049       0.96860519767395681     
  0.81000000000000050       0.99787423577710155     
  0.82000000000000051        1.0278224276603962     
  0.83000000000000052        1.0584660219198074     
  0.84000000000000052        1.0898213042778120     
  0.85000000000000053        1.1219044418919435     
  0.86000000000000054        1.1547312843588902     
  0.87000000000000055        1.1883171111816024     
  0.88000000000000056        1.2226763131204019     
  0.89000000000000057        1.2578219920612652     
  0.90000000000000058        1.2937654606564937     
  0.91000000000000059        1.3305156189691756     
  0.92000000000000060        1.3680781806648263     
  0.93000000000000060        1.4064547158860816     
  0.94000000000000061        1.4456414718698396     
  0.95000000000000062        1.4856279259673790     
  0.96000000000000063        1.5263950192298339     
  0.97000000000000064        1.5679130132114933     
  0.98000000000000065        1.6101389093633998     
  0.99000000000000066        1.6530133716656539     
   1.0000000000000007        1.6964571025963378     
   1.0100000000000007        1.7403666450142072     
   1.0200000000000007        1.7846096254983213     
   1.0300000000000007        1.8290195269320328     
   1.0400000000000007        1.8733901906510420     
   1.0500000000000007        1.9174704115014323     
   1.0600000000000007        1.9609592086025087     
   1.0700000000000007        2.0035026244743812     
   1.0800000000000007        2.0446931963234602     
   1.0900000000000007        2.0840734903474432     
   1.1000000000000008        2.1211451813747968     
   1.1100000000000008        2.1553849443971087     
   1.1200000000000008        2.1862677459544484     
   1.1300000000000008        2.2132969016509705     
   1.1400000000000008        2.2360386034935851     
   1.1500000000000008        2.2541568847409219     
   1.1600000000000008        2.2674437818484945     
   1.1700000000000008        2.2758394005257938     
   1.1800000000000008        2.2794380158323824     
   1.1900000000000008        2.2784789786224220     
   1.2000000000000008        2.2733242507668030     
   1.2100000000000009        2.2644268398821699     
   1.2200000000000009        2.2522955312937287     
   1.2300000000000009        2.2374609899629325     
   1.2400000000000009        2.2204469373036124     
   1.2500000000000009        2.2017483439395003     
   1.2600000000000009        2.1818169849314413     
   1.2700000000000009        2.1610535905361221     
   1.2800000000000009        2.1398052500588136     
   1.2900000000000009        2.1183665854950759     
   1.3000000000000009        2.0969833454729883     
   1.3100000000000009        2.0758573332623089     
   1.3200000000000010        2.0551518734499998     
   1.3300000000000010        2.0349972829853629     
   1.3400000000000010        2.0154960204087353     
   1.3500000000000010        1.9967273392905016     
   1.3600000000000010        1.9787513754241266     
   1.3700000000000010        1.9616126629558432     
   1.3800000000000010        1.9453431127016478     
   1.3900000000000010        1.9299645053740486     
   1.4000000000000010        1.9154905598274563     
   1.4100000000000010        1.9019286365888681     
   1.4200000000000010        1.8892811330685511     
   1.4300000000000010        1.8775466209964817     
   1.4400000000000011        1.8667207702006128     
   1.4500000000000011        1.8567970963462157     
   1.4600000000000011        1.8477675644407712     
   1.4700000000000011        1.8396230745257272     
   1.4800000000000011        1.8323538515178546     
   1.4900000000000011        1.8259497571977503     
   1.5000000000000011        1.8204005391544835     
   1.5100000000000011        1.8156960287551300     
   1.5200000000000011        1.8118262979660393     
   1.5300000000000011        1.8087817830725685     
   1.5400000000000011        1.8065533817852342     
   1.5500000000000012        1.8051325290056099     
   1.5600000000000012        1.8045112555930027     
   1.5700000000000012        1.8046822335440871     
   1.5800000000000012        1.8056388104669217     
   1.5900000000000012        1.8073750355590852     
   1.6000000000000012        1.8098856789944637     
   1.6100000000000012        1.8131662461316336     
   1.6200000000000012        1.8172129877818601     
   1.6300000000000012        1.8220229074236733     
   1.6400000000000012        1.8275937661328805     
   1.6500000000000012        1.8339240857619628     
   1.6600000000000013        1.8410131507882730     
   1.6700000000000013        1.8488610091228568     
   1.6800000000000013        1.8574684720166816     
   1.6900000000000013        1.8668371131345811     
   1.7000000000000013        1.8769692667301545     
   1.7100000000000013        1.8878680247559656     
   1.7200000000000013        1.8995372326184714     
   1.7300000000000013        1.9119814831529933     
   1.7400000000000013        1.9252061082854344     
   1.7500000000000013        1.9392171675949996     
   1.7600000000000013        1.9540214328885190     
   1.7700000000000014        1.9696263675850361     
   1.7800000000000014        1.9860400994375615     
   1.7900000000000014        2.0032713847860140     
   1.8000000000000014        2.0213295620677334     
   1.8100000000000014        2.0402244918196057     
   1.8200000000000014        2.0599664797321489     
   1.8300000000000014        2.0805661785439993     
   1.8400000000000014        2.1020344635793378     
   1.8500000000000014        2.1243822755641966     
   1.8600000000000014        2.1476204228762836     
   1.8700000000000014        2.1717593336532319     
   1.8800000000000014        2.1968087459791068     
   1.8900000000000015        2.2227773218755580     
   1.9000000000000015        2.2496721675531188     
   1.9100000000000015        2.2774982388621852     
   1.9200000000000015        2.3062576063998685     
   1.9300000000000015        2.3359485498655364     
   1.9400000000000015        2.3665644456231925     
   1.9500000000000015        2.3980924054653858     
   1.9600000000000015        2.4305116186517526     
   1.9700000000000015        2.4637913439283317     
   1.9800000000000015        2.4978884950245344     
   1.9900000000000015        2.5327447636102942     
   2.0000000000000013        2.5682832314102209     
   2.0100000000000011        2.6044044420472927     
   2.0200000000000009        2.6409819399398864     
   2.0300000000000007        2.6778573458814914     
   2.0400000000000005        2.7148351366601355     
   2.0500000000000003        2.7516774387539682     
   2.0600000000000001        2.7880993402947456     
   2.0699999999999998        2.8237654682085536     
   2.0799999999999996        2.8582888470230730     
   2.0899999999999994        2.8912333003740041     
   2.0999999999999992        2.9221207830582636     
   2.1099999999999990        2.9504449087093905     
   2.1199999999999988        2.9756914201535363     
   2.1299999999999986        2.9973653382506233     
   2.1399999999999983        3.0150230642284517     
   2.1499999999999981        3.0283060704558360     
   2.1599999999999979        3.0369714991626351     
   2.1699999999999977        3.0409145909969508     
   2.1799999999999975        3.0401787877552153     
   2.1899999999999973        3.0349515275336389     
   2.1999999999999971        3.0255465650943223     
   2.2099999999999969        3.0123761923780776     
   2.2199999999999966        2.9959182211314586     
   2.2299999999999964        2.9766827170704016     
   2.2399999999999962        2.9551824748882769     
   2.2499999999999960        2.9319096474271662     
   2.2599999999999958        2.9073193591312778     
   2.2699999999999956        2.8818199176950157     
   2.2799999999999954        2.8557685196935436     
   2.2899999999999952        2.8294710747661886     
   2.2999999999999949        2.8031848132393913     
   2.3099999999999947        2.7771225508778028     
   2.3199999999999945        2.7514577524382950     
   2.3299999999999943        2.7263297934280031     
   2.3399999999999941        2.7018490352955538     
   2.3499999999999939        2.6781014929895157     
   2.3599999999999937        2.6551529892550567     
   2.3699999999999934        2.6330527660085661     
   2.3799999999999932        2.6118365693215222     
   2.3899999999999930        2.5915292502114915     
   2.3999999999999928        2.5721469350507804     
   2.4099999999999926        2.5536988225333244     
   2.4199999999999924        2.5361886621519183     
   2.4299999999999922        2.5196159645299439     
   2.4399999999999920        2.5039769880569454     
   2.4499999999999917        2.4892655404052908     
   2.4599999999999915        2.4754736275379532     
   2.4699999999999913        2.4625919777839842     
   2.4799999999999911        2.4506104638018478     
   2.4899999999999909        2.4395184413234552     
   2.4999999999999907        2.4293050203542847     
   2.5099999999999905        2.4199592814741768     
   2.5199999999999902        2.4114704477676887     
   2.5299999999999900        2.4038280208745411     
   2.5399999999999898        2.3970218881078407     
   2.5499999999999896        2.3910424062878142     
   2.5599999999999894        2.3858804669231555     
   2.5699999999999892        2.3815275464144463     
   2.5799999999999890        2.3779757444013776     
   2.5899999999999888        2.3752178126348364     
   2.5999999999999885        2.3732471764437717     
   2.6099999999999883        2.3720579503400967     
   2.6199999999999881        2.3716449491054590     
   2.6299999999999879        2.3720036954153194     
   2.6399999999999877        2.3731304247871652     
   2.6499999999999875        2.3750220885468840     
   2.6599999999999873        2.3776763552692528     
   2.6699999999999871        2.3810916111360991     
   2.6799999999999868        2.3852669594182201     
   2.6899999999999866        2.3902022192492205     
   2.6999999999999864        2.3958979238068654     
   2.7099999999999862        2.4023553178317587     
   2.7199999999999860        2.4095763544006381     
   2.7299999999999858        2.4175636907459448     
   2.7399999999999856        2.4263206828389299     
   2.7499999999999853        2.4358513782788904     
   2.7599999999999851        2.4461605069906942     
   2.7699999999999849        2.4572534690183598     
   2.7799999999999847        2.4691363185328545     
   2.7899999999999845        2.4818157429912859     
   2.7999999999999843        2.4952990360895972     
   2.8099999999999841        2.5095940628684414     
   2.8199999999999839        2.5247092149548265     
   2.8299999999999836        2.5406533534094140     
   2.8399999999999834        2.5574357361876192     
   2.8499999999999832        2.5750659264552573     
   2.8599999999999830        2.5935536772017365     
   2.8699999999999828        2.6129087865457623     
   2.8799999999999826        2.6331409169948392     
   2.8899999999999824        2.6542593702809754     
   2.8999999999999821        2.6762728076860927     
   2.9099999999999819        2.6991889036149979     
   2.9199999999999817        2.7230139174595478     
   2.9299999999999815        2.7477521659281448     
   2.9399999999999813        2.7734053742555789     
   2.9499999999999811        2.7999718807237146     
   2.9599999999999809        2.8274456644080850     
   2.9699999999999807        2.8558151609896836     
   2.9799999999999804        2.8850618267594696     
   2.9899999999999802        2.9151584063587803     
   2.9999999999999800        2.9460668568791579     
   3.0099999999999798        2.9777358807757848     
   3.0199999999999796        3.0100980251475349     
   3.0299999999999794        3.0430663182435809     
   3.0399999999999792        3.0765304405589751     
   3.0499999999999790        3.1103524731837444     
   3.0599999999999787        3.1443623377996328     
   3.0699999999999785        3.1783531483627492     
   3.0799999999999783        3.2120768406184386     
   3.0899999999999781        3.2452406324314946     
   3.0999999999999779        3.2775050853037633     
   3.1099999999999777        3.3084847539333970     
   3.1199999999999775        3.3377525671226991     
   3.1299999999999772        3.3648490877676336     
   3.1399999999999770        3.3892975384093771     
   3.1499999999999768        3.4106248488203916     
   3.1599999999999766        3.4283879531127361     
   3.1699999999999764        3.4422032503719788     
   3.1799999999999762        3.4517758482875536     
   3.1899999999999760        3.4569243833116925     
   3.1999999999999758        3.4575972892485392     
   3.2099999999999755        3.4538775612873813     
   3.2199999999999753        3.4459751160679053     
   3.2299999999999751        3.4342081826342947     
   3.2399999999999749        3.4189770483536934     
   3.2499999999999747        3.4007344039082725     
   3.2599999999999745        3.3799563669223747     
   3.2699999999999743        3.3571172840438566     
   3.2799999999999740        3.3326700757448657     
   3.2899999999999738        3.3070326210683230     
   3.2999999999999736        3.2805797410519952     
   3.3099999999999734        3.2536398027054330     
   3.3199999999999732        3.2264947773449415     
   3.3299999999999730        3.1993826369983784     
   3.3399999999999728        3.1725011504256075     
   3.3499999999999726        3.1460123608995376     
   3.3599999999999723        3.1200472403014001     
   3.3699999999999721        3.0947101914229940     
   3.3799999999999719        3.0700832069219097     
   3.3899999999999717        3.0462295900275471     
   3.3999999999999715        3.0231972072623172     
   3.4099999999999713        3.0010212833447425     
   3.4199999999999711        2.9797267716566047     
   3.4299999999999708        2.9593303444268622     
   3.4399999999999706        2.9398420506173233     
   3.4499999999999704        2.9212666882545921     
   3.4599999999999702        2.9036049347669599     
   3.4699999999999700        2.8868542741282561     
   3.4799999999999698        2.8710097546257343     
   3.4899999999999696        2.8560646063839972     
   3.4999999999999694        2.8420107431045571     
   3.5099999999999691        2.8288391687773400     
   3.5199999999999689        2.8165403063847534     
   3.5299999999999687        2.8051042628739400     
   3.5399999999999685        2.7945210421817395     
   3.5499999999999683        2.7847807158645184     
   3.5599999999999681        2.7758735593047832     
   3.5699999999999679        2.7677901599949584     
   3.5799999999999677        2.7605215031891550     
   3.5899999999999674        2.7540590392928128     
   3.5999999999999672        2.7483947365134460     
   3.6099999999999670        2.7435211216893918     
   3.6199999999999668        2.7394313116567877     
   3.6299999999999666        2.7361190370971702     
   3.6399999999999664        2.7335786603471965     
   3.6499999999999662        2.7318051886224808     
   3.6599999999999659        2.7307942834295096     
   3.6699999999999657        2.7305422672075790     
   3.6799999999999655        2.7310461277083076     
   3.6899999999999653        2.7323035206887902     
   3.6999999999999651        2.7343127712712803     
   3.7099999999999649        2.7370728742302548     
   3.7199999999999647        2.7405834934292033     
   3.7299999999999645        2.7448449604362013     
   3.7399999999999642        2.7498582723647940     
   3.7499999999999640        2.7556250888405778     
   3.7599999999999638        2.7621477279185367     
   3.7699999999999636        2.7694291606678072     
   3.7799999999999634        2.7774730041471902     
   3.7899999999999632        2.7862835121197489     
   3.7999999999999630        2.7958655630748006     
   3.8099999999999627        2.8062246446163148     
   3.8199999999999625        2.8173668333673922     
   3.8299999999999623        2.8292987690743101     
   3.8399999999999621        2.8420276216147879     
   3.8499999999999619        2.8555610488693386     
   3.8599999999999617        2.8699071434908419     
   3.8699999999999615        2.8850743657246003     
   3.8799999999999613        2.9010714590838367     
   3.8899999999999610        2.9179073448533424     
   3.8999999999999608        2.9355909905955690     
   3.9099999999999606        2.9541312466907672     
   3.9199999999999604        2.9735366438306201     
   3.9299999999999602        2.9938151426917994     
   3.9399999999999600        3.0149738252816265     
   3.9499999999999598        3.0370185152877802     
   3.9599999999999596        3.0599533121820470     
   3.9699999999999593        3.0837800208339301     
   3.9799999999999591        3.1084974550298705     
   3.9899999999999589        3.1341005894696812     
   3.9999999999999587        3.1605795307129592     
   4.0099999999999589        3.1879182733799403     
   4.0199999999999587        3.2160932040538861     
   4.0299999999999585        3.2450713124247379     
   4.0399999999999583        3.2748080685365957     
   4.0499999999999581        3.3052449277327498     
   4.0599999999999579        3.3363064341639923     
   4.0699999999999577        3.3678969121608460     
   4.0799999999999574        3.3998967673820211     
   4.0899999999999572        3.4321584721359240     
   4.0999999999999570        3.4645023872079479     
   4.1099999999999568        3.4967126826359278     
   4.1199999999999566        3.5285337643346235     
   4.1299999999999564        3.5596677879635448     
   4.1399999999999562        3.5897740294166551     
   4.1499999999999559        3.6184710448113968     
   4.1599999999999557        3.6453426302125433     
   4.1699999999999555        3.6699484962756057     
   4.1799999999999553        3.6918402132757406     
   4.1899999999999551        3.7105822937226312     
   4.1999999999999549        3.7257772848776018     
   4.2099999999999547        3.7370925994733648     
   4.2199999999999545        3.7442858244629189     
   4.2299999999999542        3.7472247965783998     
   4.2399999999999540        3.7458991227247957     
   4.2499999999999538        3.7404211018291491     
   4.2599999999999536        3.7310158804826972     
   4.2699999999999534        3.7180026010460159     
   4.2799999999999532        3.7017697085566632     
   4.2899999999999530        3.6827481264858979     
   4.2999999999999527        3.6613856844561097     
   4.3099999999999525        3.6381252558270663     
   4.3199999999999523        3.6133879205399864     
   4.3299999999999521        3.5875614330423291     
   4.3399999999999519        3.5609935316700803     
   4.3499999999999517        3.5339892134223163     
   4.3599999999999515        3.5068109653185386     
   4.3699999999999513        3.4796809984086101     
   4.3799999999999510        3.4527846847264936     
   4.3899999999999508        3.4262745844430715     
   4.3999999999999506        3.4002746290579928     
   4.4099999999999504        3.3748841764135378     
   4.4199999999999502        3.3501817690675129     
   4.4299999999999500        3.3262285106496288     
   4.4399999999999498        3.3030710309597553     
   4.4499999999999496        3.2807440462850037     
   4.4599999999999493        3.2592725415789294     
   4.4699999999999491        3.2386736121003463     
   4.4799999999999489        3.2189580052365798     
   4.4899999999999487        3.2001314035345643     
   4.4999999999999485        3.1821954868549578     
   4.5099999999999483        3.1651488080958781     
   4.5199999999999481        3.1489875127832017     
   4.5299999999999478        3.1337059285247202     
   4.5399999999999476        3.1192970465950829     
   4.5499999999999474        3.1057529143805920     
   4.5599999999999472        3.0930649544726938     
   4.5699999999999470        3.0812242234002194     
   4.5799999999999468        3.0702216209200075     
   4.5899999999999466        3.0600480588278289     
   4.5999999999999464        3.0506945966861356     
   4.6099999999999461        3.0421525505620655     
   4.6199999999999459        3.0344135798182208     
   4.6299999999999457        3.0274697560597050     
   4.6399999999999455        3.0213136176024777     
   4.6499999999999453        3.0159382122505947     
   4.6599999999999451        3.0113371306480126     
   4.6699999999999449        3.0075045320806533     
   4.6799999999999446        3.0044351641955109     
   4.6899999999999444        3.0021243779172995     
   4.6999999999999442        3.0005681385141361     
   4.7099999999999440        2.9997630336704670     
   4.7199999999999438        2.9997062791287741     
   4.7299999999999436        3.0003957224632058     
   4.7399999999999434        3.0018298453330785     
   4.7499999999999432        3.0040077644280427     
   4.7599999999999429        3.0069292314268576     
   4.7699999999999427        3.0105946318652785     
   4.7799999999999425        3.0150049830567656     
   4.7899999999999423        3.0201619309195840     
   4.7999999999999421        3.0260677455239344     
   4.8099999999999419        3.0327253151328524     
   4.8199999999999417        3.0401381383011201     
   4.8299999999999415        3.0483103136552323     
   4.8399999999999412        3.0572465265726669     
   4.8499999999999410        3.0669520321293677     
   4.8599999999999408        3.0774326332019766     
   4.8699999999999406        3.0886946526988837     
   4.8799999999999404        3.1007448982716266     
   4.8899999999999402        3.1135906178446580     
   4.8999999999999400        3.1272394437584938     
   4.9099999999999397        3.1416993228495076     
   4.9199999999999395        3.1569784292415375     
   4.9299999999999393        3.1730850560345374     
   4.9399999999999391        3.1900274809994693     
   4.9499999999999389        3.2078138006347983     
   4.9599999999999387        3.2264517256448104     
   4.9699999999999385        3.2459483293900813     
   4.9799999999999383        3.2663097392388143     
   4.9899999999999380        3.2875407587162968     
   4.9999999999999378        3.3096444058774916     
   5.0099999999999376        3.3326213507626008     
   5.0199999999999374        3.3564692315392719     
   5.0299999999999372        3.3811818255915145     
   5.0399999999999370        3.4067480482388661     
   5.0499999999999368        3.4331507480651862     
   5.0599999999999365        3.4603652647085017     
   5.0699999999999363        3.4883577129427286     
   5.0799999999999361        3.5170829566934612     
   5.0899999999999359        3.5464822404142309     
   5.0999999999999357        3.5764804546916773     
   5.1099999999999355        3.6069830312948628     
   5.1199999999999353        3.6378724943325329     
   5.1299999999999351        3.6690047432124140     
   5.1399999999999348        3.7002052153773053     
   5.1499999999999346        3.7312651769647025     
   5.1599999999999344        3.7619385188793371     
   5.1699999999999342        3.7919395905198003     
   5.1799999999999340        3.8209427668047944     
   5.1899999999999338        3.8485845836003718     
   5.1999999999999336        3.8744693378016790     
   5.2099999999999334        3.8981789580864938     
   5.2199999999999331        3.9192876325466108     
   5.2299999999999329        3.9373810772648161     
   5.2399999999999327        3.9520794641102879     
   5.2499999999999325        3.9630620276573363     
   5.2599999999999323        3.9700904947210405     
   5.2699999999999321        3.9730280480659173     
   5.2799999999999319        3.9718508130274732     
   5.2899999999999316        3.9666499055562565     
   5.2999999999999314        3.9576236815523513     
   5.3099999999999312        3.9450615338550667     
   5.3199999999999310        3.9293219029350790     
   5.3299999999999308        3.9108077709071440     
   5.3399999999999306        3.8899427454800946     
   5.3499999999999304        3.8671501077674906     
   5.3599999999999302        3.8428362131968270     
   5.3699999999999299        3.8173786910295715     
   5.3799999999999297        3.7911191691003263     
   5.3899999999999295        3.7643598178657491     
   5.3999999999999293        3.7373628316947873     
   5.4099999999999291        3.7103519737829069     
   5.4199999999999289        3.6835154260549388     
   5.4299999999999287        3.6570093441938529     
   5.4399999999999284        3.6309616787938936     
   5.4499999999999282        3.6054759647675314     
   5.4599999999999280        3.5806348933478307     
   5.4699999999999278        3.5565035641523375     
   5.4799999999999276        3.5331323731151230     
   5.4899999999999274        3.5105595296228520     
   5.4999999999999272        3.4888132200248956     
   5.5099999999999270        3.4679134468897850     
   5.5199999999999267        3.4478735793678714     
   5.5299999999999265        3.4287016512526050     
   5.5399999999999263        3.4104014419193125     
   5.5499999999999261        3.3929733725256601     
   5.5599999999999259        3.3764152462858967     
   5.5699999999999257        3.3607228580815214     
   5.5799999999999255        3.3458904951160942     
   5.5899999999999253        3.3319113470767521     
   5.5999999999999250        3.3187778413096258     
   5.6099999999999248        3.3064819161927388     
   5.6199999999999246        3.2950152435252660     
   5.6299999999999244        3.2843694089900235     
   5.6399999999999242        3.2745360582282168     
   5.6499999999999240        3.2655070147258325     
   5.6599999999999238        3.2572743746082780     
   5.6699999999999235        3.2498305826215339     
   5.6799999999999233        3.2431684927865758     
   5.6899999999999231        3.2372814164967108     
   5.6999999999999229        3.2321631605777768     
   5.7099999999999227        3.2278080570530832     
   5.7199999999999225        3.2242109863934374     
   5.7299999999999223        3.2213673953799673     
   5.7399999999999221        3.2192733106983651     
   5.7499999999999218        3.2179253491943420     
   5.7599999999999216        3.2173207252550524     
   5.7699999999999214        3.2174572560912105     
   5.7799999999999212        3.2183333651613624     
   5.7899999999999210        3.2199480841081307     
   5.7999999999999208        3.2223010533593874     
   5.8099999999999206        3.2253925215771404     
   5.8199999999999203        3.2292233438589006     
   5.8299999999999201        3.2337949787784850     
   5.8399999999999199        3.2391094839365979     
   5.8499999999999197        3.2451695099534912     
   5.8599999999999195        3.2519782923848557     
   5.8699999999999193        3.2595396412622368     
   5.8799999999999191        3.2678579275283663     
   5.8899999999999189        3.2769380657138965     
   5.8999999999999186        3.2867854918484229     
   5.9099999999999184        3.2974061355815318     
   5.9199999999999182        3.3088063850211609     
   5.9299999999999180        3.3209930426255809     
   5.9399999999999178        3.3339732700908722     
   5.9499999999999176        3.3477545197501111     
   5.9599999999999174        3.3623444494334875     
   5.9699999999999172        3.3777508170673403     
   5.9799999999999169        3.3939813506522944     
   5.9899999999999167        3.4110435882191128     
   5.9999999999999165        3.4289446812343209     
   6.0099999999999163        3.4476911537130470     
   6.0199999999999161        3.4672886077308021     
   6.0299999999999159        3.4877413639209323     
   6.0399999999999157        3.5090520239013410     
   6.0499999999999154        3.5312209385229951     
   6.0599999999999152        3.5542455634947809     
   6.0699999999999150        3.5781196807113727     
   6.0799999999999148        3.6028324602426287     
   6.0899999999999146        3.6283673350019385     
   6.0999999999999144        3.6547006571179930     
   6.1099999999999142        3.6818001031527210     
   6.1199999999999140        3.7096227954059162     
   6.1299999999999137        3.7381131095949041     
   6.1399999999999135        3.7672001474689809     
   6.1499999999999133        3.7967948689101414     
   6.1599999999999131        3.8267869050899694     
   6.1699999999999129        3.8570411168513070     
   6.1799999999999127        3.8873940246650851     
   6.1899999999999125        3.9176503233180298     
   6.1999999999999122        3.9475798067731684     
   6.2099999999999120        3.9769151644641179     
   6.2199999999999118        4.0053512562990079     
   6.2299999999999116        4.0325466046506513     
   6.2399999999999114        4.0581279130371133     
   6.2499999999999112        4.0816983719995790     
   6.2599999999999110        4.1028502742592217     
   6.2699999999999108        4.1211819801438523     
   6.2799999999999105        4.1363185492662478     
   6.2899999999999103        4.1479344740597455     
   6.2999999999999101        4.1557761123017256     
   6.3099999999999099        4.1596808919328296     
   6.3199999999999097        4.1595904106467048     
   6.3299999999999095        4.1555552914612637     
   6.3399999999999093        4.1477309674942511     
   6.3499999999999091        4.1363651147110856     
   6.3599999999999088        4.1217787935596126     
   6.3699999999999086        4.1043441470684439     
   6.3799999999999084        4.0844616002261409     
   6.3899999999999082        4.0625390147756679     
   6.3999999999999080        4.0389744284139777     
   6.4099999999999078        4.0141431219301813     
   6.4199999999999076        3.9883890176065258     
   6.4299999999999073        3.9620199128936209     
   6.4399999999999071        3.9353057986191740     
   6.4499999999999069        3.9084794509338043     
   6.4599999999999067        3.8817385509358977     
   6.4699999999999065        3.8552487142934191     
   6.4799999999999063        3.8291469594643557     
   6.4899999999999061        3.8035452797240117     
   6.4999999999999059        3.7785340990534011     
   6.5099999999999056        3.7541854798172305     
   6.5199999999999054        3.7305560145296375     
   6.5299999999999052        3.7076893775577302     
   6.5399999999999050        3.6856185407267450     
   6.5499999999999048        3.6643676734234258     
   6.5599999999999046        3.6439537565044247     
   6.5699999999999044        3.6243879425570413     
   6.5799999999999041        3.6056766957501813     
   6.5899999999999039        3.5878227419698487     
   6.5999999999999037        3.5708258579281593     
   6.6099999999999035        3.5546835241273431     
   6.6199999999999033        3.5393914637843080     
   6.6299999999999031        3.5249440863300130     
   6.6399999999999029        3.5113348517719865     
   6.6499999999999027        3.4985565691166500     
   6.6599999999999024        3.4866016404331934     
   6.6699999999999022        3.4754622599933400     
   6.6799999999999020        3.4651305763304978     
   6.6899999999999018        3.4555988237917874     
   6.6999999999999016        3.4468594290889061     
   6.7099999999999014        3.4389050972541702     
   6.7199999999999012        3.4317288808222943     
   6.7299999999999010        3.4253242351933455     
   6.7399999999999007        3.4196850628643136     
   6.7499999999999005        3.4148057484302683     
   6.7599999999999003        3.4106811862275404     
   6.7699999999999001        3.4073068019682364     
   6.7799999999998999        3.4046785694639485     
   6.7899999999998997        3.4027930234369843     
   6.7999999999998995        3.4016472691659478     
   6.8099999999998992        3.4012389894739798     
   6.8199999999998990        3.4015664496764497     
   6.8299999999998988        3.4026285006565158     
   6.8399999999998986        3.4044245804314768     
   6.8499999999998984        3.4069547143086512     
   6.8599999999998982        3.4102195137395706     
   6.8699999999998980        3.4142201737126032     
   6.8799999999998978        3.4189584687152568     
   6.8899999999998975        3.4244367470148638     
   6.8999999999998973        3.4306579228538556     
   6.9099999999998971        3.4376254662884875     
   6.9199999999998969        3.4453433899901262     
   6.9299999999998967        3.4538162324733230     
   6.9399999999998965        3.4630490366939535     
   6.9499999999998963        3.4730473231753693     
   6.9599999999998960        3.4838170562569628     
   6.9699999999998958        3.4953646018813176     
   6.9799999999998956        3.5076966750898908     
   6.9899999999998954        3.5208202748849042     
   6.9999999999998952        3.5347426036098200     
   7.0099999999998950        3.5494709675181948     
   7.0199999999998948        3.5650126545442338     
   7.0299999999998946        3.5813747841011785     
   7.0399999999998943        3.5985641232789889     
   7.0499999999998941        3.6165868621463764     
   7.0599999999998939        3.6354483396690198     
   7.0699999999998937        3.6551527101386978     
   7.0799999999998935        3.6757025378750905     
   7.0899999999998933        3.6970983060251532     
   7.0999999999998931        3.7193378224633706     
   7.1099999999998929        3.7424155033561020     
   7.1199999999998926        3.7663215117190245     
   7.1299999999998924        3.7910407257343186     
   7.1399999999998922        3.8165515084917914     
   7.1499999999998920        3.8428242494084088     
   7.1599999999998918        3.8698196468930095     
   7.1699999999998916        3.8974867042118477     
   7.1799999999998914        3.9257604168720945     
   7.1899999999998911        3.9545591427583804     
   7.1999999999998909        3.9837816682835401     
   7.2099999999998907        4.0133040189226730     
   7.2199999999998905        4.0429761144832614     
   7.2299999999998903        4.0726184420414295     
   7.2399999999998901        4.1020190158933234     
   7.2499999999998899        4.1309310114450142     
   7.2599999999998897        4.1590715923151933     
   7.2699999999998894        4.1861225759426732     
   7.2799999999998892        4.2117336704768693     
   7.2899999999998890        4.2355290129162082     
   7.2999999999998888        4.2571175867008648     
   7.3099999999998886        4.2761077391142361     
   7.3199999999998884        4.2921254358074554     
   7.3299999999998882        4.3048351257104329     
   7.3399999999998879        4.3139612862163519     
   7.3499999999998877        4.3193080981175287     
   7.3599999999998875        4.3207745102912716     
   7.3699999999998873        4.3183623634980020     
   7.3799999999998871        4.3121762393825076     
   7.3899999999998869        4.3024150600148605     
   7.3999999999998867        4.2893568152497030     
   7.4099999999998865        4.2733387738950697     
   7.4199999999998862        4.2547359216423102     
   7.4299999999998860        4.2339401602271023     
   7.4399999999998858        4.2113421711837828     
   7.4499999999998856        4.1873170417421353     
   7.4599999999998854        4.1622139915452303     
   7.4699999999998852        4.1363499629604892     
   7.4799999999998850        4.1100064883424707     
   7.4899999999998847        4.0834291018510740     
   7.4999999999998845        4.0568285650072378     
   7.5099999999998843        4.0303832647684743     
   7.5199999999998841        4.0042422695405451     
   7.5299999999998839        3.9785286607905626     
   7.5399999999998837        3.9533428745784147     
   7.5499999999998835        3.9287658832771895     
   7.5599999999998833        3.9048621190509429     
   7.5699999999998830        3.8816820924371713     
   7.5799999999998828        3.8592646936370261     
   7.5899999999998826        3.8376391859059544     
   7.5999999999998824        3.8168269130898160     
   7.6099999999998822        3.7968427494300929     
   7.6199999999998820        3.7776963220688073     
   7.6299999999998818        3.7593930361721237     
   7.6399999999998816        3.7419349305060909     
   7.6499999999998813        3.7253213890798831     
   7.6599999999998811        3.7095497309945378     
   7.6699999999998809        3.6946156981804421     
   7.6799999999998807        3.6805138576304732     
   7.6899999999998805        3.6672379324567426     
   7.6999999999998803        3.6547810737808226     
   7.7099999999998801        3.6431360835075126     
   7.7199999999998798        3.6322955965809731     
   7.7299999999998796        3.6222522297185868     
   7.7399999999998794        3.6129987023590355     
   7.7499999999998792        3.6045279350417041     
   7.7599999999998790        3.5968331289013542     
   7.7699999999998788        3.5899078298758083     
   7.7799999999998786        3.5837459803270204     
   7.7899999999998784        3.5783419602857665     
   7.7999999999998781        3.5736906203876488     
   7.8099999999998779        3.5697873078563829     
   7.8199999999998777        3.5666278869449304     
   7.8299999999998775        3.5642087548097270     
   7.8399999999998773        3.5625268537552417     
   7.8499999999998771        3.5615796802342903     
   7.8599999999998769        3.5613652916126890     
   7.8699999999998766        3.5618823106577508     
   7.8799999999998764        3.5631299282645013     
   7.8899999999998762        3.5651079045651288     
   7.8999999999998760        3.5678165685788694     
   7.9099999999998758        3.5712568163131615     
   7.9199999999998756        3.5754301073149133     
   7.9299999999998754        3.5803384594909251     
   7.9399999999998752        3.5859844419297104     
   7.9499999999998749        3.5923711653179389     
   7.9599999999998747        3.5995022696739820     
   7.9699999999998745        3.6073819083310132     
   7.9799999999998743        3.6160147279541506     
   7.9899999999998741        3.6254058432362983     
   7.9999999999998739        3.6355608051583155     
   8.0099999999998737        3.6464855616124567     
   8.0199999999998735        3.6581864083432274     
   8.0299999999998732        3.6706699283209603     
   8.0399999999998730        3.6839429169079230     
   8.0499999999998728        3.6980122898087484     
   8.0599999999998726        3.7128849699833588     
   8.0699999999998724        3.7285677492808080     
   8.0799999999998722        3.7450671192458431     
   8.0899999999998720        3.7623890647760740     
   8.0999999999998717        3.7805388129669182     
   8.1099999999998715        3.7995205278889568     
   8.1199999999998713        3.8193369405454831     
   8.1299999999998711        3.8399889010070822     
   8.1399999999998709        3.8614748376858952     
   8.1499999999998707        3.8837901060616842     
   8.1599999999998705        3.9069262066056591     
   8.1699999999998703        3.9308698490873097     
   8.1799999999998700        3.9556018372789654     
   8.1899999999998698        3.9810957472040194     
   8.1999999999998696        4.0073163701270413     
   8.2099999999998694        4.0342178936232065     
   8.2199999999998692        4.0617417980730206     
   8.2299999999998690        4.0898144561827685     
   8.2399999999998688        4.1183444400568918     
   8.2499999999998685        4.1472195687196640     
   8.2599999999998683        4.1763037709528827     
   8.2699999999998681        4.2054338981963202     
   8.2799999999998679        4.2344167034287485     
   8.2899999999998677        4.2630263029125572     
   8.2999999999998675        4.2910025563533543     
   8.3099999999998673        4.3180509218018255     
   8.3199999999998671        4.3438444408710692     
   8.3299999999998668        4.3680285477304466     
   8.3399999999998666        4.3902293193690252     
   8.3499999999998664        4.4100655415407637     
   8.3599999999998662        4.4271645177919376     
   8.3699999999998660        4.4411809097748982     
   8.3799999999998658        4.4518171524888146     
   8.3899999999998656        4.4588433089783219     
   8.3999999999998654        4.4621138386104811     
   8.4099999999998651        4.4615788499821001     
   8.4199999999998649        4.4572880716942693     
   8.4299999999998647        4.4493868929784570     
   8.4399999999998645        4.4381051203317359     
   8.4499999999998643        4.4237402156087766     
   8.4599999999998641        4.4066374438918974     
   8.4699999999998639        4.3871694572980688     
   8.4799999999998636        4.3657174511005241     
   8.4899999999998634        4.3426553494395463     
   8.4999999999998632        4.3183377337866791     
   8.5099999999998630        4.2930915870634463     
   8.5199999999998628        4.2672114801232084     
   8.5299999999998626        4.2409575827057200     
   8.5399999999998624        4.2145558059375299     
   8.5499999999998622        4.1881994204112925     
   8.5599999999998619        4.1620515932517108     
   8.5699999999998617        4.1362484088446472     
   8.5799999999998615        4.1109020557219269     
   8.5899999999998613        4.0861039638369387     
   8.5999999999998611        4.0619277573648978     
   8.6099999999998609        4.0384319478503592     
   8.6199999999998607        4.0156623351222871     
   8.6299999999998604        3.9936541110654686     
   8.6399999999998602        3.9724336788806962     
   8.6499999999998600        3.9520202102756943     
   8.6599999999998598        3.9324269675964674     
   8.6699999999998596        3.9136624189964020     
   8.6799999999998594        3.8957311744977092     
   8.6899999999998592        3.8786347679506270     
   8.6999999999998590        3.8623723084160826     
   8.7099999999998587        3.8469410208186678     
   8.7199999999998585        3.8323366937164369     
   8.7299999999998583        3.8185540493534775     
   8.7399999999998581        3.8055870486046341     
   8.7499999999998579        3.7934291420987774     
   8.7599999999998577        3.7820734762590131     
   8.7699999999998575        3.7715130623214166     
   8.7799999999998573        3.7617409144134206     
   8.7899999999998570        3.7527501623735455     
   8.7999999999998568        3.7445341434180031     
   8.8099999999998566        3.7370864766406191     
   8.8199999999998564        3.7304011232620216     
   8.8299999999998562        3.7244724351244547     
   8.8399999999998560        3.7192951937412220     
   8.8499999999998558        3.7148646413621242     
   8.8599999999998555        3.7111765056828410     
   8.8699999999998553        3.7082270192921416     
   8.8799999999998551        3.7060129347922524     
   8.8899999999998549        3.7045315364466114     
   8.8999999999998547        3.7037806487546137     
   8.9099999999998545        3.7037586427679248     
   8.9199999999998543        3.7044644401920896     
   8.9299999999998541        3.7058975156724845     
   8.9399999999998538        3.7080578974270031     
   8.9499999999998536        3.7109461662255545     
   8.9599999999998534        3.7145634527746147     
   8.9699999999998532        3.7189114332368893     
   8.9799999999998530        3.7239923229215042     
   8.9899999999998528        3.7298088675694809     
   8.9999999999998526        3.7363643320221587     
   9.0099999999998523        3.7436624855354523     
   9.0199999999998521        3.7517075832916889     
   9.0299999999998519        3.7605043429761542     
   9.0399999999998517        3.7700579155730720     
   9.0499999999998515        3.7803738489875216     
   9.0599999999998513        3.7914580429388960     
   9.0699999999998511        3.8033166932767473     
   9.0799999999998509        3.8159562233742457     
   9.0899999999998506        3.8293831998311130     
   9.0999999999998504        3.8436042292618819     
   9.1099999999998502        3.8586258319906768     
   9.1199999999998500        3.8744542880373425     
   9.1299999999998498        3.8910954495424117     
   9.1399999999998496        3.9085545127304466     
   9.1499999999998494        3.9268357412901045     
   9.1599999999998492        3.9459421313895082     
   9.1699999999998489        3.9658750068140609     
   9.1799999999998487        3.9866335306167455     
   9.1899999999998485        4.0082141176892172     
   9.1999999999998483        4.0306097297754464     
   9.2099999999998481        4.0538090323349225     
   9.2199999999998479        4.0777953900771742     
   9.2299999999998477        4.1025456759345786     
   9.2399999999998474        4.1280288668940699     
   9.2499999999998472        4.1542044010776804     
   9.2599999999998470        4.1810202724568990     
   9.2699999999998468        4.2084108477651174     
   9.2799999999998466        4.2362944025998912     
   9.2899999999998464        4.2645703956204670     
   9.2999999999998462        4.2931165334538095     
   9.3099999999998460        4.3217857276035527     
   9.3199999999998457        4.3504031109768020     
   9.3299999999998455        4.3787633685101151     
   9.3399999999998453        4.4066287400255275     
   9.3499999999998451        4.4337281671341691     
   9.3599999999998449        4.4597581610501509     
   9.3699999999998447        4.4843860349213767     
   9.3799999999998445        4.5072561304029737     
   9.3899999999998442        4.5279995223991900     
   9.3999999999998440        4.5462473652539108     
   9.4099999999998438        4.5616475336935105     
   9.4199999999998436        4.5738835537137934     
   9.4299999999998434        4.5826941321441721     
   9.4399999999998432        4.5878910628291809     
   9.4499999999998430        4.5893731171095498     
   9.4599999999998428        4.5871338573100084     
   9.4699999999998425        4.5812621411098240     
   9.4799999999998423        4.5719352355607636     
   9.4899999999998421        4.5594056321022958     
   9.4999999999998419        4.5439835398437696     
   9.5099999999998417        4.5260174359567831     
   9.5199999999998415        4.5058749428518690     
   9.5299999999998413        4.4839258080031792     
   9.5399999999998411        4.4605280845141397     
   9.5499999999998408        4.4360179404129818     
   9.5599999999998406        4.4107029905692663     
   9.5699999999998404        4.3848586994058225     
   9.5799999999998402        4.3587272352425526     
   9.5899999999998400        4.3325181290538062     
   9.5999999999998398        4.3064101485605724     
   9.6099999999998396        4.2805539009000046     
   9.6199999999998393        4.2550747910018751     
   9.6299999999998391        4.2300760680070439     
   9.6399999999998389        4.2056417818813889     
   9.6499999999998387        4.1818395408587126     
   9.6599999999998385        4.1587230121257761     
   9.6699999999998383        4.1363341423929034     
   9.6799999999998381        4.1147050994939161     
   9.6899999999998379        4.0938599490494383     
   9.6999999999998376        4.0738160888976145     
   9.7099999999998374        4.0545854668866799     
   9.7199999999998372        4.0361756087677874     
   9.7299999999998370        4.0185904812015911     
   9.7399999999998368        4.0018312138646266     
   9.7499999999998366        3.9858967013112978     
   9.7599999999998364        3.9707841034279538     
   9.7699999999998361        3.9564892604230306     
   9.7799999999998359        3.9430070362675682     
   9.7899999999998357        3.9303316022980224     
   9.7999999999998355        3.9184566709842263     
   9.8099999999998353        3.9073756882855806     
   9.8199999999998351        3.8970819915508468     
   9.8299999999998349        3.8875689388620440     
   9.8399999999998347        3.8788300148657235     
   9.8499999999998344        3.8708589170274990     
   9.8599999999998342        3.8636496257862971     
   9.8699999999998340        3.8571964614544858     
   9.8799999999998338        3.8514941301872718     
   9.8899999999998336        3.8465377609419775     
   9.8999999999998334        3.8423229350837071     
   9.9099999999998332        3.8388457099077162     
   9.9199999999998330        3.8361026371943869     
   9.9299999999998327        3.8340907776044810     
   9.9399999999998325        3.8328077117813564     
   9.9499999999998323        3.8322515484637321     
   9.9599999999998321        3.8324209303527921     
   9.9699999999998319        3.8333150377376763     
   9.9799999999998317        3.8349335903299409     
   9.9899999999998315        3.8372768473436509     
   9.9999999999998312        3.8403456057401066     
