   0.0000000000000000       -0.0000000000000000     
   1.0000000000000000E-002   3.8231794952906752E-005
   2.0000000000000000E-002   1.5290459945289917E-004
   2.9999999999999999E-002   3.4398413481142724E-004
   4.0000000000000001E-002   6.1143557326165236E-004
   5.0000000000000003E-002   9.5522352530054411E-004
   6.0000000000000005E-002   1.3753120291270910E-003
   7.0000000000000007E-002   1.8716645367368107E-003
   8.0000000000000002E-002   2.4442438963681134E-003
   8.9999999999999997E-002   3.0930123354741203E-003
   9.9999999999999992E-002   3.8179314408133646E-003
  0.10999999999999999        4.6189621345994894E-003
  0.11999999999999998        5.4960646525302175E-003
  0.12999999999999998        6.4491985157434494E-003
  0.13999999999999999        7.4783225036814064E-003
  0.14999999999999999        8.5833946232174285E-003
  0.16000000000000000        9.7643720757405877E-003
  0.17000000000000001        1.1021211223978386E-002
  0.18000000000000002        1.2353867553820962E-002
  0.19000000000000003        1.3762295635901242E-002
  0.20000000000000004        1.5246449085231688E-002
  0.21000000000000005        1.6806280516933100E-002
  0.22000000000000006        1.8441741501740837E-002
  0.23000000000000007        2.0152782517034101E-002
  0.24000000000000007        2.1939352897877958E-002
  0.25000000000000006        2.3801400783824495E-002
  0.26000000000000006        2.5738873064688868E-002
  0.27000000000000007        2.7751715323289267E-002
  0.28000000000000008        2.9839871775081628E-002
  0.29000000000000009        3.2003285206928203E-002
  0.30000000000000010        3.4241896912275173E-002
  0.31000000000000011        3.6555646622793210E-002
  0.32000000000000012        3.8944472440526429E-002
  0.33000000000000013        4.1408310763186219E-002
  0.34000000000000014        4.3947096210330001E-002
  0.35000000000000014        4.6560761545101748E-002
  0.36000000000000015        4.9249237592335127E-002
  0.37000000000000016        5.2012453156451803E-002
  0.38000000000000017        5.4850334933368119E-002
  0.39000000000000018        5.7762807421803147E-002
  0.40000000000000019        6.0749792829251359E-002
  0.41000000000000020        6.3811210977847199E-002
  0.42000000000000021        6.6946979203933846E-002
  0.43000000000000022        7.0157012256855805E-002
  0.44000000000000022        7.3441222192346875E-002
  0.45000000000000023        7.6799518264682481E-002
  0.46000000000000024        8.0231806813963177E-002
  0.47000000000000025        8.3737991149321025E-002
  0.48000000000000026        8.7317971431475433E-002
  0.49000000000000027        9.0971644547606437E-002
  0.50000000000000022        9.4698903986572353E-002
  0.51000000000000023        9.8499639706733325E-002
  0.52000000000000024       0.10237373800269514     
  0.53000000000000025       0.10632108136592243     
  0.54000000000000026       0.11034154834433163     
  0.55000000000000027       0.11443501339366148     
  0.56000000000000028       0.11860134672854494     
  0.57000000000000028       0.12284041416776913     
  0.58000000000000029       0.12715207697429218     
  0.59000000000000030       0.13153619169285219     
  0.60000000000000031       0.13599260998236676     
  0.61000000000000032       0.14052117844232076     
  0.62000000000000033       0.14512173843781262     
  0.63000000000000034       0.14979412591681635     
  0.64000000000000035       0.15453817122446392     
  0.65000000000000036       0.15935369891213816     
  0.66000000000000036       0.16424052754228619     
  0.67000000000000037       0.16919846948619349     
  0.68000000000000038       0.17422733072088589     
  0.69000000000000039       0.17932691061620015     
  0.70000000000000040       0.18449700172088698     
  0.71000000000000041       0.18973738954155606     
  0.72000000000000042       0.19504785231616181     
  0.73000000000000043       0.20042816078424802     
  0.74000000000000044       0.20587807794979909     
  0.75000000000000044       0.21139735884097474     
  0.76000000000000045       0.21698575026261338     
  0.77000000000000046       0.22264299054443484     
  0.78000000000000047       0.22836880928558029     
  0.79000000000000048       0.23416292709005973     
  0.80000000000000049       0.24002505530167872     
  0.81000000000000050       0.24595489572947912     
  0.82000000000000051       0.25195214037114133     
  0.83000000000000052       0.25801647113026843     
  0.84000000000000052       0.26414755952783031     
  0.85000000000000053       0.27034506640974448     
  0.86000000000000054       0.27660864164985544     
  0.87000000000000055       0.28293792384710265     
  0.88000000000000056       0.28933254001853570     
  0.89000000000000057       0.29579210528810418     
  0.90000000000000058       0.30231622257135837     
  0.91000000000000059       0.30890448225542166     
  0.92000000000000060       0.31555646187562059     
  0.93000000000000060       0.32227172578755597     
  0.94000000000000061       0.32904982483751144     
  0.95000000000000062       0.33589029602777820     
  0.96000000000000063       0.34279266218080545     
  0.97000000000000064       0.34975643159930614     
  0.98000000000000065       0.35678109772603722     
  0.99000000000000066       0.36386613880003288     
   1.0000000000000007       0.37101101751343807     
   1.0100000000000007       0.37821518066546728     
   1.0200000000000007       0.38547805881868252     
   1.0300000000000007       0.39279906595221703     
   1.0400000000000007       0.40017759911932643     
   1.0500000000000007       0.40761303810363037     
   1.0600000000000007       0.41510474507891776     
   1.0700000000000007       0.42265206427141117     
   1.0800000000000007       0.43025432162574345     
   1.0900000000000007       0.43791082447509488     
   1.1000000000000008       0.44562086121655614     
   1.1100000000000008       0.45338370099299985     
   1.1200000000000008       0.46119859338167152     
   1.1300000000000008       0.46906476809149356     
   1.1400000000000008       0.47698143466837672     
   1.1500000000000008       0.48494778221226115     
   1.1600000000000008       0.49296297910441544     
   1.1700000000000008       0.50102617274802308     
   1.1800000000000008       0.50913648932278266     
   1.1900000000000008       0.51729303355444223     
   1.2000000000000008       0.52549488850155146     
   1.2100000000000009       0.53374111535955659     
   1.2200000000000009       0.54203075328526518     
   1.2300000000000009       0.55036281924276331     
   1.2400000000000009       0.55873630787084227     
   1.2500000000000009       0.56715019137641176     
   1.2600000000000009       0.57560341945335702     
   1.2700000000000009       0.58409491922918511     
   1.2800000000000009       0.59262359524218677     
   1.2900000000000009       0.60118832944935852     
   1.3000000000000009       0.60978798126853373     
   1.3100000000000009       0.61842138765526089     
   1.3200000000000010       0.62708736321750858     
   1.3300000000000010       0.63578470036934864     
   1.3400000000000010       0.64451216952614288     
   1.3500000000000010       0.65326851934256891     
   1.3600000000000010       0.66205247699615966     
   1.3700000000000010       0.67086274851775285     
   1.3800000000000010       0.67969801917131201     
   1.3900000000000010       0.68855695388437799     
   1.4000000000000010       0.69743819773161053     
   1.4100000000000010       0.70634037647282077     
   1.4200000000000010       0.71526209714759548     
   1.4300000000000010       0.72420194872797072     
   1.4400000000000011       0.73315850283065498     
   1.4500000000000011       0.74213031449054401     
   1.4600000000000011       0.75111592299673502     
   1.4700000000000011       0.76011385279220278     
   1.4800000000000011       0.76912261443848418     
   1.4900000000000011       0.77814070564571625     
   1.5000000000000011       0.78716661236974339     
   1.5100000000000011       0.79619880997565340     
   1.5200000000000011       0.80523576446915957     
   1.5300000000000011       0.81427593379478913     
   1.5400000000000011       0.82331776920227917     
   1.5500000000000012       0.83235971667883879     
   1.5600000000000012       0.84140021844843282     
   1.5700000000000012       0.85043771453577011     
   1.5800000000000012       0.85947064439484144     
   1.5900000000000012       0.86849744859886502     
   1.6000000000000012       0.87751657059205612     
   1.6100000000000012       0.88652645849829181     
   1.6200000000000012       0.89552556698617902     
   1.6300000000000012       0.90451235918743089     
   1.6400000000000012       0.91348530866266597     
   1.6500000000000012       0.92244290141538787     
   1.6600000000000013       0.93138363794632395     
   1.6700000000000013       0.94030603534509560     
   1.6800000000000013       0.94920862941586126     
   1.6900000000000013       0.95808997682960850     
   1.7000000000000013       0.96694865729925084     
   1.7100000000000013       0.97578327577098145     
   1.7200000000000013       0.98459246462739713     
   1.7300000000000013       0.99337488589329248     
   1.7400000000000013        1.0021292334433407     
   1.7500000000000013        1.0108542351939407     
   1.7600000000000013        1.0195486552878337     
   1.7700000000000014        1.0282112962497434     
   1.7800000000000014        1.0368410011147910     
   1.7900000000000014        1.0454366555188304     
   1.8000000000000014        1.0539971897446709     
   1.8100000000000014        1.0625215807153845     
   1.8200000000000014        1.0710088539277407     
   1.8300000000000014        1.0794580853217668     
   1.8400000000000014        1.0878684030711825     
   1.8500000000000014        1.0962389892984894     
   1.8600000000000014        1.1045690816966283     
   1.8700000000000014        1.1128579750605450     
   1.8800000000000014        1.1211050227142547     
   1.8900000000000015        1.1293096378346870     
   1.9000000000000015        1.1374712946588204     
   1.9100000000000015        1.1455895295777594     
   1.9200000000000015        1.1536639421033861     
   1.9300000000000015        1.1616941957120623     
   1.9400000000000015        1.1696800185552654     
   1.9500000000000015        1.1776212040388896     
   1.9600000000000015        1.1855176112633554     
   1.9700000000000015        1.1933691653283183     
   1.9800000000000015        1.2011758574931508     
   1.9900000000000015        1.2089377452007353     
   2.0000000000000013        1.2166549519583532     
   2.0100000000000011        1.2243276670775793     
   2.0200000000000009        1.2319561452742813     
   2.0300000000000007        1.2395407061312267     
   2.0400000000000005        1.2470817334268869     
   2.0500000000000003        1.2545796743233664     
   2.0600000000000001        1.2620350384369370     
   2.0699999999999998        1.2694483967679138     
   2.0799999999999996        1.2768203805231026     
   2.0899999999999994        1.2841516798098069     
   2.0999999999999992        1.2914430422285206     
   2.1099999999999990        1.2986952713507300     
   2.1199999999999988        1.3059092251026807     
   2.1299999999999986        1.3130858140565698     
   2.1399999999999983        1.3202259996289565     
   2.1499999999999981        1.3273307922058664     
   2.1599999999999979        1.3344012491917623     
   2.1699999999999977        1.3414384729956714     
   2.1799999999999975        1.3484436089538230     
   2.1899999999999973        1.3554178432070627     
   2.1999999999999971        1.3623624005327160     
   2.2099999999999969        1.3692785421405826     
   2.2199999999999966        1.3761675634366508     
   2.2299999999999964        1.3830307917710294     
   2.2399999999999962        1.3898695841678663     
   2.2499999999999960        1.3966853250466378     
   2.2599999999999958        1.4034794239419159     
   2.2699999999999956        1.4102533132336341     
   2.2799999999999954        1.4170084458803296     
   2.2899999999999952        1.4237462931756266     
   2.2999999999999949        1.4304683425238058     
   2.3099999999999947        1.4371760952466610     
   2.3199999999999945        1.4438710644190911     
   2.3299999999999943        1.4505547727472743     
   2.3399999999999941        1.4572287504817270     
   2.3499999999999939        1.4638945333789508     
   2.3599999999999937        1.4705536607158292     
   2.3699999999999934        1.4772076733468553     
   2.3799999999999932        1.4838581118287526     
   2.3899999999999930        1.4905065145867202     
   2.3999999999999928        1.4971544161533619     
   2.4099999999999926        1.5038033454668018     
   2.4199999999999924        1.5104548242187255     
   2.4299999999999922        1.5171103652850333     
   2.4399999999999920        1.5237714712068937     
   2.4499999999999917        1.5304396327438425     
   2.4599999999999915        1.5371163274882047     
   2.4699999999999913        1.5438030185502152     
   2.4799999999999911        1.5505011533003732     
   2.4899999999999909        1.5572121621850548     
   2.4999999999999907        1.5639374576025626     
   2.5099999999999905        1.5706784328387808     
   2.5199999999999902        1.5774364610730491     
   2.5299999999999900        1.5842128944413238     
   2.5399999999999898        1.5910090631545986     
   2.5499999999999896        1.5978262746846990     
   2.5599999999999894        1.6046658130004745     
   2.5699999999999892        1.6115289378615985     
   2.5799999999999890        1.6184168841680591     
   2.5899999999999888        1.6253308613540183     
   2.5999999999999885        1.6322720528409700     
   2.6099999999999883        1.6392416155340288     
   2.6199999999999881        1.6462406793642765     
   2.6299999999999879        1.6532703468732368     
   2.6399999999999877        1.6603316928494265     
   2.6499999999999875        1.6674257639881072     
   2.6599999999999873        1.6745535786064898     
   2.6699999999999871        1.6817161263862812     
   2.6799999999999868        1.6889143681497472     
   2.6899999999999866        1.6961492356689121     
   2.6999999999999864        1.7034216315131079     
   2.7099999999999862        1.7107324289130430     
   2.7199999999999860        1.7180824716583436     
   2.7299999999999858        1.7254725740227708     
   2.7399999999999856        1.7329035207029670     
   2.7499999999999853        1.7403760667911135     
   2.7599999999999851        1.7478909377617631     
   2.7699999999999849        1.7554488294701736     
   2.7799999999999847        1.7630504081840965     
   2.7899999999999845        1.7706963106168905     
   2.7999999999999843        1.7783871439807610     
   2.8099999999999841        1.7861234860535897     
   2.8199999999999839        1.7939058852550722     
   2.8299999999999836        1.8017348607345085     
   2.8399999999999834        1.8096109024695919     
   2.8499999999999832        1.8175344713738439     
   2.8599999999999830        1.8255059994067717     
   2.8699999999999828        1.8335258896952329     
   2.8799999999999826        1.8415945166625847     
   2.8899999999999824        1.8497122261558649     
   2.8999999999999821        1.8578793355853509     
   2.9099999999999819        1.8660961340599187     
   2.9199999999999817        1.8743628825315823     
   2.9299999999999815        1.8826798139423540     
   2.9399999999999813        1.8910471333678793     
   2.9499999999999811        1.8994650181712702     
   2.9599999999999809        1.9079336181489697     
   2.9699999999999807        1.9164530556864832     
   2.9799999999999804        1.9250234259076269     
   2.9899999999999802        1.9336447968332395     
   2.9999999999999800        1.9423172095303756     
   3.0099999999999798        1.9510406782717633     
   3.0199999999999796        1.9598151906891950     
   3.0299999999999794        1.9686407079290933     
   3.0399999999999792        1.9775171648147536     
   3.0499999999999790        1.9864444699988435     
   3.0599999999999787        1.9954225061280386     
   3.0699999999999785        2.0044511299993499     
   3.0799999999999783        2.0135301727284891     
   3.0899999999999781        2.0226594399100217     
   3.0999999999999779        2.0318387117870467     
   3.1099999999999777        2.0410677434215478     
   3.1199999999999775        2.0503462648669823     
   3.1299999999999772        2.0596739813478679     
   3.1399999999999770        2.0690505734395663     
   3.1499999999999768        2.0784756972567093     
   3.1599999999999766        2.0879489846463173     
   3.1699999999999764        2.0974700433849049     
   3.1799999999999762        2.1070384573871959     
   3.1899999999999760        2.1166537869181963     
   3.1999999999999758        2.1263155688157442     
   3.2099999999999755        2.1360233167225604     
   3.2199999999999753        2.1457765213275093     
   3.2299999999999751        2.1555746506181053     
   3.2399999999999749        2.1654171501454629     
   3.2499999999999747        2.1753034433005554     
   3.2599999999999745        2.1852329316050469     
   3.2699999999999743        2.1952049950166606     
   3.2799999999999740        2.2052189922483891     
   3.2899999999999738        2.2152742611064453     
   3.2999999999999736        2.2253701188432355     
   3.3099999999999734        2.2355058625294855     
   3.3199999999999732        2.2456807694455470     
   3.3299999999999730        2.2558940974921100     
   3.3399999999999728        2.2661450856223708     
   3.3499999999999726        2.2764329542955193     
   3.3599999999999723        2.2867569059538204     
   3.3699999999999721        2.2971161255216157     
   3.3799999999999719        2.3075097809312042     
   3.3899999999999717        2.3179370236703409     
   3.3999999999999715        2.3283969893598755     
   3.4099999999999713        2.3388887983550353     
   3.4199999999999711        2.3494115563745113     
   3.4299999999999708        2.3599643551580458     
   3.4399999999999706        2.3705462731532680     
   3.4499999999999704        2.3811563762288892     
   3.4599999999999702        2.3917937184211393     
   3.4699999999999700        2.4024573427062084     
   3.4799999999999698        2.4131462818037437     
   3.4899999999999696        2.4238595590140015     
   3.4999999999999694        2.4345961890768599     
   3.5099999999999691        2.4453551790729660     
   3.5199999999999689        2.4561355293409530     
   3.5299999999999687        2.4669362344399111     
   3.5399999999999685        2.4777562841267149     
   3.5499999999999683        2.4885946643711825     
   3.5599999999999681        2.4994503583950722     
   3.5699999999999679        2.5103223477458441     
   3.5799999999999677        2.5212096133851145     
   3.5899999999999674        2.5321111368156899     
   3.5999999999999672        2.5430259012209731     
   3.6099999999999670        2.5539528926380339     
   3.6199999999999668        2.5648911011494318     
   3.6299999999999666        2.5758395220859693     
   3.6399999999999664        2.5867971572647166     
   3.6499999999999662        2.5977630162289738     
   3.6599999999999659        2.6087361175094479     
   3.6699999999999657        2.6197154898967629     
   3.6799999999999655        2.6307001737244220     
   3.6899999999999653        2.6416892221618968     
   3.6999999999999651        2.6526817025028291     
   3.7099999999999649        2.6636766974674639     
   3.7199999999999647        2.6746733065026564     
   3.7299999999999645        2.6856706470705798     
   3.7399999999999642        2.6966678559371089     
   3.7499999999999640        2.7076640904555442     
   3.7599999999999638        2.7186585298302144     
   3.7699999999999636        2.7296503763618616     
   3.7799999999999634        2.7406388566913793     
   3.7899999999999632        2.7516232229965296     
   3.7999999999999630        2.7626027541844511     
   3.8099999999999627        2.7735767570440633     
   3.8199999999999625        2.7845445673687355     
   3.8299999999999623        2.7955055510487989     
   3.8399999999999621        2.8064591051087371     
   3.8499999999999619        2.8174046587311508     
   3.8599999999999617        2.8283416742043657     
   3.8699999999999615        2.8392696478433739     
   3.8799999999999613        2.8501881108587699     
   3.8899999999999610        2.8610966301519691     
   3.8999999999999608        2.8719948090722327     
   3.9099999999999606        2.8828822881233438     
   3.9199999999999604        2.8937587455831828     
   3.9299999999999602        2.9046238980697985     
   3.9399999999999600        2.9154775010539260     
   3.9499999999999598        2.9263193492950239     
   3.9599999999999596        2.9371492771970962     
   3.9699999999999593        2.9479671591057155     
   3.9799999999999591        2.9587729095503925     
   3.9899999999999589        2.9695664833717377     
   3.9999999999999587        2.9803478758163271     
   4.0099999999999589        2.9911171225293320     
   4.0199999999999587        3.0018742994995020     
   4.0299999999999585        3.0126195229075723     
   4.0399999999999583        3.0233529489000026     
   4.0499999999999581        3.0340747733225939     
   4.0599999999999579        3.0447852313346182     
   4.0699999999999577        3.0554845969858286     
   4.0799999999999574        3.0661731827206018     
   4.0899999999999572        3.0768513387891163     
   4.0999999999999570        3.0875194526263896     
   4.1099999999999568        3.0981779481300968     
   4.1199999999999566        3.1088272849065119     
   4.1299999999999564        3.1194679574379980     
   4.1399999999999562        3.1301004942003727     
   4.1499999999999559        3.1407254567185729     
   4.1599999999999557        3.1513434385731189     
   4.1699999999999555        3.1619550643488359     
   4.1799999999999553        3.1725609885534065     
   4.1899999999999551        3.1831618944805440     
   4.1999999999999549        3.1937584930138785     
   4.2099999999999547        3.2043515214294938     
   4.2199999999999545        3.2149417421581217     
   4.2299999999999542        3.2255299414516756     
   4.2399999999999540        3.2361169281358619     
   4.2499999999999538        3.2467035322199962     
   4.2599999999999536        3.2572906035821174     
   4.2699999999999534        3.2678790105681843     
   4.2799999999999532        3.2784696385867367     
   4.2899999999999530        3.2890633887525209     
   4.2999999999999527        3.2996611764032631     
   4.3099999999999525        3.3102639297445760     
   4.3199999999999523        3.3208725883702153     
   4.3299999999999521        3.3314881018652427     
   4.3399999999999519        3.3421114283751550     
   4.3499999999999517        3.3527435331687152     
   4.3599999999999515        3.3633853872427322     
   4.3699999999999513        3.3740379658963313     
   4.3799999999999510        3.3847022473412740     
   4.3899999999999508        3.3953792113026173     
   4.3999999999999506        3.4060698376782259     
   4.4099999999999504        3.4167751051388739     
   4.4199999999999502        3.4274959898292989     
   4.4299999999999500        3.4382334640251799     
   4.4399999999999498        3.4489884948175145     
   4.4499999999999496        3.4597620428714682     
   4.4599999999999493        3.4705550611433762     
   4.4699999999999491        3.4813684936354168     
   4.4799999999999489        3.4922032742055422     
   4.4899999999999487        3.5030603253595145     
   4.4999999999999485        3.5139405570898217     
   4.5099999999999483        3.5248448657268843     
   4.5199999999999481        3.5357741328446060     
   4.5299999999999478        3.5467292241418860     
   4.5399999999999476        3.5577109883712406     
   4.5499999999999474        3.5687202563262050     
   4.5599999999999472        3.5797578397757901     
   4.5699999999999470        3.5908245304988275     
   4.5799999999999468        3.6019210993071344     
   4.5899999999999466        3.6130482950590799     
   4.5999999999999464        3.6242068437657977     
   4.6099999999999461        3.6353974476701780     
   4.6199999999999459        3.6466207843510623     
   4.6299999999999457        3.6578775058506410     
   4.6399999999999455        3.6691682378244965     
   4.6499999999999453        3.6804935787178716     
   4.6599999999999451        3.6918540989453739     
   4.6699999999999449        3.7032503400645576     
   4.6799999999999446        3.7146828140262413     
   4.6899999999999444        3.7261520023817618     
   4.6999999999999442        3.7376583555248417     
   4.7099999999999440        3.7492022919493846     
   4.7199999999999438        3.7607841975131873     
   4.7299999999999436        3.7724044247081014     
   4.7399999999999434        3.7840632919287711     
   4.7499999999999432        3.7957610828047499     
   4.7599999999999429        3.8074980454613749     
   4.7699999999999427        3.8192743918348633     
   4.7799999999999425        3.8310902969874134     
   4.7899999999999423        3.8429458984165681     
   4.7999999999999421        3.8548412953765374     
   4.8099999999999419        3.8667765481992311     
   4.8199999999999417        3.8787516776231139     
   4.8299999999999415        3.8907666641135474     
   4.8399999999999412        3.9028214471864437     
   4.8499999999999410        3.9149159247573229     
   4.8599999999999408        3.9270499524358331     
   4.8699999999999406        3.9392233428927717     
   4.8799999999999404        3.9514358651566805     
   4.8899999999999402        3.9636872439600830     
   4.8999999999999400        3.9759771590616264     
   4.9099999999999397        3.9883052445797662     
   4.9199999999999395        4.0006710883089003     
   4.9299999999999393        4.0130742310534808     
   4.9399999999999391        4.0255141659533829     
   4.9499999999999389        4.0379903378296538     
   4.9599999999999387        4.0505021424707914     
   4.9699999999999385        4.0630489260140505     
   4.9799999999999383        4.0756299842526715     
   4.9899999999999380        4.0882445619808614     
   4.9999999999999378        4.1008918523462805     
   5.0099999999999376        4.1135709961871729     
   5.0199999999999374        4.1262810814073054     
   5.0299999999999372        4.1390211423296019     
   5.0399999999999370        4.1517901591006252     
   5.0499999999999368        4.1645870570549395     
   5.0599999999999365        4.1774107061503294     
   5.0699999999999363        4.1902599203901376     
   5.0799999999999361        4.2031334572737418     
   5.0899999999999359        4.2160300172642931     
   5.0999999999999357        4.2289482433040906     
   5.1099999999999355        4.2418867203354731     
   5.1199999999999353        4.2548439748715534     
   5.1299999999999351        4.2678184745762060     
   5.1399999999999348        4.2808086279527560     
   5.1499999999999346        4.2938127839914948     
   5.1599999999999344        4.3068292319257262     
   5.1699999999999342        4.3198562010119748     
   5.1799999999999340        4.3328918603986093     
   5.1899999999999338        4.3459343190232973     
   5.1999999999999336        4.3589816256017340     
   5.2099999999999334        4.3720317686872674     
   5.2199999999999331        4.3850826768006561     
   5.2299999999999329        4.3981322186571505     
   5.2399999999999327        4.4111782034727831     
   5.2499999999999325        4.4242183813729596     
   5.2599999999999323        4.4372504439168425     
   5.2699999999999321        4.4502720246952228     
   5.2799999999999319        4.4632807000793679     
   5.2899999999999316        4.4762739900697621     
   5.2999999999999314        4.4892493592867577     
   5.3099999999999312        4.5022042180782096     
   5.3199999999999310        4.5151359237711048     
   5.3299999999999308        4.5280417820730641     
   5.3399999999999306        4.5409190486272060     
   5.3499999999999304        4.5537649307034771     
   5.3599999999999302        4.5665765890724419     
   5.3699999999999299        4.5793511400394715     
   5.3799999999999297        4.5920856576298048     
   5.3899999999999295        4.6047771759698577     
   5.3999999999999293        4.6174226918445349     
   5.4099999999999291        4.6300191674129492     
   5.4199999999999289        4.6425635331316002     
   5.4299999999999287        4.6550526908377510     
   5.4399999999999284        4.6674835170315161     
   5.4499999999999282        4.6798528663417507     
   5.4599999999999280        4.6921575751531455     
   5.4699999999999278        4.7043944654439480     
   5.4799999999999276        4.7165603487754577     
   5.4899999999999274        4.7286520304559554     
   5.4999999999999272        4.7406663138945699     
   5.5099999999999270        4.7526000050761441     
   5.5199999999999267        4.7644499172251313     
   5.5299999999999265        4.7762128755742967     
   5.5399999999999263        4.7878857223111968     
   5.5499999999999261        4.7994653216130923     
   5.5599999999999259        4.8109485647823149     
   5.5699999999999257        4.8223323755078589     
   5.5799999999999255        4.8336137151795642     
   5.5899999999999253        4.8447895882655168     
   5.5999999999999250        4.8558570477575005     
   5.6099999999999248        4.8668132006044686     
   5.6199999999999246        4.8776552131744113     
   5.6299999999999244        4.8883803167127349     
   5.6399999999999242        4.8989858127420653     
   5.6499999999999240        4.9094690783969002     
   5.6599999999999238        4.9198275717290754     
   5.6699999999999235        4.9300588368546556     
   5.6799999999999233        4.9401605089859286     
   5.6899999999999231        4.9501303193795403     
   5.6999999999999229        4.9599661000094049     
   5.7099999999999227        4.9696657881494222     
   5.7199999999999225        4.9792274306449187     
   5.7299999999999223        4.9886491880705659     
   5.7399999999999221        4.9979293385097323     
   5.7499999999999218        5.0070662811569449     
   5.7599999999999216        5.0160585395574957     
   5.7699999999999214        5.0249047646366138     
   5.7799999999999212        5.0336037372546647     
   5.7899999999999210        5.0421543706426641     
   5.7999999999999208        5.0505557122757700     
   5.8099999999999206        5.0588069455281168     
   5.8199999999999203        5.0669073909487512     
   5.8299999999999201        5.0748565071558867     
   5.8399999999999199        5.0826538913148758     
   5.8499999999999197        5.0902992793587769     
   5.8599999999999195        5.0977925457682307     
   5.8699999999999193        5.1051337029611181     
   5.8799999999999191        5.1123229004047976     
   5.8899999999999189        5.1193604233108498     
   5.8999999999999186        5.1262466910246678     
   5.9099999999999184        5.1329822550796287     
   5.9199999999999182        5.1395677969388043     
   5.9299999999999180        5.1460041253359465     
   5.9399999999999178        5.1522921736155753     
   5.9499999999999176        5.1584329963477877     
   5.9599999999999174        5.1644277661924933     
   5.9699999999999172        5.1702777701218325     
   5.9799999999999169        5.1759844057007687     
   5.9899999999999167        5.1815491770234239     
   5.9999999999999165        5.1869736905250532     
   6.0099999999999163        5.1922596506920735     
   6.0199999999999161        5.1974088556076836     
   6.0299999999999159        5.2024231922968118     
   6.0399999999999157        5.2073046321762089     
   6.0499999999999154        5.2120552263069744     
   6.0599999999999152        5.2166771005686732     
   6.0699999999999150        5.2211724509754420     
   6.0799999999999148        5.2255435387796716     
   6.0899999999999146        5.2297926857491683     
   6.0999999999999144        5.2339222692935401     
   6.1099999999999142        5.2379347179791926     
   6.1199999999999140        5.2418325065529308     
   6.1299999999999137        5.2456181516033977     
   6.1399999999999135        5.2492942069411521     
   6.1499999999999133        5.2528632591415780     
   6.1599999999999131        5.2563279232786879     
   6.1699999999999129        5.2596908388059873     
   6.1799999999999127        5.2629546653654069     
   6.1899999999999125        5.2661220788081122     
   6.1999999999999122        5.2691957674967398     
   6.2099999999999120        5.2721784286518281     
   6.2199999999999118        5.2750727645882947     
   6.2299999999999116        5.2778814796435132     
   6.2399999999999114        5.2806072766015397     
   6.2499999999999112        5.2832528540005574     
   6.2599999999999110        5.2858209028088554     
   6.2699999999999108        5.2883141038461705     
   6.2799999999999105        5.2907351251682524     
   6.2899999999999103        5.2930866193936996     
   6.2999999999999101        5.2953712215674473     
   6.3099999999999099        5.2975915467933401     
   6.3199999999999097        5.2997501882476303     
   6.3299999999999095        5.3018497152048978     
   6.3399999999999093        5.3038926713571408     
   6.3499999999999091        5.3058815730087074     
   6.3599999999999088        5.3078189075535800     
   6.3699999999999086        5.3097071321952303     
   6.3799999999999084        5.3115486724474090     
   6.3899999999999082        5.3133459210796303     
   6.3999999999999080        5.3151012369859236     
   6.4099999999999078        5.3168169442398705     
   6.4199999999999076        5.3184953312033318     
   6.4299999999999073        5.3201386496651466     
   6.4399999999999071        5.3217491143124578     
   6.4499999999999069        5.3233289019096883     
   6.4599999999999067        5.3248801509376413     
   6.4699999999999065        5.3264049611179427     
   6.4799999999999063        5.3279053929412736     
   6.4899999999999061        5.3293834674189258     
   6.4999999999999059        5.3308411658889501     
   6.5099999999999056        5.3322804296176711     
   6.5199999999999054        5.3337031600640001     
   6.5299999999999052        5.3351112183127025     
   6.5399999999999050        5.3365064254135506     
   6.5499999999999048        5.3378905623452626     
   6.5599999999999046        5.3392653698887473     
   6.5699999999999044        5.3406325489530575     
   6.5799999999999041        5.3419937605579015     
   6.5899999999999039        5.3433506261188528     
   6.5999999999999037        5.3447047276731272     
   6.6099999999999035        5.3460576078641262     
   6.6199999999999033        5.3474107706394562     
   6.6299999999999031        5.3487656811816464     
   6.6399999999999029        5.3501237663085464     
   6.6499999999999027        5.3514864149038992     
   6.6599999999999024        5.3528549782837205     
   6.6699999999999022        5.3542307703492149     
   6.6799999999999020        5.3556150682568848     
   6.6899999999999018        5.3570091126026558     
   6.6999999999999016        5.3584141080327976     
   6.7099999999999014        5.3598312234695928     
   6.7199999999999012        5.3612615926933307     
   6.7299999999999010        5.3627063147170340     
   6.7399999999999007        5.3641664542786680     
   6.7499999999999005        5.3656430423161341     
   6.7599999999999003        5.3671370764222299     
   6.7699999999999001        5.3686495211693970     
   6.7799999999998999        5.3701813089058721     
   6.7899999999998997        5.3717333399626748     
   6.7999999999998995        5.3733064831928292     
   6.8099999999998992        5.3749015765804238     
   6.8199999999998990        5.3765194275118704     
   6.8299999999998988        5.3781608134207817     
   6.8399999999998986        5.3798264823473607     
   6.8499999999998984        5.3815171531690433     
   6.8599999999998982        5.3832335162408409     
   6.8699999999998980        5.3849762338936138     
   6.8799999999998978        5.3867459409173026     
   6.8899999999998975        5.3885432449174226     
   6.8999999999998973        5.3903687269263818     
   6.9099999999998971        5.3922229418053798     
   6.9199999999998969        5.3941064187865067     
   6.9299999999998967        5.3960196617434342     
   6.9399999999998965        5.3979631499673655     
   6.9499999999998963        5.3999373383249134     
   6.9599999999998960        5.4019426578254883     
   6.9699999999998958        5.4039795161914519     
   6.9799999999998956        5.4060482981220321     
   6.9899999999998954        5.4081493656926387     
   6.9999999999998952        5.4102830590830440     
   7.0099999999998950        5.4124496966127875     
   7.0199999999998948        5.4146495756318291     
   7.0299999999998946        5.4168829724363894     
   7.0399999999998943        5.4191501429601674     
   7.0499999999998941        5.4214513232691450     
   7.0599999999998939        5.4237867296933748     
   7.0699999999998937        5.4261565594513881     
   7.0799999999998935        5.4285609909309285     
   7.0899999999998933        5.4310001840733255     
   7.0999999999998931        5.4334742808620016     
   7.1099999999998929        5.4359834055071037     
   7.1199999999998926        5.4385276650120193     
   7.1299999999998924        5.4411071495229759     
   7.1399999999998922        5.4437219323457571     
   7.1499999999998920        5.4463720708621066     
   7.1599999999998918        5.4490576064453800     
   7.1699999999998916        5.4517785649391630     
   7.1799999999998914        5.4545349570876880     
   7.1899999999998911        5.4573267787217690     
   7.1999999999998909        5.4601540111642377     
   7.2099999999998907        5.4630166214911551     
   7.2199999999998905        5.4659145631180124     
   7.2299999999998903        5.4688477755401719     
   7.2399999999998901        5.4718161853352116     
   7.2499999999998899        5.4748197059769925     
   7.2599999999998897        5.4778582383196266     
   7.2699999999998894        5.4809316708916009     
   7.2799999999998892        5.4840398802292079     
   7.2899999999998890        5.4871827310050367     
   7.2999999999998888        5.4903600764909095     
   7.3099999999998886        5.4935717587786694     
   7.3199999999998884        5.4968176091008667     
   7.3299999999998882        5.5000974480007745     
   7.3399999999998879        5.5034110856886480     
   7.3499999999998877        5.5067583223747762     
   7.3599999999998875        5.5101389484403223     
   7.3699999999998873        5.5135527446552945     
   7.3799999999998871        5.5169994826922268     
   7.3899999999998869        5.5204789250847890     
   7.3999999999998867        5.5239908257163020     
   7.4099999999998865        5.5275349299624299     
   7.4199999999998862        5.5311109750271088     
   7.4299999999998860        5.5347186901406715     
   7.4399999999998858        5.5383577968411224     
   7.4499999999998856        5.5420280092818279     
   7.4599999999998854        5.5457290343918775     
   7.4699999999998852        5.5494605721906520     
   7.4799999999998850        5.5532223161040966     
   7.4899999999998847        5.5570139530867806     
   7.4999999999998845        5.5608351639941240     
   7.5099999999998843        5.5646856237947375     
   7.5199999999998841        5.5685650018436643     
   7.5299999999998839        5.5724729621100524     
   7.5399999999998837        5.5764091634690214     
   7.5499999999998835        5.5803732599729958     
   7.5599999999998833        5.5843649010725143     
   7.5699999999998830        5.5883837319683352     
   7.5799999999998828        5.5924293937262242     
   7.5899999999998826        5.5965015236933269     
   7.5999999999998824        5.6005997556928975     
   7.6099999999998822        5.6047237203303233     
   7.6199999999998820        5.6088730452077504     
   7.6299999999998818        5.6130473553060289     
   7.6399999999998816        5.6172462731123236     
   7.6499999999998813        5.6214694190284078     
   7.6599999999998811        5.6257164116437375     
   7.6699999999998809        5.6299868678973022     
   7.6799999999998807        5.6342804035214975     
   7.6899999999998805        5.6385966332245694     
   7.6999999999998803        5.6429351710370863     
   7.7099999999998801        5.6472956305547815     
   7.7199999999998798        5.6516776252893282     
   7.7299999999998796        5.6560807689263841     
   7.7399999999998794        5.6605046756360071     
   7.7499999999998792        5.6649489603841516     
   7.7599999999998790        5.6694132392304173     
   7.7699999999998788        5.6738971296072611     
   7.7799999999998786        5.6784002506569946     
   7.7899999999998784        5.6829222235579886     
   7.7999999999998781        5.6874626717743340     
   7.8099999999998779        5.6920212213959882     
   7.8199999999998777        5.6965975014773189     
   7.8299999999998775        5.7011911443053327     
   7.8399999999998773        5.7058017857328025     
   7.8499999999998771        5.7104290654707315     
   7.8599999999998769        5.7150726274345267     
   7.8699999999998766        5.7197321200174205     
   7.8799999999998764        5.7244071964291701     
   7.8899999999998762        5.7290975149778829     
   7.8999999999998760        5.7338027393905593     
   7.9099999999998758        5.7385225390980077     
   7.9199999999998756        5.7432565896085341     
   7.9299999999998754        5.7480045727033495     
   7.9399999999998752        5.7527661767852774     
   7.9499999999998749        5.7575410971961265     
   7.9599999999998747        5.7623290364213684     
   7.9699999999998745        5.7671297045254493     
   7.9799999999998743        5.7719428192044298     
   7.9899999999998741        5.7767681062949263     
   7.9999999999998739        5.7816052998500629     
   8.0099999999998737        5.7864541425189131     
   8.0199999999998735        5.7913143857934442     
   8.0299999999998732        5.7961857901623093     
   8.0399999999998730        5.8010681254329484     
   8.0499999999998728        5.8059611709440073     
   8.0599999999998726        5.8108647157546551     
   8.0699999999998724        5.8157785588754773     
   8.0799999999998722        5.8207025094946028     
   8.0899999999998720        5.8256363871367487     
   8.0999999999998717        5.8305800218613619     
   8.1099999999998715        5.8355332543295768     
   8.1199999999998713        5.8404959362026778     
   8.1299999999998711        5.8454679299901331     
   8.1399999999998709        5.8504491094036650     
   8.1499999999998707        5.8554393593553371     
   8.1599999999998705        5.8604385761214512     
   8.1699999999998703        5.8654466674162089     
   8.1799999999998700        5.8704635524600715     
   8.1899999999998698        5.8754891620743885     
   8.1999999999998696        5.8805234385595488     
   8.2099999999998694        5.8855663360889912     
   8.2199999999998692        5.8906178204435431     
   8.2299999999998690        5.8956778688617648     
   8.2399999999998688        5.9007464706003212     
   8.2499999999998685        5.9058236262789983     
   8.2599999999998683        5.9109093481841510     
   8.2699999999998681        5.9160036601381476     
   8.2799999999998679        5.9211065974711925     
   8.2899999999998677        5.9262182066496605     
   8.2999999999998675        5.9313385456875114     
   8.3099999999998673        5.9364676834792807     
   8.3199999999998671        5.9416056998489299     
   8.3299999999998668        5.9467526858168700     
   8.3399999999998666        5.9519087425942709     
   8.3499999999998664        5.9570739820446255     
   8.3599999999998662        5.9622485263015319     
   8.3699999999998660        5.9674325074876933     
   8.3799999999998658        5.9726260674368277     
   8.3899999999998656        5.9778293577272894     
   8.3999999999998654        5.9830425389324962     
   8.4099999999998651        5.9882657807663380     
   8.4199999999998649        5.9934992617777771     
   8.4299999999998647        5.9987431686186570     
   8.4399999999998645        6.0039976962536379     
   8.4499999999998643        6.0092630472234543     
   8.4599999999998641        6.0145394315261429     
   8.4699999999998639        6.0198270663173341     
   8.4799999999998636        6.0251261751811720     
   8.4899999999998634        6.0304369881912852     
   8.4999999999998632        6.0357597412105974     
   8.5099999999998630        6.0410946758047235     
   8.5199999999998628        6.0464420383242503     
   8.5299999999998626        6.0518020801470120     
   8.5399999999998624        6.0571750566875640     
   8.5499999999998622        6.0625612273104013     
   8.5599999999998619        6.0679608547730233     
   8.5699999999998617        6.0733742047627759     
   8.5799999999998615        6.0788015454291680     
   8.5899999999998613        6.0842431472154379     
   8.5999999999998611        6.0896992818990929     
   8.6099999999998609        6.0951702226123556     
   8.6199999999998607        6.1006562431584674     
   8.6299999999998604        6.1061576175234658     
   8.6399999999998602        6.1116746195519456     
   8.6499999999998600        6.1172075222308129     
   8.6599999999998598        6.1227565976515299     
   8.6699999999998596        6.1283221162030479     
   8.6799999999998594        6.1339043462175589     
   8.6899999999998592        6.1395035534059623     
   8.6999999999998590        6.1451200007172035     
   8.7099999999998587        6.1507539475042243     
   8.7199999999998585        6.1564056493599235     
   8.7299999999998583        6.1620753576154597     
   8.7399999999998581        6.1677633188186176     
   8.7499999999998579        6.1734697743361675     
   8.7599999999998577        6.1791949600871732     
   8.7699999999998575        6.1849391058380485     
   8.7799999999998573        6.1907024351316249     
   8.7899999999998570        6.1964851646702215     
   8.7999999999998568        6.2022875040790337     
   8.8099999999998566        6.2081096552911790     
   8.8199999999998564        6.2139518124697641     
   8.8299999999998562        6.2198141615228435     
   8.8399999999998560        6.2256968797149854     
   8.8499999999998558        6.2316001356369117     
   8.8599999999998555        6.2375240882752516     
   8.8699999999998553        6.2434688874535178     
   8.8799999999998551        6.2494346729602208     
   8.8899999999998549        6.2554215746470314     
   8.8999999999998547        6.2614297120473399     
   8.9099999999998545        6.2674591939663866     
   8.9199999999998543        6.2735101186005569     
   8.9299999999998541        6.2795825731139940     
   8.9399999999998538        6.2856766332934031     
   8.9499999999998536        6.2917923638100310     
   8.9599999999998534        6.2979298177845120     
   8.9699999999998532        6.3040890365542435     
   8.9799999999998530        6.3102700497629156     
   8.9899999999998528        6.3164728752811232     
   8.9999999999998526        6.3226975187650867     
   9.0099999999998523        6.3289439741715325     
   9.0199999999998521        6.3352122231910650     
   9.0299999999998519        6.3415022353950725     
   9.0399999999998517        6.3478139686122486     
   9.0499999999998515        6.3541473682463598     
   9.0599999999998513        6.3605023678708399     
   9.0699999999998511        6.3668788890408967     
   9.0799999999998509        6.3732768415299965     
   9.0899999999998506        6.3796961232135452     
   9.0999999999998504        6.3861366204558481     
   9.1099999999998502        6.3925982080003037     
   9.1199999999998500        6.3990807493509392     
   9.1299999999998498        6.4055840968511522     
   9.1399999999998496        6.4121080919268518     
   9.1499999999998494        6.4186525652458482     
   9.1599999999998492        6.4252173370619374     
   9.1699999999998489        6.4318022175541607     
   9.1799999999998487        6.4384070068196726     
   9.1899999999998485        6.4450314955488519     
   9.1999999999998483        6.4516754651752430     
   9.2099999999998481        6.4583386882974283     
   9.2199999999998479        6.4650209288808229     
   9.2299999999998477        6.4717219429489754     
   9.2399999999998474        6.4784414786970261     
   9.2499999999998472        6.4851792771655736     
   9.2599999999998470        6.4919350725554326     
   9.2699999999998468        6.4987085926566452     
   9.2799999999998466        6.5054995594893406     
   9.2899999999998464        6.5123076896479253     
   9.2999999999998462        6.5191326949085893     
   9.3099999999998460        6.5259742826536939     
   9.3199999999998457        6.5328321565710796     
   9.3299999999998455        6.5397060170161838     
   9.3399999999998453        6.5465955617398484     
   9.3499999999998451        6.5535004863384385     
   9.3599999999998449        6.5604204848920755     
   9.3699999999998447        6.5673552505786539     
   9.3799999999998445        6.5743044762111076     
   9.3899999999998442        6.5812678548559420     
   9.3999999999998440        6.5882450804507604     
   9.4099999999998438        6.5952358484326270     
   9.4199999999998436        6.6022398562544584     
   9.4299999999998434        6.6092568040964315     
   9.4399999999998432        6.6162863955015894     
   9.4499999999998430        6.6233283377565986     
   9.4599999999998428        6.6303823427707691     
   9.4699999999998425        6.6374481275329495     
   9.4799999999998423        6.6445254145860302     
   9.4899999999998421        6.6516139328588260     
   9.4999999999998419        6.6587134179778005     
   9.5099999999998417        6.6658236130788975     
   9.5199999999998415        6.6729442689912615     
   9.5299999999998413        6.6800751451536788     
   9.5399999999998411        6.6872160097796094     
   9.5499999999998408        6.6943666405075932     
   9.5599999999998406        6.7015268249326381     
   9.5699999999998404        6.7086963608736205     
   9.5799999999998402        6.7158750569304395     
   9.5899999999998400        6.7230627327127781     
   9.5999999999998398        6.7302592194736368     
   9.6099999999998396        6.7374643600822965     
   9.6199999999998393        6.7446780097083670     
   9.6299999999998391        6.7519000358051295     
   9.6399999999998389        6.7591303185198042     
   9.6499999999998387        6.7663687508915258     
   9.6599999999998385        6.7736152389490911     
   9.6699999999998383        6.7808697019372710     
   9.6799999999998381        6.7881320723132426     
   9.6899999999998379        6.7954022959758582     
   9.6999999999998376        6.8026803322403246     
   9.7099999999998374        6.8099661536037202     
   9.7199999999998372        6.8172597462452318     
   9.7299999999998370        6.8245611094472700     
   9.7399999999998368        6.8318702554771029     
   9.7499999999998366        6.8391872097792588     
   9.7599999999998364        6.8465120107450792     
   9.7699999999998361        6.8538447089512804     
   9.7799999999998359        6.8611853675351178     
   9.7899999999998357        6.8685340616080026     
   9.7999999999998355        6.8758908774883443     
   9.8099999999998353        6.8832559133361793     
   9.8199999999998351        6.8906292776033222     
   9.8299999999998349        6.8980110895559532     
   9.8399999999998347        6.9054014776187636     
   9.8499999999998344        6.9128005803946158     
   9.8599999999998342        6.9202085444696868     
   9.8699999999998340        6.9276255250512664     
   9.8799999999998338        6.9350516842476049     
   9.8899999999998336        6.9424871919998621     
   9.8999999999998334        6.9499322236365391     
   9.9099999999998332        6.9573869601327063     
   9.9199999999998330        6.9648515870501830     
   9.9299999999998327        6.9723262945982469     
   9.9399999999998325        6.9798112749307792     
   9.9499999999998323        6.9873067235229982     
   9.9599999999998321        6.9948128374859415     
   9.9699999999998319        7.0023298138945611     
   9.9799999999998317        7.0098578499965818     
   9.9899999999998315        7.0173971422802115     
   9.9999999999998312        7.0249478851695946     
