   0.0000000000000000       -0.0000000000000000     
   1.0000000000000000E-002   1.9004650235974757E-005
   2.0000000000000000E-002   7.5922434889031399E-005
   2.9999999999999999E-002   1.7061003847906357E-004
   4.0000000000000001E-002   3.0292536783405033E-004
   5.0000000000000003E-002   4.7272752477833259E-004
   6.0000000000000005E-002   6.7987677860729978E-004
   7.0000000000000007E-002   9.2423453875204223E-004
   8.0000000000000002E-002   1.2056633275649457E-003
   8.9999999999999997E-002   1.5240267531390415E-003
   9.9999999999999992E-002   1.8791894821667313E-003
  0.10999999999999999        2.2710172129644761E-003
  0.11999999999999998        2.6993766484696351E-003
  0.12999999999999998        3.1641354691831331E-003
  0.13999999999999999        3.6651623065136309E-003
  0.14999999999999999        4.2023267155884853E-003
  0.16000000000000000        4.7754991485301351E-003
  0.17000000000000001        5.3845509275345007E-003
  0.18000000000000002        6.0293542180277111E-003
  0.19000000000000003        6.7097820016421119E-003
  0.20000000000000004        7.4257080493943493E-003
  0.21000000000000005        8.1770068946385530E-003
  0.22000000000000006        8.9635538060962167E-003
  0.23000000000000007        9.7852247606969051E-003
  0.24000000000000007        1.0641896416496457E-002
  0.25000000000000006        1.1533446085468992E-002
  0.26000000000000006        1.2459751706055013E-002
  0.27000000000000007        1.3420691815898328E-002
  0.28000000000000008        1.4416145524293685E-002
  0.29000000000000009        1.5445992484448981E-002
  0.30000000000000010        1.6510112865782550E-002
  0.31000000000000011        1.7608387326085360E-002
  0.32000000000000012        1.8740696983313630E-002
  0.33000000000000013        1.9906923387521081E-002
  0.34000000000000014        2.1106948492318946E-002
  0.35000000000000014        2.2340654626437525E-002
  0.36000000000000015        2.3607924464910703E-002
  0.37000000000000016        2.4908641000127719E-002
  0.38000000000000017        2.6242687512643591E-002
  0.39000000000000018        2.7609947541807789E-002
  0.40000000000000019        2.9010304856146144E-002
  0.41000000000000020        3.0443643423484545E-002
  0.42000000000000021        3.1909847380795407E-002
  0.43000000000000022        3.3408801003827919E-002
  0.44000000000000022        3.4940388676489499E-002
  0.45000000000000023        3.6504494859851903E-002
  0.46000000000000024        3.8101004060941059E-002
  0.47000000000000025        3.9729800801100418E-002
  0.48000000000000026        4.1390769584279168E-002
  0.49000000000000027        4.3083794864685873E-002
  0.50000000000000022        4.4808761014349552E-002
  0.51000000000000023        4.6565552290164784E-002
  0.52000000000000024        4.8354052800697440E-002
  0.53000000000000025        5.0174146472572921E-002
  0.54000000000000026        5.2025717016441972E-002
  0.55000000000000027        5.3908647892570646E-002
  0.56000000000000028        5.5822822276140882E-002
  0.57000000000000028        5.7768123021923273E-002
  0.58000000000000029        5.9744432628761876E-002
  0.59000000000000030        6.1751633203401421E-002
  0.60000000000000031        6.3789606424002568E-002
  0.61000000000000032        6.5858233503277838E-002
  0.62000000000000033        6.7957395150887945E-002
  0.63000000000000034        7.0086971535643375E-002
  0.64000000000000035        7.2246842247053980E-002
  0.65000000000000036        7.4436886256489421E-002
  0.66000000000000036        7.6656981877707434E-002
  0.67000000000000037        7.8907006726992093E-002
  0.68000000000000038        8.1186837682671265E-002
  0.69000000000000039        8.3496350844162223E-002
  0.70000000000000040        8.5835421490413163E-002
  0.71000000000000041        8.8203924037863549E-002
  0.72000000000000042        9.0601731997755300E-002
  0.73000000000000043        9.3028717932927982E-002
  0.74000000000000044        9.5484753414049911E-002
  0.75000000000000044        9.7969708975228581E-002
  0.76000000000000045       0.10048345406889572     
  0.77000000000000046       0.10302585702045143     
  0.78000000000000047       0.10559678498182101     
  0.79000000000000048       0.10819610388476797     
  0.80000000000000049       0.11082367839342949     
  0.81000000000000050       0.11347937185614566     
  0.82000000000000051       0.11616304625681968     
  0.83000000000000052       0.11887456216550045     
  0.84000000000000052       0.12161377868835971     
  0.85000000000000053       0.12438055341701375     
  0.86000000000000054       0.12717474237720183     
  0.87000000000000055       0.12999619997673120     
  0.88000000000000056       0.13284477895283531     
  0.89000000000000057       0.13572033031884445     
  0.90000000000000058       0.13862270331011761     
  0.91000000000000059       0.14155174532943118     
  0.92000000000000060       0.14450730189151609     
  0.93000000000000060       0.14748921656712796     
  0.94000000000000061       0.15049733092624901     
  0.95000000000000062       0.15353148448076157     
  0.96000000000000063       0.15659151462635973     
  0.97000000000000064       0.15967725658390117     
  0.98000000000000065       0.16278854333994258     
  0.99000000000000066       0.16592520558679058     
   1.0000000000000007       0.16908707166175713     
   1.0100000000000007       0.17227396748592141     
   1.0200000000000007       0.17548571650210107     
   1.0300000000000007       0.17872213961233141     
   1.0400000000000007       0.18198305511468710     
   1.0500000000000007       0.18526827863945558     
   1.0600000000000007       0.18857762308483828     
   1.0700000000000007       0.19191089855198498     
   1.0800000000000007       0.19526791227952101     
   1.0900000000000007       0.19864846857754809     
   1.1000000000000008       0.20205236876108923     
   1.1100000000000008       0.20547941108315174     
   1.1200000000000008       0.20892939066716820     
   1.1300000000000008       0.21240209943909311     
   1.1400000000000008       0.21589732605914536     
   1.1500000000000008       0.21941485585301454     
   1.1600000000000008       0.22295447074286109     
   1.1700000000000008       0.22651594917787785     
   1.1800000000000008       0.23009906606468158     
   1.1900000000000008       0.23370359269740346     
   1.2000000000000008       0.23732929668758787     
   1.2100000000000009       0.24097594189390467     
   1.2200000000000009       0.24464328835184099     
   1.2300000000000009       0.24833109220320190     
   1.2400000000000009       0.25203910562573667     
   1.2500000000000009       0.25576707676268490     
   1.2600000000000009       0.25951474965248639     
   1.2700000000000009       0.26328186415866206     
   1.2800000000000009       0.26706815589988447     
   1.2900000000000009       0.27087335618036273     
   1.3000000000000009       0.27469719192053910     
   1.3100000000000009       0.27853938558831060     
   1.3200000000000010       0.28239965513064125     
   1.3300000000000010       0.28627771390587120     
   1.3400000000000010       0.29017327061661080     
   1.3500000000000010       0.29408602924348615     
   1.3600000000000010       0.29801568897958941     
   1.3700000000000010       0.30196194416604566     
   1.3800000000000010       0.30592448422848650     
   1.3900000000000010       0.30990299361475449     
   1.4000000000000010       0.31389715173375599     
   1.4100000000000010       0.31790663289580307     
   1.4200000000000010       0.32193110625430782     
   1.4300000000000010       0.32597023574917777     
   1.4400000000000011       0.33002368005179422     
   1.4500000000000011       0.33409109251194452     
   1.4600000000000011       0.33817212110669220     
   1.4700000000000011       0.34226640839130024     
   1.4800000000000011       0.34637359145245616     
   1.4900000000000011       0.35049330186386790     
   1.5000000000000011       0.35462516564437602     
   1.5100000000000011       0.35876880321872845     
   1.5200000000000011       0.36292382938128154     
   1.5300000000000011       0.36708985326257443     
   1.5400000000000011       0.37126647829913756     
   1.5500000000000012       0.37545330220664941     
   1.5600000000000012       0.37964991695644767     
   1.5700000000000012       0.38385590875592590     
   1.5800000000000012       0.38807085803258307     
   1.5900000000000012       0.39229433942216418     
   1.6000000000000012       0.39652592176104745     
   1.6100000000000012       0.40076516808297491     
   1.6200000000000012       0.40501163562036685     
   1.6300000000000012       0.40926487581044335     
   1.6400000000000012       0.41352443430627467     
   1.6500000000000012       0.41778985099301669     
   1.6600000000000013       0.42206066000947351     
   1.6700000000000013       0.42633638977528832     
   1.6800000000000013       0.43061656302375334     
   1.6900000000000013       0.43490069684072807     
   1.7000000000000013       0.43918830270960607     
   1.7100000000000013       0.44347888656265017     
   1.7200000000000013       0.44777194883891036     
   1.7300000000000013       0.45206698454884375     
   1.7400000000000013       0.45636348334592025     
   1.7500000000000013       0.46066092960528687     
   1.7600000000000013       0.46495880250986732     
   1.7700000000000014       0.46925657614384353     
   1.7800000000000014       0.47355371959393761     
   1.7900000000000014       0.47784969705847136     
   1.8000000000000014       0.48214396796453668     
   1.8100000000000014       0.48643598709331337     
   1.8200000000000014       0.49072520471380038     
   1.8300000000000014       0.49501106672502043     
   1.8400000000000014       0.49929301480691568     
   1.8500000000000014       0.50357048657999715     
   1.8600000000000014       0.50784291577396257     
   1.8700000000000014       0.51210973240529367     
   1.8800000000000014       0.51637036296400152     
   1.8900000000000015       0.52062423060961394     
   1.9000000000000015       0.52487075537642580     
   1.9100000000000015       0.52910935438813156     
   1.9200000000000015       0.53333944208184247     
   1.9300000000000015       0.53756043044157353     
   1.9400000000000015       0.54177172924116934     
   1.9500000000000015       0.54597274629664228     
   1.9600000000000015       0.55016288772802879     
   1.9700000000000015       0.55434155823054354     
   1.9800000000000015       0.55850816135512749     
   1.9900000000000015       0.56266209979823689     
   2.0000000000000013       0.56680277570076087     
   2.0100000000000011       0.57092959095599438     
   2.0200000000000009       0.57504194752648397     
   2.0300000000000007       0.57913924776959058     
   2.0400000000000005       0.58322089477158345     
   2.0500000000000003       0.58728629269001309     
   2.0600000000000001       0.59133484710418893     
   2.0699999999999998       0.59536596537343256     
   2.0799999999999996       0.59937905700283745     
   2.0899999999999994       0.60337353401622706     
   2.0999999999999992       0.60734881133596208     
   2.1099999999999990       0.61130430716922191     
   2.1199999999999988       0.61523944340035186     
   2.1299999999999986       0.61915364598891909     
   2.1399999999999983       0.62304634537294512     
   2.1499999999999981       0.62691697687689685     
   2.1599999999999979       0.63076498112393609     
   2.1699999999999977       0.63458980445189062     
   2.1799999999999975       0.63839089933242932     
   2.1899999999999973       0.64216772479282558     
   2.1999999999999971       0.64591974683979947     
   2.2099999999999969       0.64964643888471540     
   2.2199999999999966       0.65334728216967197     
   2.2299999999999964       0.65702176619362551     
   2.2399999999999962       0.66066938913807527     
   2.2499999999999960       0.66428965829150555     
   2.2599999999999958       0.66788209047195368     
   2.2699999999999956       0.67144621244691804     
   2.2799999999999954       0.67498156135001841     
   2.2899999999999952       0.67848768509350843     
   2.2999999999999949       0.68196414277605988     
   2.3099999999999947       0.68541050508495849     
   2.3199999999999945       0.68882635469204656     
   2.3299999999999943       0.69221128664258846     
   2.3399999999999941       0.69556490873640298     
   2.3499999999999939       0.69888684190043326     
   2.3599999999999937       0.70217672055205194     
   2.3699999999999934       0.70543419295238263     
   2.3799999999999932       0.70865892154891519     
   2.3899999999999930       0.71185058330664486     
   2.3999999999999928       0.71500887002715685     
   2.4099999999999926       0.71813348865484383     
   2.4199999999999924       0.72122416156976332     
   2.4299999999999922       0.72428062686628880     
   2.4399999999999920       0.72730263861717082     
   2.4499999999999917       0.73028996712222549     
   2.4599999999999915       0.73324239914125933     
   2.4699999999999913       0.73615973811054625     
   2.4799999999999911       0.73904180434252098     
   2.4899999999999909       0.74188843520807990     
   2.4999999999999907       0.74469948530118912     
   2.5099999999999905       0.74747482658532005     
   2.5199999999999902       0.75021434852142888     
   2.5299999999999900       0.75291795817716867     
   2.5399999999999898       0.75558558031697154     
   2.5499999999999896       0.75821715747294305     
   2.5599999999999894       0.76081264999623932     
   2.5699999999999892       0.76337203608889881     
   2.5799999999999890       0.76589531181595161     
   2.5899999999999888       0.76838249109780610     
   2.5999999999999885       0.77083360568293546     
   2.6099999999999883       0.77324870510082822     
   2.6199999999999881       0.77562785659541844     
   2.6299999999999879       0.77797114503893650     
   2.6399999999999877       0.78027867282660290     
   2.6499999999999875       0.78255055975216559     
   2.6599999999999873       0.78478694286466644     
   2.6699999999999871       0.78698797630675399     
   2.6799999999999868       0.78915383113472926     
   2.6899999999999866       0.79128469512099653     
   2.6999999999999864       0.79338077253900341     
   2.7099999999999862       0.79544228393140337     
   2.7199999999999860       0.79746946586179890     
   2.7299999999999858       0.79946257065058346     
   2.7399999999999856       0.80142186609549426     
   2.7499999999999853       0.80334763517746122     
   2.7599999999999851       0.80524017575226903     
   2.7699999999999849       0.80709980022879813     
   2.7799999999999847       0.80892683523436526     
   2.7899999999999845       0.81072162126797209     
   2.7999999999999843       0.81248451234198937     
   2.8099999999999841       0.81421587561323960     
   2.8199999999999839       0.81591609100380980     
   2.8299999999999836       0.81758555081279505     
   2.8399999999999834       0.81922465931928468     
   2.8499999999999832       0.82083383237754182     
   2.8599999999999830       0.82241349700521182     
   2.8699999999999828       0.82396409096500089     
   2.8799999999999826       0.82548606234089583     
   2.8899999999999824       0.82697986910948540     
   2.8999999999999821       0.82844597870713110     
   2.9099999999999819       0.82988486759370783     
   2.9199999999999817       0.83129702081381440     
   2.9299999999999815       0.83268293155584860     
   2.9399999999999813       0.83404310070988774     
   2.9499999999999811       0.83537803642496467     
   2.9599999999999809       0.83668825366636035     
   2.9699999999999807       0.83797427377370559     
   2.9799999999999804       0.83923662402036481     
   2.9899999999999802       0.84047583717471874     
   2.9999999999999800       0.84169245106412072     
   3.0099999999999798       0.84288700814174500     
   3.0199999999999796       0.84406005505731885     
   3.0299999999999794       0.84521214223181063     
   3.0399999999999792       0.84634382343684245     
   3.0499999999999790       0.84745565537927536     
   3.0599999999999787       0.84854819729127862     
   3.0699999999999785       0.84962201052637842     
   3.0799999999999783       0.85067765816197738     
   3.0899999999999781       0.85171570460851442     
   3.0999999999999779       0.85273671522569150     
   3.1099999999999777       0.85374125594624672     
   3.1199999999999775       0.85472989290722434     
   3.1299999999999772       0.85570319208934842     
   3.1399999999999770       0.85666171896446419     
   3.1499999999999768       0.85760603815148417     
   3.1599999999999766       0.85853671308088231     
   3.1699999999999764       0.85945430566790237     
   3.1799999999999762       0.86035937599482926     
   3.1899999999999760       0.86125248200205962     
   3.1999999999999758       0.86213417918847390     
   3.2099999999999755       0.86300502032098525     
   3.2199999999999753       0.86386555515327856     
   3.2299999999999751       0.86471633015386440     
   3.2399999999999749       0.86555788824357238     
   3.2499999999999747       0.86639076854210673     
   3.2599999999999745       0.86721550612424980     
   3.2699999999999743       0.86803263178500500     
   3.2799999999999740       0.86884267181413466     
   3.2899999999999738       0.86964614777986704     
   3.2999999999999736       0.87044357632156111     
   3.3099999999999734       0.87123546895149984     
   3.3199999999999732       0.87202233186546207     
   3.3299999999999730       0.87280466576213933     
   3.3399999999999728       0.87358296567114946     
   3.3499999999999726       0.87435772078956886     
   3.3599999999999723       0.87512941432687730     
   3.3699999999999721       0.87589852335812390     
   3.3799999999999719       0.87666551868498521     
   3.3899999999999717       0.87743086470502651     
   3.3999999999999715       0.87819501928839794     
   3.4099999999999713       0.87895843366220239     
   3.4199999999999711       0.87972155230221316     
   3.4299999999999708       0.88048481283180891     
   3.4399999999999706       0.88124864592778884     
   3.4499999999999704       0.88201347523303941     
   3.4599999999999702       0.88277971727594140     
   3.4699999999999700       0.88354778139586376     
   3.4799999999999698       0.88431806967519777     
   3.4899999999999696       0.88509097687721772     
   3.4999999999999694       0.88586689038979261     
   3.5099999999999691       0.88664619017471191     
   3.5199999999999689       0.88742924872251683     
   3.5299999999999687       0.88821643101242731     
   3.5399999999999685       0.88900809447734785     
   3.5499999999999683       0.88980458897379378     
   3.5599999999999681       0.89060625675630989     
   3.5699999999999679       0.89141343245653359     
   3.5799999999999677       0.89222644306634080     
   3.5899999999999674       0.89304560792529042     
   3.5999999999999672       0.89387123871179686     
   3.6099999999999670       0.89470363943812870     
   3.6199999999999668       0.89554310644903501     
   3.6299999999999666       0.89638992842362186     
   3.6399999999999664       0.89724438638058479     
   3.6499999999999662       0.89810675368647697     
   3.6599999999999659       0.89897729606687904     
   3.6699999999999657       0.89985627162031867     
   3.6799999999999655       0.90074393083485171     
   3.6899999999999653       0.90164051660707401     
   3.6999999999999651       0.90254626426349360     
   3.7099999999999649       0.90346140158406718     
   3.7199999999999647       0.90438614882779911     
   3.7299999999999645       0.90532071876036224     
   3.7399999999999642       0.90626531668340204     
   3.7499999999999640       0.90722014046561827     
   3.7599999999999638       0.90818538057547216     
   3.7699999999999636       0.90916122011525380     
   3.7799999999999634       0.91014783485666351     
   3.7899999999999632       0.91114539327755284     
   3.7999999999999630       0.91215405659990334     
   3.8099999999999627       0.91317397882892160     
   3.8199999999999625       0.91420530679306278     
   3.8299999999999623       0.91524818018505449     
   3.8399999999999621       0.91630273160367604     
   3.8499999999999619       0.91736908659643790     
   3.8599999999999617       0.91844736370286684     
   3.8699999999999615       0.91953767449843637     
   3.8799999999999613       0.92064012363911096     
   3.8899999999999610       0.92175480890636341     
   3.8999999999999608       0.92288182125277840     
   3.9099999999999606       0.92402124484787806     
   3.9199999999999604       0.92517315712446879     
   3.9299999999999602       0.92633762882530502     
   3.9399999999999600       0.92751472404997037     
   3.9499999999999598       0.92870450030206542     
   3.9599999999999596       0.92990700853668196     
   3.9699999999999593       0.93112229320787709     
   3.9799999999999591       0.93235039231659111     
   3.9899999999999589       0.93359133745846834     
   3.9999999999999587       0.93484515387199063     
   4.0099999999999589       0.93611186048661132     
   4.0199999999999587       0.93739146997101397     
   4.0299999999999585       0.93868398878156145     
   4.0399999999999583       0.93998941721066864     
   4.0499999999999581       0.94130774943542894     
   4.0599999999999579       0.94263897356615101     
   4.0699999999999577       0.94398307169514284     
   4.0799999999999574       0.94534001994548866     
   4.0899999999999572       0.94670978851991305     
   4.0999999999999570       0.94809234174976431     
   4.1099999999999568       0.94948763814417314     
   4.1199999999999566       0.95089563043919767     
   4.1299999999999564       0.95231626564725891     
   4.1399999999999562       0.95374948510663571     
   4.1499999999999559       0.95519522453113415     
   4.1599999999999557       0.95665341406005322     
   4.1699999999999555       0.95812397830820673     
   4.1799999999999553       0.95960683641639410     
   4.1899999999999551       0.96110190210192625     
   4.1999999999999549       0.96260908370962961     
   4.2099999999999547       0.96412828426310604     
   4.2199999999999545       0.96565940151628837     
   4.2299999999999542       0.96720232800551986     
   4.2399999999999540       0.96875695110197380     
   4.2499999999999538       0.97032315306457184     
   4.2599999999999536       0.97190081109333049     
   4.2699999999999534       0.97348979738334396     
   4.2799999999999532       0.97508997917928986     
   4.2899999999999530       0.97670121883052297     
   4.2999999999999527       0.97832337384687784     
   4.3099999999999525       0.97995629695510900     
   4.3199999999999523       0.98159983615613344     
   4.3299999999999521       0.98325383478296591     
   4.3399999999999519       0.98491813155956209     
   4.3499999999999517       0.98659256066045919     
   4.3599999999999515       0.98827695177136521     
   4.3699999999999513       0.98997113015069638     
   4.3799999999999510       0.99167491669205843     
   4.3899999999999508       0.99338812798788001     
   4.3999999999999506       0.99511057639400247     
   4.4099999999999504       0.99684207009549652     
   4.4199999999999502       0.99858241317358243     
   4.4299999999999500        1.0003314056738537     
   4.4399999999999498        1.0020888436756363     
   4.4499999999999496        1.0038545193627721     
   4.4599999999999493        1.0056282210957033     
   4.4699999999999491        1.0074097334848948     
   4.4799999999999489        1.0091988374657852     
   4.4899999999999487        1.0109953103750906     
   4.4999999999999485        1.0127989260287253     
   4.5099999999999483        1.0146094548011853     
   4.5199999999999481        1.0164266637065622     
   4.5299999999999478        1.0182503164811623     
   4.5399999999999476        1.0200801736677267     
   4.5499999999999474        1.0219159927014394     
   4.5599999999999472        1.0237575279975364     
   4.5699999999999470        1.0256045310407305     
   4.5799999999999468        1.0274567504763563     
   4.5899999999999466        1.0293139322033960     
   4.5999999999999464        1.0311758194691425     
   4.6099999999999461        1.0330421529659366     
   4.6199999999999459        1.0349126709295389     
   4.6299999999999457        1.0367871092395256     
   4.6399999999999455        1.0386652015214657     
   4.6499999999999453        1.0405466792510494     
   4.6599999999999451        1.0424312718600894     
   4.6699999999999449        1.0443187068444268     
   4.6799999999999446        1.0462087098737538     
   4.6899999999999444        1.0481010049033133     
   4.6999999999999442        1.0499953142875238     
   4.7099999999999440        1.0518913588954502     
   4.7199999999999438        1.0537888582282056     
   4.7299999999999436        1.0556875305381661     
   4.7399999999999434        1.0575870929500364     
   4.7499999999999432        1.0594872615837343     
   4.7599999999999429        1.0613877516790671     
   4.7699999999999427        1.0632882777221531     
   4.7799999999999425        1.0651885535735870     
   4.7899999999999423        1.0670882925982401     
   4.7999999999999421        1.0689872077967779     
   4.8099999999999419        1.0708850119386675     
   4.8199999999999417        1.0727814176968420     
   4.8299999999999415        1.0746761377837266     
   4.8399999999999412        1.0765688850887918     
   4.8499999999999410        1.0784593728174126     
   4.8599999999999408        1.0803473146309976     
   4.8699999999999406        1.0822324247884114     
   4.8799999999999404        1.0841144182884610     
   4.8899999999999402        1.0859930110134710     
   4.8999999999999400        1.0878679198738381     
   4.9099999999999397        1.0897388629534606     
   4.9199999999999395        1.0916055596559413     
   4.9299999999999393        1.0934677308514982     
   4.9399999999999391        1.0953250990244832     
   4.9499999999999389        1.0971773884212976     
   4.9599999999999387        1.0990243251988088     
   4.9699999999999385        1.1008656375729069     
   4.9799999999999383        1.1027010559672497     
   4.9899999999999380        1.1045303131620516     
   4.9999999999999378        1.1063531444427297     
   5.0099999999999376        1.1081692877483305     
   5.0199999999999374        1.1099784838195932     
   5.0299999999999372        1.1117804763465444     
   5.0399999999999370        1.1135750121153940     
   5.0499999999999368        1.1153618411547721     
   5.0599999999999365        1.1171407168809417     
   5.0699999999999363        1.1189113962420489     
   5.0799999999999361        1.1206736398611263     
   5.0899999999999359        1.1224272121778003     
   5.0999999999999357        1.1241718815884536     
   5.1099999999999355        1.1259074205848121     
   5.1199999999999353        1.1276336058907495     
   5.1299999999999351        1.1293502185970841     
   5.1399999999999348        1.1310570442943877     
   5.1499999999999346        1.1327538732035298     
   5.1599999999999344        1.1344405003038489     
   5.1699999999999342        1.1361167254587841     
   5.1799999999999340        1.1377823535388267     
   5.1899999999999338        1.1394371945417312     
   5.1999999999999336        1.1410810637096742     
   5.2099999999999334        1.1427137816433424     
   5.2199999999999331        1.1443351744128152     
   5.2299999999999329        1.1459450736650296     
   5.2399999999999327        1.1475433167277436     
   5.2499999999999325        1.1491297467098307     
   5.2599999999999323        1.1507042125978812     
   5.2699999999999321        1.1522665693487950     
   5.2799999999999319        1.1538166779784818     
   5.2899999999999316        1.1553544056463212     
   5.2999999999999314        1.1568796257354923     
   5.3099999999999312        1.1583922179288395     
   5.3199999999999310        1.1598920682803320     
   5.3299999999999308        1.1613790692821149     
   5.3399999999999306        1.1628531199266667     
   5.3499999999999304        1.1643141257644665     
   5.3599999999999302        1.1657619989567405     
   5.3699999999999299        1.1671966583234525     
   5.3799999999999297        1.1686180293861932     
   5.3899999999999295        1.1700260444062631     
   5.3999999999999293        1.1714206424175719     
   5.4099999999999291        1.1728017692545132     
   5.4199999999999289        1.1741693775747486     
   5.4299999999999287        1.1755234268767549     
   5.4399999999999284        1.1768638835121754     
   5.4499999999999282        1.1781907206931035     
   5.4599999999999280        1.1795039184940015     
   5.4699999999999278        1.1808034638485549     
   5.4799999999999276        1.1820893505411452     
   5.4899999999999274        1.1833615791933172     
   5.4999999999999272        1.1846201572449333     
   5.5099999999999270        1.1858650989302097     
   5.5199999999999267        1.1870964252487914     
   5.5299999999999265        1.1883141639313968     
   5.5399999999999263        1.1895183494008843     
   5.5499999999999261        1.1907090227279447     
   5.5599999999999259        1.1918862315822194     
   5.5699999999999257        1.1930500301783868     
   5.5799999999999255        1.1942004792173933     
   5.5899999999999253        1.1953376458233913     
   5.5999999999999250        1.1964616034755529     
   5.6099999999999248        1.1975724319358159     
   5.6199999999999246        1.1986702171720378     
   5.6299999999999244        1.1997550512767841     
   5.6399999999999242        1.2008270323821431     
   5.6499999999999240        1.2018862645701900     
   5.6599999999999238        1.2029328577797205     
   5.6699999999999235        1.2039669277090621     
   5.6799999999999233        1.2049885957150579     
   5.6899999999999231        1.2059979887087864     
   5.6999999999999229        1.2069952390474057     
   5.7099999999999227        1.2079804844231239     
   5.7199999999999225        1.2089538677486931     
   5.7299999999999223        1.2099155370400536     
   5.7399999999999221        1.2108656452959183     
   5.7499999999999218        1.2118043503749711     
   5.7599999999999216        1.2127318148700674     
   5.7699999999999214        1.2136482059802891     
   5.7799999999999212        1.2145536953806775     
   5.7899999999999210        1.2154484590896946     
   5.7999999999999208        1.2163326773349847     
   5.8099999999999206        1.2172065344170153     
   5.8199999999999203        1.2180702185712380     
   5.8299999999999201        1.2189239218288024     
   5.8399999999999199        1.2197678398756486     
   5.8499999999999197        1.2206021719106674     
   5.8599999999999195        1.2214271205027327     
   5.8699999999999193        1.2222428914465548     
   5.8799999999999191        1.2230496936183826     
   5.8899999999999189        1.2238477388302889     
   5.8999999999999186        1.2246372416848268     
   5.9099999999999184        1.2254184194286364     
   5.9199999999999182        1.2261914918063148     
   5.9299999999999180        1.2269566809140224     
   5.9399999999999178        1.2277142110533295     
   5.9499999999999176        1.2284643085849987     
   5.9599999999999174        1.2292072017835056     
   5.9699999999999172        1.2299431206915870     
   5.9799999999999169        1.2306722969757098     
   5.9899999999999167        1.2313949637820349     
   5.9999999999999165        1.2321113555932601     
   6.0099999999999163        1.2328217080864661     
   6.0199999999999161        1.2335262579916821     
   6.0299999999999159        1.2342252429521234     
   6.0399999999999157        1.2349189013850328     
   6.0499999999999154        1.2356074723442176     
   6.0599999999999152        1.2362911953840436     
   6.0699999999999150        1.2369703104245531     
   6.0799999999999148        1.2376450576185498     
   6.0899999999999146        1.2383156772200872     
   6.0999999999999144        1.2389824094548658     
   6.1099999999999142        1.2396454943920909     
   6.1199999999999140        1.2403051718186913     
   6.1299999999999137        1.2409616811149469     
   6.1399999999999135        1.2416152611324471     
   6.1499999999999133        1.2422661500738208     
   6.1599999999999131        1.2429145853748287     
   6.1699999999999129        1.2435608035881944     
   6.1799999999999127        1.2442050402700242     
   6.1899999999999125        1.2448475298679629     
   6.1999999999999122        1.2454885056120351     
   6.2099999999999120        1.2461281994073794     
   6.2199999999999118        1.2467668417294855     
   6.2299999999999116        1.2474046615216414     
   6.2399999999999114        1.2480418860946856     
   6.2499999999999112        1.2486787410292648     
   6.2599999999999110        1.2493154500802071     
   6.2699999999999108        1.2499522350833883     
   6.2799999999999105        1.2505893158651389     
   6.2899999999999103        1.2512269101535904     
   6.2999999999999101        1.2518652334928115     
   6.3099999999999099        1.2525044991592189     
   6.3199999999999097        1.2531449180801686     
   6.3299999999999095        1.2537866987551587     
   6.3399999999999093        1.2544300471792356     
   6.3499999999999091        1.2550751667688427     
   6.3599999999999088        1.2557222582899479     
   6.3699999999999086        1.2563715197884662     
   6.3799999999999084        1.2570231465230204     
   6.3899999999999082        1.2576773309001206     
   6.3999999999999080        1.2583342624112814     
   6.4099999999999078        1.2589941275727514     
   6.4199999999999076        1.2596571098671672     
   6.4299999999999073        1.2603233896876651     
   6.4399999999999071        1.2609931442838538     
   6.4499999999999069        1.2616665477103077     
   6.4599999999999067        1.2623437707768494     
   6.4699999999999065        1.2630249810011560     
   6.4799999999999063        1.2637103425631773     
   6.4899999999999061        1.2644000162619775     
   6.4999999999999059        1.2650941594741369     
   6.5099999999999056        1.2657929261143752     
   6.5199999999999054        1.2664964665982030     
   6.5299999999999052        1.2672049278061932     
   6.5399999999999050        1.2679184530503738     
   6.5499999999999048        1.2686371820423079     
   6.5599999999999046        1.2693612508632319     
   6.5699999999999044        1.2700907919355586     
   6.5799999999999041        1.2708259339966541     
   6.5899999999999039        1.2715668020738198     
   6.5999999999999037        1.2723135174612950     
   6.6099999999999035        1.2730661976988680     
   6.6199999999999033        1.2738249565519220     
   6.6299999999999031        1.2745899039933966     
   6.6399999999999029        1.2753611461869003     
   6.6499999999999027        1.2761387854717816     
   6.6599999999999024        1.2769229203493255     
   6.6699999999999022        1.2777136454706761     
   6.6799999999999020        1.2785110516261733     
   6.6899999999999018        1.2793152257358322     
   6.6999999999999016        1.2801262508417492     
   6.7099999999999014        1.2809442061011769     
   6.7199999999999012        1.2817691667815352     
   6.7299999999999010        1.2826012042564954     
   6.7399999999999007        1.2834403860031642     
   6.7499999999999005        1.2842867756008480     
   6.7599999999999003        1.2851404327308771     
   6.7699999999999001        1.2860014131776256     
   6.7799999999998999        1.2868697688308532     
   6.7899999999998997        1.2877455476890030     
   6.7999999999998995        1.2886287938639089     
   6.8099999999998992        1.2895195475863748     
   6.8199999999998990        1.2904178452131245     
   6.8299999999998988        1.2913237192345377     
   6.8399999999998986        1.2922371982837852     
   6.8499999999998984        1.2931583071468298     
   6.8599999999998982        1.2940870667733784     
   6.8699999999998980        1.2950234942892622     
   6.8799999999998978        1.2959676030093188     
   6.8899999999998975        1.2969194024516983     
   6.8999999999998973        1.2978788983528640     
   6.9099999999998971        1.2988460926838177     
   6.9199999999998969        1.2998209836671342     
   6.9299999999998967        1.3008035657949832     
   6.9399999999998965        1.3017938298482059     
   6.9499999999998963        1.3027917629161594     
   6.9599999999998960        1.3037973484176513     
   6.9699999999998958        1.3048105661227924     
   6.9799999999998956        1.3058313921756157     
   6.9899999999998954        1.3068597991178847     
   6.9999999999998952        1.3078957559135829     
   7.0099999999998950        1.3089392279743901     
   7.0199999999998948        1.3099901771861360     
   7.0299999999998946        1.3110485619361099     
   7.0399999999998943        1.3121143371412034     
   7.0499999999998941        1.3131874542771089     
   7.0599999999998939        1.3142678614082850     
   7.0699999999998937        1.3153555032189335     
   7.0799999999998935        1.3164503210447840     
   7.0899999999998933        1.3175522529058081     
   7.0999999999998931        1.3186612335399754     
   7.1099999999998929        1.3197771944376322     
   7.1199999999998926        1.3209000638770994     
   7.1299999999998924        1.3220297669608996     
   7.1399999999998922        1.3231662256532313     
   7.1499999999998920        1.3243093588178829     
   7.1599999999998918        1.3254590822576140     
   7.1699999999998916        1.3266153087540227     
   7.1799999999998914        1.3277779481085779     
   7.1899999999998911        1.3289469071843831     
   7.1999999999998909        1.3301220899491608     
   7.2099999999998907        1.3313033975188469     
   7.2199999999998905        1.3324907282023466     
   7.2299999999998903        1.3336839775471485     
   7.2399999999998901        1.3348830383858155     
   7.2499999999998899        1.3360878008835788     
   7.2599999999998897        1.3372981525867513     
   7.2699999999998894        1.3385139784721107     
   7.2799999999998892        1.3397351609972934     
   7.2899999999998890        1.3409615801519963     
   7.2999999999998888        1.3421931135103808     
   7.3099999999998886        1.3434296362841538     
   7.3199999999998884        1.3446710213768285     
   7.3299999999998882        1.3459171394387657     
   7.3399999999998879        1.3471678589232750     
   7.3499999999998877        1.3484230461436675     
   7.3599999999998875        1.3496825653312010     
   7.3699999999998873        1.3509462786940052     
   7.3799999999998871        1.3522140464769057     
   7.3899999999998869        1.3534857270223328     
   7.3999999999998867        1.3547611768319687     
   7.4099999999998865        1.3560402506294236     
   7.4199999999998862        1.3573228014238545     
   7.4299999999998860        1.3586086805744835     
   7.4399999999998858        1.3598977378559411     
   7.4499999999998856        1.3611898215245979     
   7.4599999999998854        1.3624847783858050     
   7.4699999999998852        1.3637824538618659     
   7.4799999999998850        1.3650826920610251     
   7.4899999999998847        1.3663853358471723     
   7.4999999999998845        1.3676902269105138     
   7.5099999999998843        1.3689972058389102     
   7.5199999999998841        1.3703061121901357     
   7.5299999999998839        1.3716167845648386     
   7.5399999999998837        1.3729290606802751     
   7.5499999999998835        1.3742427774448005     
   7.5599999999998833        1.3755577710330620     
   7.5699999999998830        1.3768738769618487     
   7.5799999999998828        1.3781909301666846     
   7.5899999999998826        1.3795087650789415     
   7.5999999999998824        1.3808272157036716     
   7.6099999999998822        1.3821461156979469     
   7.6199999999998820        1.3834652984498019     
   7.6299999999998818        1.3847845971575994     
   7.6399999999998816        1.3861038449099978     
   7.6499999999998813        1.3874228747662694     
   7.6599999999998811        1.3887415198370534     
   7.6699999999998809        1.3900596133655183     
   7.6799999999998807        1.3913769888087970     
   7.6899999999998805        1.3926934799197519     
   7.6999999999998803        1.3940089208289825     
   7.7099999999998801        1.3953231461270341     
   7.7199999999998798        1.3966359909467490     
   7.7299999999998796        1.3979472910457595     
   7.7399999999998794        1.3992568828890666     
   7.7499999999998792        1.4005646037315704     
   7.7599999999998790        1.4018702917006396     
   7.7699999999998788        1.4031737858785713     
   7.7799999999998786        1.4044749263849143     
   7.7899999999998784        1.4057735544586227     
   7.7999999999998781        1.4070695125399528     
   7.8099999999998779        1.4083626443520851     
   7.8199999999998777        1.4096527949824038     
   7.8299999999998775        1.4109398109633404     
   7.8399999999998773        1.4122235403527834     
   7.8499999999998771        1.4135038328139695     
   7.8599999999998769        1.4147805396947866     
   7.8699999999998766        1.4160535141064379     
   7.8799999999998764        1.4173226110014250     
   7.8899999999998762        1.4185876872507763     
   7.8999999999998760        1.4198486017204470     
   7.9099999999998758        1.4211052153468609     
   7.9199999999998756        1.4223573912115146     
   7.9299999999998754        1.4236049946145695     
   7.9399999999998752        1.4248478931474098     
   7.9499999999998749        1.4260859567641102     
   7.9599999999998747        1.4273190578516421     
   7.9699999999998745        1.4285470712989479     
   7.9799999999998743        1.4297698745646721     
   7.9899999999998741        1.4309873477435302     
   7.9999999999998739        1.4321993736313035     
   8.0099999999998737        1.4334058377883248     
   8.0199999999998735        1.4346066286014800     
   8.0299999999998732        1.4358016373446192     
   8.0399999999998730        1.4369907582373149     
   8.0499999999998728        1.4381738885019566     
   8.0599999999998726        1.4393509284190942     
   8.0699999999998724        1.4405217813809867     
   8.0799999999998722        1.4416863539432936     
   8.0899999999998720        1.4428445558749761     
   8.0999999999998717        1.4439963002060796     
   8.1099999999998715        1.4451415032736932     
   8.1199999999998713        1.4462800847658526     
   8.1299999999998711        1.4474119677632904     
   8.1399999999998709        1.4485370787791740     
   8.1499999999998707        1.4496553477966678     
   8.1599999999998705        1.4507667083042786     
   8.1699999999998703        1.4518710973290243     
   8.1799999999998700        1.4529684554673821     
   8.1899999999998698        1.4540587269138798     
   8.1999999999998696        1.4551418594873895     
   8.2099999999998694        1.4562178046552241     
   8.2199999999998692        1.4572865175546812     
   8.2299999999998690        1.4583479570123201     
   8.2399999999998688        1.4594020855609107     
   8.2499999999998685        1.4604488694538236     
   8.2599999999998683        1.4614882786770726     
   8.2699999999998681        1.4625202869589728     
   8.2799999999998679        1.4635448717772739     
   8.2899999999998677        1.4645620143638773     
   8.2999999999998675        1.4655716997071597     
   8.3099999999998673        1.4665739165517520     
   8.3199999999998671        1.4675686573959146     
   8.3299999999998668        1.4685559184865196     
   8.3399999999998666        1.4695356998115512     
   8.3499999999998664        1.4705080050900801     
   8.3599999999998662        1.4714728417600755     
   8.3699999999998660        1.4724302209635962     
   8.3799999999998658        1.4733801575296688     
   8.3899999999998656        1.4743226699548466     
   8.3999999999998654        1.4752577803814204     
   8.4099999999998651        1.4761855145732750     
   8.4199999999998649        1.4771059018894643     
   8.4299999999998647        1.4780189752555997     
   8.4399999999998645        1.4789247711329436     
   8.4499999999998643        1.4798233294853600     
   8.4599999999998641        1.4807146937440920     
   8.4699999999998639        1.4815989107703642     
   8.4799999999998636        1.4824760308161105     
   8.4899999999998634        1.4833461074823755     
   8.4999999999998632        1.4842091976760046     
   8.5099999999998630        1.4850653615642182     
   8.5199999999998628        1.4859146625273600     
   8.5299999999998626        1.4867571671097910     
   8.5399999999998624        1.4875929449689620     
   8.5499999999998622        1.4884220688228165     
   8.5599999999998619        1.4892446143954001     
   8.5699999999998617        1.4900606603609339     
   8.5799999999998615        1.4908702882862475     
   8.5899999999998613        1.4916735825717424     
   8.5999999999998611        1.4924706303907953     
   8.6099999999998609        1.4932615216278802     
   8.6199999999998607        1.4940463488153413     
   8.6299999999998604        1.4948252070686574     
   8.6399999999998602        1.4955981940208549     
   8.6499999999998600        1.4963654097554711     
   8.6599999999998598        1.4971269567384762     
   8.6699999999998596        1.4978829397492894     
   8.6799999999998594        1.4986334658106322     
   8.6899999999998592        1.4993786441176185     
   8.6999999999998590        1.5001185859659900     
   8.7099999999998587        1.5008534046793289     
   8.7199999999998585        1.5015832155360094     
   8.7299999999998583        1.5023081356949843     
   8.7399999999998581        1.5030282841213225     
   8.7499999999998579        1.5037437815111030     
   8.7599999999998577        1.5044547502157641     
   8.7699999999998575        1.5051613141661357     
   8.7799999999998573        1.5058635987961109     
   8.7899999999998570        1.5065617309659167     
   8.7999999999998568        1.5072558388853614     
   8.8099999999998566        1.5079460520366146     
   8.8199999999998564        1.5086325010972077     
   8.8299999999998562        1.5093153178626186     
   8.8399999999998560        1.5099946351691544     
   8.8499999999998558        1.5106705868167427     
   8.8599999999998555        1.5113433074917200     
   8.8699999999998553        1.5120129326900316     
   8.8799999999998551        1.5126795986404376     
   8.8899999999998549        1.5133434422279850     
   8.8999999999998547        1.5140046009179458     
   8.9099999999998545        1.5146632126798469     
   8.9199999999998543        1.5153194159121501     
   8.9299999999998541        1.5159733493671923     
   8.9399999999998538        1.5166251520767768     
   8.9499999999998536        1.5172749632781208     
   8.9599999999998534        1.5179229223404433     
   8.9699999999998532        1.5185691686922733     
   8.9799999999998530        1.5192138417492087     
   8.9899999999998528        1.5198570808425012     
   8.9999999999998526        1.5204990251482995     
   9.0099999999998523        1.5211398136176613     
   9.0199999999998521        1.5217795849073210     
   9.0299999999998519        1.5224184773114560     
   9.0399999999998517        1.5230566286938696     
   9.0499999999998515        1.5236941764215837     
   9.0599999999998513        1.5243312572989618     
   9.0699999999998511        1.5249680075028866     
   9.0799999999998509        1.5256045625188643     
   9.0899999999998506        1.5262410570780924     
   9.0999999999998504        1.5268776250956480     
   9.1099999999998502        1.5275143996094296     
   9.1199999999998500        1.5281515127204586     
   9.1299999999998498        1.5287890955338759     
   9.1399999999998496        1.5294272781013578     
   9.1499999999998494        1.5300661893643335     
   9.1599999999998492        1.5307059570984918     
   9.1699999999998489        1.5313467078592720     
   9.1799999999998487        1.5319885669284943     
   9.1899999999998485        1.5326316582622854     
   9.1999999999998483        1.5332761044398171     
   9.2099999999998481        1.5339220266134854     
   9.2199999999998479        1.5345695444601752     
   9.2299999999998477        1.5352187761335663     
   9.2399999999998474        1.5358698382177214     
   9.2499999999998472        1.5365228456819049     
   9.2599999999998470        1.5371779118362341     
   9.2699999999998468        1.5378351482891370     
   9.2799999999998466        1.5384946649052267     
   9.2899999999998464        1.5391565697650573     
   9.2999999999998462        1.5398209691255176     
   9.3099999999998460        1.5404879673816994     
   9.3199999999998457        1.5411576670299241     
   9.3299999999998455        1.5418301686318201     
   9.3399999999998453        1.5425055707796878     
   9.3499999999998451        1.5431839700629992     
   9.3599999999998449        1.5438654610359626     
   9.3699999999998447        1.5445501361864982     
   9.3799999999998445        1.5452380859061279     
   9.3899999999998442        1.5459293984610543     
   9.3999999999998440        1.5466241599646227     
   9.4099999999998438        1.5473224543504898     
   9.4199999999998436        1.5480243633474733     
   9.4299999999998434        1.5487299664549155     
   9.4399999999998432        1.5494393409198011     
   9.4499999999998430        1.5501525617144603     
   9.4599999999998428        1.5508697015156931     
   9.4699999999998425        1.5515908306848833     
   9.4799999999998423        1.5523160172492065     
   9.4899999999998421        1.5530453268839481     
   9.4999999999998419        1.5537788228959133     
   9.5099999999998417        1.5545165662077609     
   9.5199999999998415        1.5552586153436629     
   9.5299999999998413        1.5560050264157854     
   9.5399999999998411        1.5567558531118386     
   9.5499999999998408        1.5575111466838503     
   9.5599999999998406        1.5582709559376464     
   9.5699999999998404        1.5590353272236914     
   9.5799999999998402        1.5598043044286742     
   9.5899999999998400        1.5605779289682029     
   9.5999999999998398        1.5613562397805028     
   9.6099999999998396        1.5621392733210668     
   9.6199999999998393        1.5629270635582901     
   9.6299999999998391        1.5637196419700325     
   9.6399999999998389        1.5645170375412303     
   9.6499999999998387        1.5653192767623634     
   9.6599999999998385        1.5661263836288957     
   9.6699999999998383        1.5669383796416605     
   9.6799999999998381        1.5677552838081736     
   9.6899999999998379        1.5685771126449277     
   9.6999999999998376        1.5694038801803700     
   9.7099999999998374        1.5702355979590854     
   9.7199999999998372        1.5710722750466311     
   9.7299999999998370        1.5719139180354973     
   9.7399999999998368        1.5727605310515889     
   9.7499999999998366        1.5736121157621303     
   9.7599999999998364        1.5744686713838010     
   9.7699999999998361        1.5753301946922271     
   9.7799999999998359        1.5761966800321268     
   9.7899999999998357        1.5770681193283294     
   9.7999999999998355        1.5779445020976031     
   9.8099999999998353        1.5788258154614279     
   9.8199999999998351        1.5797120441594539     
   9.8299999999998349        1.5806031705639827     
   9.8399999999998347        1.5814991746949796     
   9.8499999999998344        1.5824000342362652     
   9.8599999999998342        1.5833057245521514     
   9.8699999999998340        1.5842162187051994     
   9.8799999999998338        1.5851314874745264     
   9.8899999999998336        1.5860514993751103     
   9.8999999999998334        1.5869762206777061     
   9.9099999999998332        1.5879056154296523     
   9.9199999999998330        1.5888396454765308     
   9.9299999999998327        1.5897782704842818     
   9.9399999999998325        1.5907214479625880     
   9.9499999999998323        1.5916691332884985     
   9.9599999999998321        1.5926212797312378     
   9.9699999999998319        1.5935778384774706     
   9.9799999999998317        1.5945387586575297     
   9.9899999999998315        1.5955039873722303     
   9.9999999999998312        1.5964734697205305     
