   0.0000000000000000       -0.0000000000000000     
   1.0000000000000000E-002   1.9510705954797540E-005
   2.0000000000000000E-002   7.7932394489294230E-005
   2.9999999999999999E-002   1.7509429521059115E-004
   4.0000000000000001E-002   3.1081887774259001E-004
   5.0000000000000003E-002   4.8492194594281114E-004
   6.0000000000000005E-002   6.9721273231448423E-004
   7.0000000000000007E-002   9.4749399280033542E-004
   8.0000000000000002E-002   1.2355621016785885E-003
   8.9999999999999997E-002   1.5612071466935883E-003
   9.9999999999999992E-002   1.9242130244955702E-003
  0.10999999999999999        2.3243575360263977E-003
  0.11999999999999998        2.7614124826616081E-003
  0.12999999999999998        3.2351437618322234E-003
  0.13999999999999999        3.7453114634006112E-003
  0.14999999999999999        4.2916699661091047E-003
  0.16000000000000000        4.8739680341519168E-003
  0.17000000000000001        5.4919489140102988E-003
  0.18000000000000002        6.1453504316612475E-003
  0.19000000000000003        6.8339050898620669E-003
  0.20000000000000004        7.5573401657612754E-003
  0.21000000000000005        8.3153778088349405E-003
  0.22000000000000006        9.1077351391614832E-003
  0.23000000000000007        9.9341243457224306E-003
  0.24000000000000007        1.0794252785466831E-002
  0.25000000000000006        1.1687823082484965E-002
  0.26000000000000006        1.2614533227358978E-002
  0.27000000000000007        1.3574076677463340E-002
  0.28000000000000008        1.4566142457151871E-002
  0.29000000000000009        1.5590415258660303E-002
  0.30000000000000010        1.6646575543377569E-002
  0.31000000000000011        1.7734299643695127E-002
  0.32000000000000012        1.8853259865264340E-002
  0.33000000000000013        2.0003124589940982E-002
  0.34000000000000014        2.1183558379101679E-002
  0.35000000000000014        2.2394222077786602E-002
  0.36000000000000015        2.3634772919226634E-002
  0.37000000000000016        2.4904864630264034E-002
  0.38000000000000017        2.6204147537107685E-002
  0.39000000000000018        2.7532268672192290E-002
  0.40000000000000019        2.8888871881393826E-002
  0.41000000000000020        3.0273597932233262E-002
  0.42000000000000021        3.1686084622617537E-002
  0.43000000000000022        3.3125966890622145E-002
  0.44000000000000022        3.4592876924806962E-002
  0.45000000000000023        3.6086444275625421E-002
  0.46000000000000024        3.7606295967314102E-002
  0.47000000000000025        3.9152056611063406E-002
  0.48000000000000026        4.0723348518729940E-002
  0.49000000000000027        4.2319791817488690E-002
  0.50000000000000022        4.3941004565504441E-002
  0.51000000000000023        4.5586602868442377E-002
  0.52000000000000024        4.7256200996613963E-002
  0.53000000000000025        4.8949411503579975E-002
  0.54000000000000026        5.0665845345149389E-002
  0.55000000000000027        5.2405111999457056E-002
  0.56000000000000028        5.4166819588136079E-002
  0.57000000000000028        5.5950574998051721E-002
  0.58000000000000029        5.7755984004075139E-002
  0.59000000000000030        5.9582651392977450E-002
  0.60000000000000031        6.1430181087586903E-002
  0.61000000000000032        6.3298176272529552E-002
  0.62000000000000033        6.5186239520045056E-002
  0.63000000000000034        6.7093972917289690E-002
  0.64000000000000035        6.9020978193892857E-002
  0.65000000000000036        7.0966856850483706E-002
  0.66000000000000036        7.2931210287896453E-002
  0.67000000000000037        7.4913639937068149E-002
  0.68000000000000038        7.6913747389454293E-002
  0.69000000000000039        7.8931134528211086E-002
  0.70000000000000040        8.0965403659584823E-002
  0.71000000000000041        8.3016157645322539E-002
  0.72000000000000042        8.5083000034891526E-002
  0.73000000000000043        8.7165535198530181E-002
  0.74000000000000044        8.9263368460446454E-002
  0.75000000000000044        9.1376106232116783E-002
  0.76000000000000045        9.3503356146157970E-002
  0.77000000000000046        9.5644727189787893E-002
  0.78000000000000047        9.7799829838795066E-002
  0.79000000000000048        9.9968276191075997E-002
  0.80000000000000049       0.10214968010029873     
  0.81000000000000050       0.10434365730930434     
  0.82000000000000051       0.10654982558303400     
  0.83000000000000052       0.10876780484130581     
  0.84000000000000052       0.11099721729100222     
  0.85000000000000053       0.11323768755756672     
  0.86000000000000054       0.11548884281607355     
  0.87000000000000055       0.11775031292121467     
  0.88000000000000056       0.12002173053669964     
  0.89000000000000057       0.12230273126347350     
  0.90000000000000058       0.12459295376689115     
  0.91000000000000059       0.12689203990272174     
  0.92000000000000060       0.12919963484184704     
  0.93000000000000060       0.13151538719352263     
  0.94000000000000061       0.13383894912699890     
  0.95000000000000062       0.13616997649171386     
  0.96000000000000063       0.13850812893559286     
  0.97000000000000064       0.14085307002144173     
  0.98000000000000065       0.14320446734144615     
  0.99000000000000066       0.14556199262957242     
   1.0000000000000007       0.14792532187163135     
   1.0100000000000007       0.15029413541316206     
   1.0200000000000007       0.15266811806472183     
   1.0300000000000007       0.15504695920484265     
   1.0400000000000007       0.15743035288012749     
   1.0500000000000007       0.15981799790253720     
   1.0600000000000007       0.16220959794414133     
   1.0700000000000007       0.16460486162845617     
   1.0800000000000007       0.16700350261893993     
   1.0900000000000007       0.16940523970426921     
   1.1000000000000008       0.17180979688031511     
   1.1100000000000008       0.17421690342871196     
   1.1200000000000008       0.17662629399198673     
   1.1300000000000008       0.17903770864513444     
   1.1400000000000008       0.18145089296350511     
   1.1500000000000008       0.18386559808696537     
   1.1600000000000008       0.18628158078040427     
   1.1700000000000008       0.18869860349007878     
   1.1800000000000008       0.19111643439629214     
   1.1900000000000008       0.19353484746187608     
   1.2000000000000008       0.19595362247675543     
   1.2100000000000009       0.19837254509815308     
   1.2200000000000009       0.20079140688698660     
   1.2300000000000009       0.20321000533965733     
   1.2400000000000009       0.20562814391584358     
   1.2500000000000009       0.20804563206190849     
   1.2600000000000009       0.21046228523002425     
   1.2700000000000009       0.21287792489291213     
   1.2800000000000009       0.21529237855419717     
   1.2900000000000009       0.21770547975457452     
   1.3000000000000009       0.22011706807335532     
   1.3100000000000009       0.22252698912580257     
   1.3200000000000010       0.22493509455598981     
   1.3300000000000010       0.22734124202552949     
   1.3400000000000010       0.22974529519756071     
   1.3500000000000010       0.23214712371681367     
   1.3600000000000010       0.23454660318518891     
   1.3700000000000010       0.23694361513318257     
   1.3800000000000010       0.23933804698688749     
   1.3900000000000010       0.24172979203118883     
   1.4000000000000010       0.24411874936848535     
   1.4100000000000010       0.24650482387360773     
   1.4200000000000010       0.24888792614458619     
   1.4300000000000010       0.25126797244957588     
   1.4400000000000011       0.25364488466997931     
   1.4500000000000011       0.25601859023952939     
   1.4600000000000011       0.25838902208004366     
   1.4700000000000011       0.26075611853330427     
   1.4800000000000011       0.26311982328951045     
   1.4900000000000011       0.26548008531227857     
   1.5000000000000011       0.26783685876038998     
   1.5100000000000011       0.27019010290621842     
   1.5200000000000011       0.27253978205108792     
   1.5300000000000011       0.27488586543758875     
   1.5400000000000011       0.27722832715914858     
   1.5500000000000012       0.27956714606657096     
   1.5600000000000012       0.28190230567212810     
   1.5700000000000012       0.28423379405099836     
   1.5800000000000012       0.28656160374043577     
   1.5900000000000012       0.28888573163637249     
   1.6000000000000012       0.29120617888816108     
   1.6100000000000012       0.29352295079116669     
   1.6200000000000012       0.29583605667737822     
   1.6300000000000012       0.29814550980436588     
   1.6400000000000012       0.30045132724250456     
   1.6500000000000012       0.30275352976087333     
   1.6600000000000013       0.30505214171149486     
   1.6700000000000013       0.30734719091263762     
   1.6800000000000013       0.30963870853082659     
   1.6900000000000013       0.31192672896195611     
   1.7000000000000013       0.31421128971154016     
   1.7100000000000013       0.31649243127435517     
   1.7200000000000013       0.31877019701334047     
   1.7300000000000013       0.32104463303828851     
   1.7400000000000013       0.32331578808406725     
   1.7500000000000013       0.32558371338864894     
   1.7600000000000013       0.32784846257132388     
   1.7700000000000014       0.33011009151068044     
   1.7800000000000014       0.33236865822303518     
   1.7900000000000014       0.33462422274110554     
   1.8000000000000014       0.33687684699306086     
   1.8100000000000014       0.33912659468234169     
   1.8200000000000014       0.34137353116788061     
   1.8300000000000014       0.34361772334541502     
   1.8400000000000014       0.34585923952952669     
   1.8500000000000014       0.34809814933670635     
   1.8600000000000014       0.35033452356965722     
   1.8700000000000014       0.35256843410273075     
   1.8800000000000014       0.35479995376871953     
   1.8900000000000015       0.35702915624704507     
   1.9000000000000015       0.35925611595356466     
   1.9100000000000015       0.36148090793187093     
   1.9200000000000015       0.36370360774632371     
   1.9300000000000015       0.36592429137697124     
   1.9400000000000015       0.36814303511612329     
   1.9500000000000015       0.37035991546714481     
   1.9600000000000015       0.37257500904493007     
   1.9700000000000015       0.37478839247884926     
   1.9800000000000015       0.37700014231747897     
   1.9900000000000015       0.37921033493578454     
   2.0000000000000013       0.38141904644461461     
   2.0100000000000011       0.38362635260225009     
   2.0200000000000009       0.38583232872871870     
   2.0300000000000007       0.38803704962226521     
   2.0400000000000005       0.39024058947843915     
   2.0500000000000003       0.39244302181167107     
   2.0600000000000001       0.39464441937951122     
   2.0699999999999998       0.39684485410927678     
   2.0799999999999996       0.39904439702760897     
   2.0899999999999994       0.40124311819242325     
   2.0999999999999992       0.40344108662779893     
   2.1099999999999990       0.40563837026144489     
   2.1199999999999988       0.40783503586494801     
   2.1299999999999986       0.41003114899676529     
   2.1399999999999983       0.41222677394801660     
   2.1499999999999981       0.41442197369105543     
   2.1599999999999979       0.41661680983079408     
   2.1699999999999977       0.41881134255882796     
   2.1799999999999975       0.42100563061042340     
   2.1899999999999973       0.42319973122417964     
   2.1999999999999971       0.42539370010462563     
   2.2099999999999969       0.42758759138738256     
   2.2199999999999966       0.42978145760740660     
   2.2299999999999964       0.43197534966963974     
   2.2399999999999962       0.43416931682267895     
   2.2499999999999960       0.43636340663506074     
   2.2599999999999958       0.43855766497419080     
   2.2699999999999956       0.44075213598804619     
   2.2799999999999954       0.44294686208954004     
   2.2899999999999952       0.44514188394334975     
   2.2999999999999949       0.44733724045558831     
   2.3099999999999947       0.44953296876580928     
   2.3199999999999945       0.45172910424171669     
   2.3299999999999943       0.45392568047618009     
   2.3399999999999941       0.45612272928686626     
   2.3499999999999939       0.45832028071818887     
   2.3599999999999937       0.46051836304565913     
   2.3699999999999934       0.46271700278251116     
   2.3799999999999932       0.46491622468868482     
   2.3899999999999930       0.46711605178186943     
   2.3999999999999928       0.46931650535091851     
   2.4099999999999926       0.47151760497127448     
   2.4199999999999924       0.47371936852242086     
   2.4299999999999922       0.47592181220744117     
   2.4399999999999920       0.47812495057450821     
   2.4499999999999917       0.48032879654015920     
   2.4599999999999915       0.48253336141460274     
   2.4699999999999913       0.48473865492857915     
   2.4799999999999911       0.48694468526215851     
   2.4899999999999909       0.48915145907495688     
   2.4999999999999907       0.49135898153814955     
   2.5099999999999905       0.49356725636782312     
   2.5199999999999902       0.49577628585991601     
   2.5299999999999900       0.49798607092646113     
   2.5399999999999898       0.50019661113318203     
   2.5499999999999896       0.50240790473832686     
   2.5599999999999894       0.50461994873267613     
   2.5699999999999892       0.50683273888066172     
   2.5799999999999890       0.50904626976254630     
   2.5899999999999888       0.51126053481752609     
   2.5999999999999885       0.51347552638778238     
   2.6099999999999883       0.51569123576326525     
   2.6199999999999881       0.51790765322740551     
   2.6299999999999879       0.52012476810326336     
   2.6399999999999877       0.52234256880053220     
   2.6499999999999875       0.52456104286286043     
   2.6599999999999873       0.52678017701584512     
   2.6699999999999871       0.52899995721525106     
   2.6799999999999868       0.53122036869558786     
   2.6899999999999866       0.53344139601904172     
   2.6999999999999864       0.53566302312444125     
   2.7099999999999862       0.53788523337643279     
   2.7199999999999860       0.54010800961465122     
   2.7299999999999858       0.54233133420284374     
   2.7399999999999856       0.54455518907797307     
   2.7499999999999853       0.54677955579902260     
   2.7599999999999851       0.54900441559573010     
   2.7699999999999849       0.55122974941686687     
   2.7799999999999847       0.55345553797823910     
   2.7899999999999845       0.55568176181024531     
   2.7999999999999843       0.55790840130496766     
   2.8099999999999841       0.56013543676259658     
   2.8199999999999839       0.56236284843739182     
   2.8299999999999836       0.56459061658288123     
   2.8399999999999834       0.56681872149632895     
   2.8499999999999832       0.56904714356245156     
   2.8599999999999830       0.57127586329624991     
   2.8699999999999828       0.57350486138500112     
   2.8799999999999826       0.57573411872923197     
   2.8899999999999824       0.57796361648275352     
   2.8999999999999821       0.58019333609163959     
   2.9099999999999819       0.58242325933206629     
   2.9199999999999817       0.58465336834706971     
   2.9299999999999815       0.58688364568214557     
   2.9399999999999813       0.58911407431952789     
   2.9499999999999811       0.59134463771129686     
   2.9599999999999809       0.59357531981121014     
   2.9699999999999807       0.59580610510508714     
   2.9799999999999804       0.59803697863999439     
   2.9899999999999802       0.60026792605189006     
   2.9999999999999800       0.60249893359195028     
   3.0099999999999798       0.60472998815142265     
   3.0199999999999796       0.60696107728499404     
   3.0299999999999794       0.60919218923266316     
   3.0399999999999792       0.61142331294017838     
   3.0499999999999790       0.61365443807784459     
   3.0599999999999787       0.61588555505787157     
   3.0699999999999785       0.61811665505014735     
   3.0799999999999783       0.62034772999643728     
   3.0899999999999781       0.62257877262301864     
   3.0999999999999779       0.62480977645179891     
   3.1099999999999777       0.62704073580972941     
   3.1199999999999775       0.62927164583679607     
   3.1299999999999772       0.63150250249232343     
   3.1399999999999770       0.63373330255977600     
   3.1499999999999768       0.63596404364992576     
   3.1599999999999766       0.63819472420253831     
   3.1699999999999764       0.64042534348648383     
   3.1799999999999762       0.64265590159827934     
   3.1899999999999760       0.64488639945918258     
   3.1999999999999758       0.64711683881071280     
   3.2099999999999755       0.64934722220875596     
   3.2199999999999753       0.65157755301615927     
   3.2299999999999751       0.65380783539392096     
   3.2399999999999749       0.65603807429093486     
   3.2499999999999747       0.65826827543237854     
   3.2599999999999745       0.66049844530673885     
   3.2699999999999743       0.66272859115146265     
   3.2799999999999740       0.66495872093741271     
   3.2899999999999738       0.66718884335193540     
   3.2999999999999736       0.66941896778080667     
   3.3099999999999734       0.67164910428892499     
   3.3199999999999732       0.67387926359986217     
   3.3299999999999730       0.67610945707433623     
   3.3399999999999728       0.67833969668756533     
   3.3499999999999726       0.68056999500558857     
   3.3599999999999723       0.68280036516064591     
   3.3699999999999721       0.68503082082558586     
   3.3799999999999719       0.68726137618734640     
   3.3899999999999717       0.68949204591962643     
   3.3999999999999715       0.69172284515472893     
   3.4099999999999713       0.69395378945465214     
   3.4199999999999711       0.69618489478145662     
   3.4299999999999708       0.69841617746699558     
   3.4399999999999706       0.70064765418201103     
   3.4499999999999704       0.70287934190465373     
   3.4599999999999702       0.70511125788854667     
   3.4699999999999700       0.70734341963034475     
   3.4799999999999698       0.70957584483686387     
   3.4899999999999696       0.71180855139191834     
   3.4999999999999694       0.71404155732279628     
   3.5099999999999691       0.71627488076649237     
   3.5199999999999689       0.71850853993573427     
   3.5299999999999687       0.72074255308488877     
   3.5399999999999685       0.72297693847571187     
   3.5499999999999683       0.72521171434307397     
   3.5599999999999681       0.72744689886070124     
   3.5699999999999679       0.72968251010693952     
   3.5799999999999677       0.73191856603063654     
   3.5899999999999674       0.73415508441714727     
   3.5999999999999672       0.73639208285457491     
   3.6099999999999670       0.73862957870024015     
   3.6199999999999668       0.74086758904741878     
   3.6299999999999666       0.74310613069246945     
   3.6399999999999664       0.74534522010231641     
   3.6499999999999662       0.74758487338236890     
   3.6599999999999659       0.74982510624492338     
   3.6699999999999657       0.75206593397807597     
   3.6799999999999655       0.75430737141522630     
   3.6899999999999653       0.75654943290513943     
   3.6999999999999651       0.75879213228270270     
   3.7099999999999649       0.76103548284034417     
   3.7199999999999647       0.76327949730015543     
   3.7299999999999645       0.76552418778682119     
   3.7399999999999642       0.76776956580131761     
   3.7499999999999640       0.77001564219543073     
   3.7599999999999638       0.77226242714719606     
   3.7699999999999636       0.77450993013715042     
   3.7799999999999634       0.77675815992559827     
   3.7899999999999632       0.77900712453078846     
   3.7999999999999630       0.78125683120811029     
   3.8099999999999627       0.78350728643024614     
   3.8199999999999625       0.78575849586846902     
   3.8299999999999623       0.78801046437488531     
   3.8399999999999621       0.79026319596585670     
   3.8499999999999619       0.79251669380649870     
   3.8599999999999617       0.79477096019629379     
   3.8699999999999615       0.79702599655588924     
   3.8799999999999613       0.79928180341504396     
   3.8899999999999610       0.80153838040171999     
   3.8999999999999608       0.80379572623246809     
   3.9099999999999606       0.80605383870388492     
   3.9199999999999604       0.80831271468542287     
   3.9299999999999602       0.81057235011333573     
   3.9399999999999600       0.81283273998591299     
   3.9499999999999598       0.81509387835992542     
   3.9599999999999596       0.81735575834834207     
   3.9699999999999593       0.81961837211931055     
   3.9799999999999591       0.82188171089633033     
   3.9899999999999589       0.82414576495977887     
   3.9999999999999587       0.82641052364959910     
   4.0099999999999589       0.82867597536929971     
   4.0199999999999587       0.83094210759117726     
   4.0299999999999585       0.83320890686277538     
   4.0399999999999583       0.83547635881462623     
   4.0499999999999581       0.83774444816915228     
   4.0599999999999579       0.84001315875083482     
   4.0699999999999577       0.84228247349758245     
   4.0799999999999574       0.84455237447326303     
   4.0899999999999572       0.84682284288147713     
   4.0999999999999570       0.84909385908042323     
   4.1099999999999568       0.85136540259900140     
   4.1199999999999566       0.85363745215391784     
   4.1299999999999564       0.85590998566806309     
   4.1399999999999562       0.85818298028984397     
   4.1499999999999559       0.86045641241365289     
   4.1599999999999557       0.86273025770138512     
   4.1699999999999555       0.86500449110493305     
   4.1799999999999553       0.86727908688972799     
   4.1899999999999551       0.86955401865921733     
   4.1999999999999549       0.87182925938029132     
   4.2099999999999547       0.87410478140962966     
   4.2199999999999545       0.87638055652092239     
   4.2299999999999542       0.87865655593295267     
   4.2399999999999540       0.88093275033846696     
   4.2499999999999538       0.88320910993385238     
   4.2599999999999536       0.88548560444961244     
   4.2699999999999534       0.88776220318144383     
   4.2799999999999532       0.89003887502208789     
   4.2899999999999530       0.89231558849381609     
   4.2999999999999527       0.89459231178146836     
   4.3099999999999525       0.89686901276609532     
   4.3199999999999523       0.89914565905913657     
   4.3299999999999521       0.90142221803705191     
   4.3399999999999519       0.90369865687643225     
   4.3499999999999517       0.90597494258949307     
   4.3599999999999515       0.90825104205992291     
   4.3699999999999513       0.91052692207908748     
   4.3799999999999510       0.91280254938250993     
   4.3899999999999508       0.91507789068652101     
   4.3999999999999506       0.91735291272515118     
   4.4099999999999504       0.91962758228721087     
   4.4199999999999502       0.92190186625340198     
   4.4299999999999500       0.92417573163349065     
   4.4399999999999498       0.92644914560352876     
   4.4499999999999496       0.92872207554306574     
   4.4599999999999493       0.93099448907218019     
   4.4699999999999491       0.93326635408853809     
   4.4799999999999489       0.93553763880413598     
   4.4899999999999487       0.93780831178196200     
   4.4999999999999485       0.94007834197228946     
   4.5099999999999483       0.94234769874879343     
   4.5199999999999481       0.94461635194416416     
   4.5299999999999478       0.94688427188551016     
   4.5399999999999476       0.94915142942921416     
   4.5499999999999474       0.95141779599531995     
   4.5599999999999472       0.95368334360145712     
   4.5699999999999470       0.95594804489614860     
   4.5799999999999468       0.95821187319161627     
   4.5899999999999466       0.96047480249578732     
   4.5999999999999464       0.96273680754374558     
   4.6099999999999461       0.96499786382847741     
   4.6199999999999459       0.96725794763070572     
   4.6299999999999457       0.96951703604812300     
   4.6399999999999455       0.97177510702365599     
   4.6499999999999453       0.97403213937290767     
   4.6599999999999451       0.97628811281067363     
   4.6699999999999449       0.97854300797659532     
   4.6799999999999446       0.98079680645971556     
   4.6899999999999444       0.98304949082218773     
   4.6999999999999442       0.98530104462177526     
   4.7099999999999440       0.98755145243346265     
   4.7199999999999438       0.98980069986986874     
   4.7299999999999436       0.99204877360057864     
   4.7399999999999434       0.99429566137032421     
   4.7499999999999432       0.99654135201606386     
   4.7599999999999429       0.99878583548276234     
   4.7699999999999427        1.0010291028380585     
   4.7799999999999425        1.0032711462856803     
   4.7899999999999423        1.0055119591775836     
   4.7999999999999421        1.0077515360248883     
   4.8099999999999419        1.0099898725075125     
   4.8199999999999417        1.0122269654825113     
   4.8299999999999415        1.0144628129910995     
   4.8399999999999412        1.0166974142644365     
   4.8499999999999410        1.0189307697280254     
   4.8599999999999408        1.0211628810048243     
   4.8699999999999406        1.0233937509169950     
   4.8799999999999404        1.0256233834863639     
   4.8899999999999402        1.0278517839335262     
   4.8999999999999400        1.0300789586756345     
   4.9099999999999397        1.0323049153228243     
   4.9199999999999395        1.0345296626733280     
   4.9299999999999393        1.0367532107072976     
   4.9399999999999391        1.0389755705792629     
   4.9499999999999389        1.0411967546093353     
   4.9599999999999387        1.0434167762730397     
   4.9699999999999385        1.0456356501899362     
   4.9799999999999383        1.0478533921109581     
   4.9899999999999380        1.0500700189044356     
   4.9999999999999378        1.0522855485409328     
   5.0099999999999376        1.0545000000768827     
   5.0199999999999374        1.0567133936369333     
   5.0299999999999372        1.0589257503952274     
   5.0399999999999370        1.0611370925553663     
   5.0499999999999368        1.0633474433294161     
   5.0599999999999365        1.0655568269156805     
   5.0699999999999363        1.0677652684754182     
   5.0799999999999361        1.0699727941085133     
   5.0899999999999359        1.0721794308281343     
   5.0999999999999357        1.0743852065343242     
   5.1099999999999355        1.0765901499867327     
   5.1199999999999353        1.0787942907763108     
   5.1299999999999351        1.0809976592961521     
   5.1399999999999348        1.0832002867114714     
   5.1499999999999346        1.0854022049287617     
   5.1599999999999344        1.0876034465640736     
   5.1699999999999342        1.0898040449106563     
   5.1799999999999340        1.0920040339057826     
   5.1899999999999338        1.0942034480969778     
   5.1999999999999336        1.0964023226075066     
   5.2099999999999334        1.0986006931013081     
   5.2199999999999331        1.1007985957474302     
   5.2299999999999329        1.1029960671837733     
   5.2399999999999327        1.1051931444805896     
   5.2499999999999325        1.1073898651033156     
   5.2599999999999323        1.1095862668751701     
   5.2699999999999321        1.1117823879393010     
   5.2799999999999319        1.1139782667206604     
   5.2899999999999316        1.1161739418876830     
   5.2999999999999314        1.1183694523135714     
   5.3099999999999312        1.1205648370375823     
   5.3199999999999310        1.1227601352260195     
   5.3299999999999308        1.1249553861332784     
   5.3399999999999306        1.1271506290627187     
   5.3499999999999304        1.1293459033275994     
   5.3599999999999302        1.1315412482120162     
   5.3699999999999299        1.1337367029319125     
   5.3799999999999297        1.1359323065962768     
   5.3899999999999295        1.1381280981684003     
   5.3999999999999293        1.1403241164273841     
   5.4099999999999291        1.1425203999299214     
   5.4199999999999289        1.1447169869723286     
   5.4299999999999287        1.1469139155528898     
   5.4399999999999284        1.1491112233346241     
   5.4499999999999282        1.1513089476083531     
   5.4599999999999280        1.1535071252563349     
   5.4699999999999278        1.1557057927162899     
   5.4799999999999276        1.1579049859459851     
   5.4899999999999274        1.1601047403883458     
   5.4999999999999272        1.1623050909371540     
   5.5099999999999270        1.1645060719033933     
   5.5199999999999267        1.1667077169822926     
   5.5299999999999265        1.1689100592208932     
   5.5399999999999263        1.1711131309865406     
   5.5499999999999261        1.1733169639360153     
   5.5599999999999259        1.1755215889854549     
   5.5699999999999257        1.1777270362811378     
   5.5799999999999255        1.1799333351709984     
   5.5899999999999253        1.1821405141771621     
   5.5999999999999250        1.1843486009692903     
   5.6099999999999248        1.1865576223387453     
   5.6199999999999246        1.1887676041739073     
   5.6299999999999244        1.1909785714363486     
   5.6399999999999242        1.1931905481378737     
   5.6499999999999240        1.1954035573187973     
   5.6599999999999238        1.1976176210271188     
   5.6699999999999235        1.1998327602986978     
   5.6799999999999233        1.2020489951386226     
   5.6899999999999231        1.2042663445035284     
   5.6999999999999229        1.2064848262850889     
   5.7099999999999227        1.2087044572945966     
   5.7199999999999225        1.2109252532486257     
   5.7299999999999223        1.2131472287558469     
   5.7399999999999221        1.2153703973050500     
   5.7499999999999218        1.2175947712541588     
   5.7599999999999216        1.2198203618205372     
   5.7699999999999214        1.2220471790724194     
   5.7799999999999212        1.2242752319214707     
   5.7899999999999210        1.2265045281166049     
   5.7999999999999208        1.2287350742388239     
   5.8099999999999206        1.2309668756974295     
   5.8199999999999203        1.2331999367272415     
   5.8299999999999201        1.2354342603871085     
   5.8399999999999199        1.2376698485595268     
   5.8499999999999197        1.2399067019513794     
   5.8599999999999195        1.2421448200960745     
   5.8699999999999193        1.2443842013565272     
   5.8799999999999191        1.2466248429294744     
   5.8899999999999189        1.2488667408510072     
   5.8999999999999186        1.2511098900030420     
   5.9099999999999184        1.2533542841210923     
   5.9199999999999182        1.2555999158030771     
   5.9299999999999180        1.2578467765192107     
   5.9399999999999178        1.2600948566231218     
   5.9499999999999176        1.2623441453638165     
   5.9599999999999174        1.2645946308990248     
   5.9699999999999172        1.2668463003092774     
   5.9799999999999169        1.2690991396132174     
   5.9899999999999167        1.2713531337838497     
   5.9999999999999165        1.2736082667658031     
   6.0099999999999163        1.2758645214935671     
   6.0199999999999161        1.2781218799106595     
   6.0299999999999159        1.2803803229898036     
   6.0399999999999157        1.2826398307539097     
   6.0499999999999154        1.2849003822979461     
   6.0599999999999152        1.2871619558119101     
   6.0699999999999150        1.2894245286042056     
   6.0799999999999148        1.2916880771262058     
   6.0899999999999146        1.2939525769974896     
   6.0999999999999144        1.2962180030317696     
   6.1099999999999142        1.2984843292635646     
   6.1199999999999140        1.3007515289756686     
   6.1299999999999137        1.3030195747272155     
   6.1399999999999135        1.3052884383823731     
   6.1499999999999133        1.3075580911396882     
   6.1599999999999131        1.3098285035620127     
   6.1699999999999129        1.3120996456069181     
   6.1799999999999127        1.3143714866577609     
   6.1899999999999125        1.3166439955550280     
   6.1999999999999122        1.3189171406283724     
   6.2099999999999120        1.3211908897288394     
   6.2199999999999118        1.3234652102616191     
   6.2299999999999116        1.3257400692191363     
   6.2399999999999114        1.3280154332143659     
   6.2499999999999112        1.3302912685145392     
   6.2599999999999110        1.3325675410750493     
   6.2699999999999108        1.3348442165734604     
   6.2799999999999105        1.3371212604439517     
   6.2899999999999103        1.3393986379115954     
   6.2999999999999101        1.3416763140269599     
   6.3099999999999099        1.3439542537006692     
   6.3199999999999097        1.3462324217380088     
   6.3299999999999095        1.3485107828735716     
   6.3399999999999093        1.3507893018057906     
   6.3499999999999091        1.3530679432314792     
   6.3599999999999088        1.3553466718801483     
   6.3699999999999086        1.3576254525482987     
   6.3799999999999084        1.3599042501334564     
   6.3899999999999082        1.3621830296679418     
   6.3999999999999080        1.3644617563525430     
   6.4099999999999078        1.3667403955897011     
   6.4199999999999076        1.3690189130165666     
   6.4299999999999073        1.3712972745375140     
   6.4399999999999071        1.3735754463564562     
   6.4499999999999069        1.3758533950085940     
   6.4599999999999067        1.3781310873916972     
   6.4699999999999065        1.3804084907970477     
   6.4799999999999063        1.3826855729397864     
   6.4899999999999061        1.3849623019885626     
   6.4999999999999059        1.3872386465949016     
   6.5099999999999056        1.3895145759216943     
   6.5199999999999054        1.3917900596712176     
   6.5299999999999052        1.3940650681124074     
   6.5399999999999050        1.3963395721074705     
   6.5499999999999048        1.3986135431377427     
   6.5599999999999046        1.4008869533288895     
   6.5699999999999044        1.4031597754752019     
   6.5799999999999041        1.4054319830632747     
   6.5899999999999039        1.4077035502946718     
   6.5999999999999037        1.4099744521079300     
   6.6099999999999035        1.4122446641995998     
   6.6199999999999033        1.4145141630444484     
   6.6299999999999031        1.4167829259147644     
   6.6399999999999029        1.4190509308987229     
   6.6499999999999027        1.4213181569178648     
   6.6599999999999024        1.4235845837435899     
   6.6699999999999022        1.4258501920127131     
   6.6799999999999020        1.4281149632420784     
   6.6899999999999018        1.4303788798420438     
   6.6999999999999016        1.4326419251292100     
   6.7099999999999014        1.4349040833379099     
   6.7199999999999012        1.4371653396307964     
   6.7299999999999010        1.4394256801084386     
   6.7399999999999007        1.4416850918178452     
   6.7499999999999005        1.4439435627598531     
   6.7599999999999003        1.4462010818957116     
   6.7699999999999001        1.4484576391524047     
   6.7799999999998999        1.4507132254270698     
   6.7899999999998997        1.4529678325903330     
   6.7999999999998995        1.4552214534885255     
   6.8099999999998992        1.4574740819450573     
   6.8199999999998990        1.4597257127605374     
   6.8299999999998988        1.4619763417119989     
   6.8399999999998986        1.4642259655510943     
   6.8499999999998984        1.4664745820012166     
   6.8599999999998982        1.4687221897536402     
   6.8699999999998980        1.4709687884626890     
   6.8799999999998978        1.4732143787398608     
   6.8899999999998975        1.4754589621470682     
   6.8999999999998973        1.4777025411888089     
   6.9099999999998971        1.4799451193034123     
   6.9199999999998969        1.4821867008534562     
   6.9299999999998967        1.4844272911151277     
   6.9399999999998965        1.4866668962667424     
   6.9499999999998963        1.4889055233763424     
   6.9599999999998960        1.4911431803885660     
   6.9699999999998958        1.4933798761104615     
   6.9799999999998956        1.4956156201966384     
   6.9899999999998954        1.4978504231335414     
   6.9999999999998952        1.5000842962229965     
   7.0099999999998950        1.5023172515649081     
   7.0199999999998948        1.5045493020393583     
   7.0299999999998946        1.5067804612878035     
   7.0399999999998943        1.5090107436938847     
   7.0499999999998941        1.5112401643632352     
   7.0599999999998939        1.5134687391029125     
   7.0699999999998937        1.5156964844001208     
   7.0799999999998935        1.5179234174003715     
   7.0899999999998933        1.5201495558850937     
   7.0999999999998931        1.5223749182487407     
   7.1099999999998929        1.5245995234754526     
   7.1199999999998926        1.5268233911151035     
   7.1299999999998924        1.5290465412591248     
   7.1399999999998922        1.5312689945157545     
   7.1499999999998920        1.5334907719850470     
   7.1599999999998918        1.5357118952334581     
   7.1699999999998916        1.5379323862681538     
   7.1799999999998914        1.5401522675110608     
   7.1899999999998911        1.5423715617726343     
   7.1999999999998909        1.5445902922254502     
   7.2099999999998907        1.5468084823776025     
   7.2199999999998905        1.5490261560458831     
   7.2299999999998903        1.5512433373290215     
   7.2399999999998901        1.5534600505805676     
   7.2499999999998899        1.5556763203820194     
   7.2599999999998897        1.5578921715156417     
   7.2699999999998894        1.5601076289375058     
   7.2799999999998892        1.5623227177504093     
   7.2899999999998890        1.5645374631769975     
   7.2999999999998888        1.5667518905328288     
   7.3099999999998886        1.5689660251997055     
   7.3199999999998884        1.5711798925990543     
   7.3299999999998882        1.5733935181655232     
   7.3399999999998879        1.5756069273208650     
   7.3499999999998877        1.5778201454478731     
   7.3599999999998875        1.5800331978647966     
   7.3699999999998873        1.5822461097998541     
   7.3799999999998871        1.5844589063662433     
   7.3899999999998869        1.5866716125373503     
   7.3999999999998867        1.5888842531223828     
   7.4099999999998865        1.5910968527424207     
   7.4199999999998862        1.5933094358068649     
   7.4299999999998860        1.5955220264902685     
   7.4399999999998858        1.5977346487097497     
   7.4499999999998856        1.5999473261027786     
   7.4599999999998854        1.6021600820055282     
   7.4699999999998852        1.6043729394316801     
   7.4799999999998850        1.6065859210519158     
   7.4899999999998847        1.6087990491738149     
   7.4999999999998845        1.6110123457224010     
   7.5099999999998843        1.6132258322213209     
   7.5199999999998841        1.6154395297745752     
   7.5299999999998839        1.6176534590489005     
   7.5399999999998837        1.6198676402568173     
   7.5499999999998835        1.6220820931402684     
   7.5599999999998833        1.6242968369550528     
   7.5699999999998830        1.6265118904557609     
   7.5799999999998828        1.6287272718816155     
   7.5899999999998826        1.6309429989428053     
   7.5999999999998824        1.6331590888076750     
   7.6099999999998822        1.6353755580905862     
   7.6199999999998820        1.6375924228405114     
   7.6299999999998818        1.6398096985303245     
   7.6399999999998816        1.6420274000469322     
   7.6499999999998813        1.6442455416820152     
   7.6599999999998811        1.6464641371236133     
   7.6699999999998809        1.6486831994484457     
   7.6799999999998807        1.6509027411149642     
   7.6899999999998805        1.6531227739571570     
   7.6999999999998803        1.6553433091791294     
   7.7099999999998801        1.6575643573504377     
   7.7199999999998798        1.6597859284021670     
   7.7299999999998796        1.6620080316237196     
   7.7399999999998794        1.6642306756604723     
   7.7499999999998792        1.6664538685120092     
   7.7599999999998790        1.6686776175312428     
   7.7699999999998788        1.6709019294241723     
   7.7799999999998786        1.6731268102504013     
   7.7899999999998784        1.6753522654244211     
   7.7999999999998781        1.6775782997174866     
   7.8099999999998779        1.6798049172603342     
   7.8199999999998777        1.6820321215465097     
   7.8299999999998775        1.6842599154363567     
   7.8399999999998773        1.6864883011618008     
   7.8499999999998771        1.6887172803316457     
   7.8599999999998769        1.6909468539376076     
   7.8699999999998766        1.6931770223609719     
   7.8799999999998764        1.6954077853798728     
   7.8899999999998762        1.6976391421771502     
   7.8999999999998760        1.6998710913488206     
   7.9099999999998758        1.7021036309131841     
   7.9199999999998756        1.7043367583203735     
   7.9299999999998754        1.7065704704625448     
   7.9399999999998752        1.7088047636845887     
   7.9499999999998749        1.7110396337953124     
   7.9599999999998747        1.7132750760791335     
   7.9699999999998745        1.7155110853082609     
   7.9799999999998743        1.7177476557553497     
   7.9899999999998741        1.7199847812065376     
   7.9999999999998739        1.7222224549749541     
   8.0099999999998737        1.7244606699145895     
   8.0199999999998735        1.7266994184346254     
   8.0299999999998732        1.7289386925139647     
   8.0399999999998730        1.7311784837162676     
   8.0499999999998728        1.7334187832052261     
   8.0599999999998726        1.7356595817600906     
   8.0699999999998724        1.7379008697915947     
   8.0799999999998722        1.7401426373580093     
   8.0899999999998720        1.7423848741814931     
   8.0999999999998717        1.7446275696646532     
   8.1099999999998715        1.7468707129072585     
   8.1199999999998713        1.7491142927231369     
   8.1299999999998711        1.7513582976572553     
   8.1399999999998709        1.7536027160028413     
   8.1499999999998707        1.7558475358186636     
   8.1599999999998705        1.7580927449463772     
   8.1699999999998703        1.7603383310279437     
   8.1799999999998700        1.7625842815230246     
   8.1899999999998698        1.7648305837264384     
   8.1999999999998696        1.7670772247856312     
   8.2099999999998694        1.7693241917180362     
   8.2199999999998692        1.7715714714284505     
   8.2299999999998690        1.7738190507263230     
   8.2399999999998688        1.7760669163429383     
   8.2499999999998685        1.7783150549484694     
   8.2599999999998683        1.7805634531689496     
   8.2699999999998681        1.7828120976030559     
   8.2799999999998679        1.7850609748386974     
   8.2899999999998677        1.7873100714694647     
   8.2999999999998675        1.7895593741108087     
   8.3099999999998673        1.7918088694160621     
   8.3199999999998671        1.7940585440921084     
   8.3299999999998668        1.7963083849149153     
   8.3399999999998666        1.7985583787446704     
   8.3499999999998664        1.8008085125406734     
   8.3599999999998662        1.8030587733759180     
   8.3699999999998660        1.8053091484513051     
   8.3799999999998658        1.8075596251095476     
   8.3899999999998656        1.8098101908486945     
   8.3999999999998654        1.8120608333352850     
   8.4099999999998651        1.8143115404171086     
   8.4199999999998649        1.8165623001355566     
   8.4299999999998647        1.8188131007376049     
   8.4399999999998645        1.8210639306872902     
   8.4499999999998643        1.8233147786768436     
   8.4599999999998641        1.8255656336373014     
   8.4699999999998639        1.8278164847486822     
   8.4799999999998636        1.8300673214497363     
   8.4899999999998634        1.8323181334471494     
   8.4999999999998632        1.8345689107243444     
   8.5099999999998630        1.8368196435497075     
   8.5199999999998628        1.8390703224844116     
   8.5299999999998626        1.8413209383896403     
   8.5399999999998624        1.8435714824334248     
   8.5499999999998622        1.8458219460968155     
   8.5599999999998619        1.8480723211797090     
   8.5699999999998617        1.8503225998060191     
   8.5799999999998615        1.8525727744284122     
   8.5899999999998613        1.8548228378324865     
   8.5999999999998611        1.8570727831404192     
   8.6099999999998609        1.8593226038141555     
   8.6199999999998607        1.8615722936579857     
   8.6299999999998604        1.8638218468206393     
   8.6399999999998602        1.8660712577969469     
   8.6499999999998600        1.8683205214288110     
   8.6599999999998598        1.8705696329058252     
   8.6699999999998596        1.8728185877652836     
   8.6799999999998594        1.8750673818917720     
   8.6899999999998592        1.8773160115161598     
   8.6999999999998590        1.8795644732141912     
   8.7099999999998587        1.8818127639045410     
   8.7199999999998585        1.8840608808463988     
   8.7299999999998583        1.8863088216365900     
   8.7399999999998581        1.8885565842062251     
   8.7499999999998579        1.8908041668169144     
   8.7599999999998577        1.8930515680564928     
   8.7699999999998575        1.8952987868343798     
   8.7799999999998573        1.8975458223764481     
   8.7899999999998570        1.8997926742194993     
   8.7999999999998568        1.9020393422053870     
   8.8099999999998566        1.9042858264746552     
   8.8199999999998564        1.9065321274598914     
   8.8299999999998562        1.9087782458786542     
   8.8399999999998560        1.9110241827260861     
   8.8499999999998558        1.9132699392671455     
   8.8599999999998555        1.9155155170285860     
   8.8699999999998553        1.9177609177905504     
   8.8799999999998551        1.9200061435779179     
   8.8899999999998549        1.9222511966513336     
   8.8999999999998547        1.9244960794980484     
   8.9099999999998545        1.9267407948223898     
   8.9199999999998543        1.9289853455361323     
   8.9299999999998541        1.9312297347485530     
   8.9399999999998538        1.9334739657563227     
   8.9499999999998536        1.9357180420332281     
   8.9599999999998534        1.9379619672196966     
   8.9699999999998532        1.9402057451121830     
   8.9799999999998530        1.9424493796524234     
   8.9899999999998528        1.9446928749165988     
   8.9999999999998526        1.9469362351043324     
   9.0099999999998523        1.9491794645276566     
   9.0199999999998521        1.9514225675999173     
   9.0299999999998519        1.9536655488245938     
   9.0399999999998517        1.9559084127841095     
   9.0499999999998515        1.9581511641286411     
   9.0599999999998513        1.9603938075648759     
   9.0699999999998511        1.9626363478448705     
   9.0799999999998509        1.9648787897548654     
   9.0899999999998506        1.9671211381042075     
   9.0999999999998504        1.9693633977142830     
   9.1099999999998502        1.9716055734076383     
   9.1199999999998500        1.9738476699970611     
   9.1299999999998498        1.9760896922748934     
   9.1399999999998496        1.9783316450024324     
   9.1499999999998494        1.9805735328994689     
   9.1599999999998492        1.9828153606340064     
   9.1699999999998489        1.9850571328121394     
   9.1799999999998487        1.9872988539681697     
   9.1899999999998485        1.9895405285548327     
   9.1999999999998483        1.9917821609338706     
   9.2099999999998481        1.9940237553667126     
   9.2199999999998479        1.9962653160054991     
   9.2299999999998477        1.9985068468843190     
   9.2399999999998474        2.0007483519106861     
   9.2499999999998472        2.0029898348573854     
   9.2599999999998470        2.0052312993545094     
   9.2699999999998468        2.0074727488818995     
   9.2799999999998466        2.0097141867618071     
   9.2899999999998464        2.0119556161519596     
   9.2999999999998462        2.0141970400388880     
   9.3099999999998460        2.0164384612316755     
   9.3199999999998457        2.0186798823559733     
   9.3299999999998455        2.0209213058484519     
   9.3399999999998453        2.0231627339515597     
   9.3499999999998451        2.0254041687086737     
   9.3599999999998449        2.0276456119596569     
   9.3699999999998447        2.0298870653367667     
   9.3799999999998445        2.0321285302609526     
   9.3899999999998442        2.0343700079385711     
   9.3999999999998440        2.0366114993584894     
   9.4099999999998438        2.0388530052895644     
   9.4199999999998436        2.0410945262785849     
   9.4299999999998434        2.0433360626485677     
   9.4399999999998432        2.0455776144974829     
   9.4499999999998430        2.0478191816973865     
   9.4599999999998428        2.0500607638939590     
   9.4699999999998425        2.0523023605064803     
   9.4799999999998423        2.0545439707281545     
   9.4899999999998421        2.0567855935269344     
   9.4999999999998419        2.0590272276466459     
   9.5099999999998417        2.0612688716086023     
   9.5199999999998415        2.0635105237135916     
   9.5299999999998413        2.0657521820442328     
   9.5399999999998411        2.0679938444677819     
   9.5499999999998408        2.0702355086392465     
   9.5599999999998406        2.0724771720050241     
   9.5699999999998404        2.0747188318067340     
   9.5799999999998402        2.0769604850855812     
   9.5899999999998400        2.0792021286869962     
   9.5999999999998398        2.0814437592656536     
   9.6099999999998396        2.0836853732908676     
   9.6199999999998393        2.0859269670522873     
   9.6299999999998391        2.0881685366659797     
   9.6399999999998389        2.0904100780807591     
   9.6499999999998387        2.0926515870849349     
   9.6599999999998385        2.0948930593132449     
   9.6699999999998383        2.0971344902542119     
   9.6799999999998381        2.0993758752576652     
   9.6899999999998379        2.1016172095425834     
   9.6999999999998376        2.1038584882052920     
   9.7099999999998374        2.1060997062277100     
   9.7199999999998372        2.1083408584859855     
   9.7299999999998370        2.1105819397593386     
   9.7399999999998368        2.1128229447390492     
   9.7499999999998366        2.1150638680377130     
   9.7599999999998364        2.1173047041986197     
   9.7699999999998361        2.1195454477053777     
   9.7799999999998359        2.1217860929915977     
   9.7899999999998357        2.1240266344508028     
   9.7999999999998355        2.1262670664464371     
   9.8099999999998353        2.1285073833219377     
   9.8199999999998351        2.1307475794110196     
   9.8299999999998349        2.1329876490478843     
   9.8399999999998347        2.1352275865776780     
   9.8499999999998344        2.1374673863668279     
   9.8599999999998342        2.1397070428135496     
   9.8699999999998340        2.1419465503582784     
   9.8799999999998338        2.1441859034941766     
   9.8899999999998336        2.1464250967775866     
   9.8999999999998334        2.1486641248385161     
   9.9099999999998332        2.1509029823909658     
   9.9199999999998330        2.1531416642433423     
   9.9299999999998327        2.1553801653087059     
   9.9399999999998325        2.1576184806149925     
   9.9499999999998323        2.1598566053150536     
   9.9599999999998321        2.1620945346966436     
   9.9699999999998319        2.1643322641922969     
   9.9799999999998317        2.1665697893889675     
   9.9899999999998315        2.1688071060375940     
   9.9999999999998312        2.1710442100624521     
