   0.0000000000000000       -0.0000000000000000     
   1.0000000000000000E-002   2.0545268459145079E-005
   2.0000000000000000E-002   8.2174563446281266E-005
   2.9999999999999999E-002   1.8487954617857431E-004
   4.0000000000000001E-002   3.2865377965295741E-004
   5.0000000000000003E-002   5.1349272788893624E-004
   6.0000000000000005E-002   7.3939375418098294E-004
   7.0000000000000007E-002   1.0063561206589686E-003
   8.0000000000000002E-002   1.3143809879597873E-003
   8.9999999999999997E-002   1.6634714142724099E-003
   9.9999999999999992E-002   2.0536323572366978E-003
  0.10999999999999999        2.4848706736018958E-003
  0.11999999999999998        2.9571951199791314E-003
  0.12999999999999998        3.4706163560285770E-003
  0.13999999999999999        4.0251469451538860E-003
  0.14999999999999999        4.6208013563680895E-003
  0.16000000000000000        5.2575959678774252E-003
  0.17000000000000001        5.9355490702235501E-003
  0.18000000000000002        6.6546808683292233E-003
  0.19000000000000003        7.4150134874925860E-003
  0.20000000000000004        8.2165709760936498E-003
  0.21000000000000005        9.0593793094215867E-003
  0.22000000000000006        9.9434663973331557E-003
  0.23000000000000007        1.0868862086872788E-002
  0.24000000000000007        1.1835598169796145E-002
  0.25000000000000006        1.2843708387712406E-002
  0.26000000000000006        1.3893228439790031E-002
  0.27000000000000007        1.4984195988249301E-002
  0.28000000000000008        1.6116650667438705E-002
  0.29000000000000009        1.7290634090012105E-002
  0.30000000000000010        1.8506189856614754E-002
  0.31000000000000011        1.9763363562307075E-002
  0.32000000000000012        2.1062202808946922E-002
  0.33000000000000013        2.2402757210858919E-002
  0.34000000000000014        2.3785078407594317E-002
  0.35000000000000014        2.5209220073370557E-002
  0.36000000000000015        2.6675237927126672E-002
  0.37000000000000016        2.8183189743755114E-002
  0.38000000000000017        2.9733135367061889E-002
  0.39000000000000018        3.1325136720254845E-002
  0.40000000000000019        3.2959257819413272E-002
  0.41000000000000020        3.4635564785812506E-002
  0.42000000000000021        3.6354125859466443E-002
  0.43000000000000022        3.8115011413741400E-002
  0.44000000000000022        3.9918293968140686E-002
  0.45000000000000023        4.1764048205138599E-002
  0.46000000000000024        4.3652350983558366E-002
  0.47000000000000025        4.5583281355239702E-002
  0.48000000000000026        4.7556920581992755E-002
  0.49000000000000027        4.9573352150823133E-002
  0.50000000000000022        5.1632661792125292E-002
  0.51000000000000023        5.3734937497660860E-002
  0.52000000000000024        5.5880269538696285E-002
  0.53000000000000025        5.8068750484311343E-002
  0.54000000000000026        6.0300475221116492E-002
  0.55000000000000027        6.2575540973357505E-002
  0.56000000000000028        6.4894047323324627E-002
  0.57000000000000028        6.7256096232229820E-002
  0.58000000000000029        6.9661792061804922E-002
  0.59000000000000030        7.2111241596156242E-002
  0.60000000000000031        7.4604554064972670E-002
  0.61000000000000032        7.7141841166838157E-002
  0.62000000000000033        7.9723217093132639E-002
  0.63000000000000034        8.2348798551946240E-002
  0.64000000000000035        8.5018704793864780E-002
  0.65000000000000036        8.7733057638046411E-002
  0.66000000000000036        9.0491981497713009E-002
  0.67000000000000037        9.3295603407986552E-002
  0.68000000000000038        9.6144053053299885E-002
  0.69000000000000039        9.9037462795893899E-002
  0.70000000000000040       0.10197596770494992     
  0.71000000000000041       0.10495970558650153     
  0.72000000000000042       0.10798881701322866     
  0.73000000000000043       0.11106344535677463     
  0.74000000000000044       0.11418373681901700     
  0.75000000000000044       0.11734984046447207     
  0.76000000000000045       0.12056190825457803     
  0.77000000000000046       0.12382009508161493     
  0.78000000000000047       0.12712455880309870     
  0.79000000000000048       0.13047546027837967     
  0.80000000000000049       0.13387296340490032     
  0.81000000000000050       0.13731723515550801     
  0.82000000000000051       0.14080844561692313     
  0.83000000000000052       0.14434676802889959     
  0.84000000000000052       0.14793237882450100     
  0.85000000000000053       0.15156545766994567     
  0.86000000000000054       0.15524618750775279     
  0.87000000000000055       0.15897475459832480     
  0.88000000000000056       0.16275134856446305     
  0.89000000000000057       0.16657616243519091     
  0.90000000000000058       0.17044939269211190     
  0.91000000000000059       0.17437123931511178     
  0.92000000000000060       0.17834190583051174     
  0.93000000000000060       0.18236159935957558     
  0.94000000000000061       0.18643053066754298     
  0.95000000000000062       0.19054891421530598     
  0.96000000000000063       0.19471696820984849     
  0.97000000000000064       0.19893491465863114     
  0.98000000000000065       0.20320297942197260     
  0.99000000000000066       0.20752139226910088     
   1.0000000000000007       0.21189038693404483     
   1.0100000000000007       0.21631020117284611     
   1.0200000000000007       0.22078107682269596     
   1.0300000000000007       0.22530325986127639     
   1.0400000000000007       0.22987700046752710     
   1.0500000000000007       0.23450255308455023     
   1.0600000000000007       0.23918017648259798     
   1.0700000000000007       0.24391013382407439     
   1.0800000000000007       0.24869269272978042     
   1.0900000000000007       0.25352812534629848     
   1.1000000000000008       0.25841670841395359     
   1.1100000000000008       0.26335872333873567     
   1.1200000000000008       0.26835445626194393     
   1.1300000000000008       0.27340419813455086     
   1.1400000000000008       0.27850824479014846     
   1.1500000000000008       0.28366689702232478     
   1.1600000000000008       0.28888046066075229     
   1.1700000000000008       0.29414924665034675     
   1.1800000000000008       0.29947357113102385     
   1.1900000000000008       0.30485375552039112     
   1.2000000000000008       0.31029012659588140     
   1.2100000000000009       0.31578301657966928     
   1.2200000000000009       0.32133276322613086     
   1.2300000000000009       0.32693970990809362     
   1.2400000000000009       0.33260420570725463     
   1.2500000000000009       0.33832660550491123     
   1.2600000000000009       0.34410727007408864     
   1.2700000000000009       0.34994656617477038     
   1.2800000000000009       0.35584486664880371     
   1.2900000000000009       0.36180255051706817     
   1.3000000000000009       0.36782000307881446     
   1.3100000000000009       0.37389761601215815     
   1.3200000000000010       0.38003578747617273     
   1.3300000000000010       0.38623492221409161     
   1.3400000000000010       0.39249543165853279     
   1.3500000000000010       0.39881773403892234     
   1.3600000000000010       0.40520225448865660     
   1.3700000000000010       0.41164942515507719     
   1.3800000000000010       0.41815968531081688     
   1.3900000000000010       0.42473348146546502     
   1.4000000000000010       0.43137126748095123     
   1.4100000000000010       0.43807350468438233     
   1.4200000000000010       0.44484066198643529     
   1.4300000000000010       0.45167321599752230     
   1.4400000000000011       0.45857165114628401     
   1.4500000000000011       0.46553645980037467     
   1.4600000000000011       0.47256814238487083     
   1.4700000000000011       0.47966720750543729     
   1.4800000000000011       0.48683417206858220     
   1.4900000000000011       0.49406956140481184     
   1.5000000000000011       0.50137390939100990     
   1.5100000000000011       0.50874775857282972     
   1.5200000000000011       0.51619166028884933     
   1.5300000000000011       0.52370617479149106     
   1.5400000000000011       0.53129187137048250     
   1.5500000000000012       0.53894932847317756     
   1.5600000000000012       0.54667913382646804     
   1.5700000000000012       0.55448188455466019     
   1.5800000000000012       0.56235818729758236     
   1.5900000000000012       0.57030865832711675     
   1.6000000000000012       0.57833392365838387     
   1.6100000000000012       0.58643461916229600     
   1.6200000000000012       0.59461139067193136     
   1.6300000000000012       0.60286489408557464     
   1.6400000000000012       0.61119579546624370     
   1.6500000000000012       0.61960477113579515     
   1.6600000000000013       0.62809250776341430     
   1.6700000000000013       0.63665970244722347     
   1.6800000000000013       0.64530706278959038     
   1.6900000000000013       0.65403530696412471     
   1.7000000000000013       0.66284516377260505     
   1.7100000000000013       0.67173737269440437     
   1.7200000000000013       0.68071268392203221     
   1.7300000000000013       0.68977185838577826     
   1.7400000000000013       0.69891566776507608     
   1.7500000000000013       0.70814489448352069     
   1.7600000000000013       0.71746033168829526     
   1.7700000000000014       0.72686278321024855     
   1.7800000000000014       0.73635306350546648     
   1.7900000000000014       0.74593199757260575     
   1.8000000000000014       0.75560042084737444     
   1.8100000000000014       0.76535917906997442     
   1.8200000000000014       0.77520912812159160     
   1.8300000000000014       0.78515113383302193     
   1.8400000000000014       0.79518607175315614     
   1.8500000000000014       0.80531482688188283     
   1.8600000000000014       0.81553829336199435     
   1.8700000000000014       0.82585737412190485     
   1.8800000000000014       0.83627298047288268     
   1.8900000000000015       0.84678603164681010     
   1.9000000000000015       0.85739745427892267     
   1.9100000000000015       0.86810818182222926     
   1.9200000000000015       0.87891915389435449     
   1.9300000000000015       0.88983131554395911     
   1.9400000000000015       0.90084561643749883     
   1.9500000000000015       0.91196300994959023     
   1.9600000000000015       0.92318445215912726     
   1.9700000000000015       0.93451090073416176     
   1.9800000000000015       0.94594331369885676     
   1.9900000000000015       0.95748264807567118     
   2.0000000000000013       0.96912985838441335     
   2.0100000000000011       0.98088589499323842     
   2.0200000000000009       0.99275170230345688     
   2.0300000000000007        1.0047282167578429     
   2.0400000000000005        1.0168163646503980     
   2.0500000000000003        1.0290170597321247     
   2.0600000000000001        1.0413312005826159     
   2.0699999999999998        1.0537596677341632     
   2.0799999999999996        1.0663033205302563     
   2.0899999999999994        1.0789629936864309     
   2.0999999999999992        1.0917394935359497     
   2.1099999999999990        1.1046335939340515     
   2.1199999999999988        1.1176460317854606     
   2.1299999999999986        1.1307775021699040     
   2.1399999999999983        1.1440286530317576     
   2.1499999999999981        1.1574000793923529     
   2.1599999999999979        1.1708923170531951     
   2.1699999999999977        1.1845058357441252     
   2.1799999999999975        1.1982410316733982     
   2.1899999999999973        1.2120982194264212     
   2.1999999999999971        1.2260776231749602     
   2.2099999999999969        1.2401793671247612     
   2.2199999999999966        1.2544034651589753     
   2.2299999999999964        1.2687498096051177     
   2.2399999999999962        1.2832181590637426     
   2.2499999999999960        1.2978081252327254     
   2.2599999999999958        1.3125191586473077     
   2.2699999999999956        1.3273505332678386     
   2.2799999999999954        1.3423013298303488     
   2.2899999999999952        1.3573704178785728     
   2.2999999999999949        1.3725564363966734     
   2.3099999999999947        1.3878577729523855     
   2.3199999999999945        1.4032725412670346     
   2.3299999999999943        1.4187985571228507     
   2.3399999999999941        1.4344333125272404     
   2.3499999999999939        1.4501739480498366     
   2.3599999999999937        1.4660172232582496     
   2.3699999999999934        1.4819594851827338     
   2.3799999999999932        1.4979966347614666     
   2.3899999999999930        1.5141240912149454     
   2.3999999999999928        1.5303367543384083     
   2.4099999999999926        1.5466289647078804     
   2.4199999999999924        1.5629944618392544     
   2.4299999999999922        1.5794263403659798     
   2.4399999999999920        1.5959170043544271     
   2.4499999999999917        1.6124581199259438     
   2.4599999999999915        1.6290405664133720     
   2.4699999999999913        1.6456543863660147     
   2.4799999999999911        1.6622887347889170     
   2.4899999999999909        1.6789318281043990     
   2.4999999999999907        1.6955708934422675     
   2.5099999999999905        1.7121921189750702     
   2.5199999999999902        1.7287806061604620     
   2.5299999999999900        1.7453203248936058     
   2.5399999999999898        1.7617940727439896     
   2.5499999999999896        1.7781834395901357     
   2.5599999999999894        1.7944687791661351     
   2.5699999999999892        1.8106291891732007     
   2.5799999999999890        1.8266425017850552     
   2.5899999999999888        1.8424852865082533     
   2.5999999999999885        1.8581328674759843     
   2.6099999999999883        1.8735593573233549     
   2.6199999999999881        1.8887377098188447     
   2.6299999999999879        1.9036397933709939     
   2.6399999999999877        1.9182364874116049     
   2.6499999999999875        1.9324978034071458     
   2.6599999999999873        1.9463930319343405     
   2.6699999999999871        1.9598909167686100     
   2.6799999999999868        1.9729598563565600     
   2.6899999999999866        1.9855681323196492     
   2.6999999999999864        1.9976841637877270     
   2.7099999999999862        2.0092767854239053     
   2.7199999999999860        2.0203155459869375     
   2.7299999999999858        2.0307710232089198     
   2.7399999999999856        2.0406151497478779     
   2.7499999999999853        2.0498215439918397     
   2.7599999999999851        2.0583658386717478     
   2.7699999999999849        2.0662259996090770     
   2.7799999999999847        2.0733826265597064     
   2.7899999999999845        2.0798192280554084     
   2.7999999999999843        2.0855224624455544     
   2.8099999999999841        2.0904823379891666     
   2.8199999999999839        2.0946923658523180     
   2.8299999999999836        2.0981496611931370     
   2.8399999999999834        2.1008549890876305     
   2.8499999999999832        2.1028127538101464     
   2.8599999999999830        2.1040309318158008     
   2.8699999999999828        2.1045209505911688     
   2.8799999999999826        2.1042975172400236     
   2.8899999999999824        2.1033784021561233     
   2.8999999999999821        2.1017841843493921     
   2.9099999999999819        2.0995379658540649     
   2.9199999999999817        2.0966650631883481     
   2.9299999999999815        2.0931926839627151     
   2.9399999999999813        2.0891495965847806     
   2.9499999999999811        2.0845658005203167     
   2.9599999999999809        2.0794722038564197     
   2.9699999999999807        2.0739003140463650     
   2.9799999999999804        2.0678819466836753     
   2.9899999999999802        2.0614489561290483     
   2.9999999999999800        2.0546329907531016     
   3.0099999999999798        2.0474652745694910     
   3.0199999999999796        2.0399764161246372     
   3.0299999999999794        2.0321962447074671     
   3.0399999999999792        2.0241536732817935     
   3.0499999999999790        2.0158765869813480     
   3.0599999999999787        2.0073917556093357     
   3.0699999999999785        1.9987247682791942     
   3.0799999999999783        1.9898999881408956     
   3.0899999999999781        1.9809405250412988     
   3.0999999999999779        1.9718682239547991     
   3.1099999999999777        1.9627036670431020     
   3.1199999999999775        1.9534661873203436     
   3.1299999999999772        1.9441738920046805     
   3.1399999999999770        1.9348436937823772     
   3.1499999999999768        1.9254913484044414     
   3.1599999999999766        1.9161314971553718     
   3.1699999999999764        1.9067777129493964     
   3.1799999999999762        1.8974425489373017     
   3.1899999999999760        1.8881375886784504     
   3.1999999999999758        1.8788734970736720     
   3.2099999999999755        1.8696600713858229     
   3.2199999999999753        1.8605062917747799     
   3.2299999999999751        1.8514203709279238     
   3.2399999999999749        1.8424098024002948     
   3.2499999999999747        1.8334814073915255     
   3.2599999999999745        1.8246413797726302     
   3.2699999999999743        1.8158953291860049     
   3.2799999999999740        1.8072483221450630     
   3.2899999999999738        1.7987049210569253     
   3.2999999999999736        1.7902692211742111     
   3.3099999999999734        1.7819448854454318     
   3.3199999999999732        1.7737351773310921     
   3.3299999999999730        1.7656429916064837     
   3.3399999999999728        1.7576708832227019     
   3.3499999999999726        1.7498210942899581     
   3.3599999999999723        1.7420955792732824     
   3.3699999999999721        1.7344960284651838     
   3.3799999999999719        1.7270238898384120     
   3.3899999999999717        1.7196803893505033     
   3.3999999999999715        1.7124665497984863     
   3.4099999999999713        1.7053832083019063     
   3.4199999999999711        1.6984310324994816     
   3.4299999999999708        1.6916105355438935     
   3.4399999999999706        1.6849220899652231     
   3.4499999999999704        1.6783659404860707     
   3.4599999999999702        1.6719422158565325     
   3.4699999999999700        1.6656509397719061     
   3.4799999999999698        1.6594920409466021     
   3.4899999999999696        1.6534653623980951     
   3.4999999999999694        1.6475706699971704     
   3.5099999999999691        1.6418076603452110     
   3.5199999999999689        1.6361759680184944     
   3.5299999999999687        1.6306751722348669     
   3.5399999999999685        1.6253048029785373     
   3.5499999999999683        1.6200643466338183     
   3.5599999999999681        1.6149532511555116     
   3.5699999999999679        1.6099709308138954     
   3.5799999999999677        1.6051167705524263     
   3.5899999999999674        1.6003901299825756     
   3.5999999999999672        1.5957903470419050     
   3.6099999999999670        1.5913167413507960     
   3.6199999999999668        1.5869686172828568     
   3.6299999999999666        1.5827452667724691     
   3.6399999999999664        1.5786459718862003     
   3.6499999999999662        1.5746700071698381     
   3.6599999999999659        1.5708166417938034     
   3.6699999999999657        1.5670851415071994     
   3.6799999999999655        1.5634747704219620     
   3.6899999999999653        1.5599847926414234     
   3.6999999999999651        1.5566144737330130     
   3.7099999999999649        1.5533630820775115     
   3.7199999999999647        1.5502298900861300     
   3.7299999999999645        1.5472141753124526     
   3.7399999999999642        1.5443152214495539     
   3.7499999999999640        1.5415323192409294     
   3.7599999999999638        1.5388647672994251     
   3.7699999999999636        1.5363118728434699     
   3.7799999999999634        1.5338729523629480     
   3.7899999999999632        1.5315473322134383     
   3.7999999999999630        1.5293343491527656     
   3.8099999999999627        1.5272333508144880     
   3.8199999999999625        1.5252436961331706     
   3.8299999999999623        1.5233647557221426     
   3.8399999999999621        1.5215959122019105     
   3.8499999999999619        1.5199365604965296     
   3.8599999999999617        1.5183861080855547     
   3.8699999999999615        1.5169439752276375     
   3.8799999999999613        1.5156095951521447     
   3.8899999999999610        1.5143824142185243     
   3.8999999999999608        1.5132618920604779     
   3.9099999999999606        1.5122475016947967     
   3.9199999999999604        1.5113387296161092     
   3.9299999999999602        1.5105350758735738     
   3.9399999999999600        1.5098360541252112     
   3.9499999999999598        1.5092411916787081     
   3.9599999999999596        1.5087500295197809     
   3.9699999999999593        1.5083621223253552     
   3.9799999999999591        1.5080770384643831     
   3.9899999999999589        1.5078943599915100     
   3.9999999999999587        1.5078136826268433     
   4.0099999999999589        1.5078346157297524     
   4.0199999999999587        1.5079567822687467     
   4.0299999999999585        1.5081798187734783     
   4.0399999999999583        1.5085033752934252     
   4.0499999999999581        1.5089271153429924     
   4.0599999999999579        1.5094507158447392     
   4.0699999999999577        1.5100738670661134     
   4.0799999999999574        1.5107962725569755     
   4.0899999999999572        1.5116176490767126     
   4.0999999999999570        1.5125377265277835     
   4.1099999999999568        1.5135562478747788     
   4.1199999999999566        1.5146729690720515     
   4.1299999999999564        1.5158876589842631     
   4.1399999999999562        1.5172000993039831     
   4.1499999999999559        1.5186100844710348     
   4.1599999999999557        1.5201174215878126     
   4.1699999999999555        1.5217219303337759     
   4.1799999999999553        1.5234234428801667     
   4.1899999999999551        1.5252218038027132     
   4.1999999999999549        1.5271168699913586     
   4.2099999999999547        1.5291085105615148     
   4.2199999999999545        1.5311966067651357     
   4.2299999999999542        1.5333810518936688     
   4.2399999999999540        1.5356617511926367     
   4.2499999999999538        1.5380386217604693     
   4.2599999999999536        1.5405115924557524     
   4.2699999999999534        1.5430806038003204     
   4.2799999999999532        1.5457456078807099     
   4.2899999999999530        1.5485065682447547     
   4.2999999999999527        1.5513634598026858     
   4.3099999999999525        1.5543162687198031     
   4.3199999999999523        1.5573649923107502     
   4.3299999999999521        1.5605096389254411     
   4.3399999999999519        1.5637502278418587     
   4.3499999999999517        1.5670867891435651     
   4.3599999999999515        1.5705193636009795     
   4.3699999999999513        1.5740480025474912     
   4.3799999999999510        1.5776727677475433     
   4.3899999999999508        1.5813937312640467     
   4.3999999999999506        1.5852109753159354     
   4.4099999999999504        1.5891245921329409     
   4.4199999999999502        1.5931346837998732     
   4.4299999999999500        1.5972413620969432     
   4.4399999999999498        1.6014447483309691     
   4.4499999999999496        1.6057449731562390     
   4.4599999999999493        1.6101421763855772     
   4.4699999999999491        1.6146365067950885     
   4.4799999999999489        1.6192281219112035     
   4.4899999999999487        1.6239171877896408     
   4.4999999999999485        1.6287038787817165     
   4.5099999999999483        1.6335883772813788     
   4.5199999999999481        1.6385708734604678     
   4.5299999999999478        1.6436515649862935     
   4.5399999999999476        1.6488306567234199     
   4.5499999999999474        1.6541083604073665     
   4.5599999999999472        1.6594848943092386     
   4.5699999999999470        1.6649604828642675     
   4.5799999999999468        1.6705353562906606     
   4.5899999999999466        1.6762097501683053     
   4.5999999999999464        1.6819839049968475     
   4.6099999999999461        1.6878580657222089     
   4.6199999999999459        1.6938324812260599     
   4.6299999999999457        1.6999074037889401     
   4.6399999999999455        1.7060830885069205     
   4.6499999999999453        1.7123597926697212     
   4.6599999999999451        1.7187377751017119     
   4.6699999999999449        1.7252172954486613     
   4.6799999999999446        1.7317986134168233     
   4.6899999999999444        1.7384819879626394     
   4.6999999999999442        1.7452676764193908     
   4.7099999999999440        1.7521559335685601     
   4.7199999999999438        1.7591470106393663     
   4.7299999999999436        1.7662411542453591     
   4.7399999999999434        1.7734386052412658     
   4.7499999999999432        1.7807395975009188     
   4.7599999999999429        1.7881443566109787     
   4.7699999999999427        1.7956530984687080     
   4.7799999999999425        1.8032660277920280     
   4.7899999999999423        1.8109833365142327     
   4.7999999999999421        1.8188052020722876     
   4.8099999999999419        1.8267317855791274     
   4.8199999999999417        1.8347632298630994     
   4.8299999999999415        1.8428996573771887     
   4.8399999999999412        1.8511411679610292     
   4.8499999999999410        1.8594878364528498     
   4.8599999999999408        1.8679397101341773     
   4.8699999999999406        1.8764968060021070     
   4.8799999999999404        1.8851591078551750     
   4.8899999999999402        1.8939265631848297     
   4.8999999999999400        1.9027990798560768     
   4.9099999999999397        1.9117765225627781     
   4.9199999999999395        1.9208587090507914     
   4.9299999999999393        1.9300454060895986     
   4.9399999999999391        1.9393363251760971     
   4.9499999999999389        1.9487311179592330     
   4.9599999999999387        1.9582293713693977     
   4.9699999999999385        1.9678306024238672     
   4.9799999999999383        1.9775342527174005     
   4.9899999999999380        1.9873396825430611     
   4.9999999999999378        1.9972461646589248     
   5.0099999999999376        2.0072528776635745     
   5.0199999999999374        2.0173588989599645     
   5.0299999999999372        2.0275631973039694     
   5.0399999999999370        2.0378646248937766     
   5.0499999999999368        2.0482619090112766     
   5.0599999999999365        2.0587536431619649     
   5.0699999999999363        2.0693382777313851     
   5.0799999999999361        2.0800141101107688     
   5.0899999999999359        2.0907792742905822     
   5.0999999999999357        2.1016317299083722     
   5.1099999999999355        2.1125692507358766     
   5.1199999999999353        2.1235894125897965     
   5.1299999999999351        2.1346895806809938     
   5.1399999999999348        2.1458668963663325     
   5.1499999999999346        2.1571182633467179     
   5.1599999999999344        2.1684403332869162     
   5.1699999999999342        2.1798294908890536     
   5.1799999999999340        2.1912818384476047     
   5.1899999999999338        2.2027931799017502     
   5.1999999999999336        2.2143590044472545     
   5.2099999999999334        2.2259744697520913     
   5.2199999999999331        2.2376343848490348     
   5.2299999999999329        2.2493331927913087     
   5.2399999999999327        2.2610649531655458     
   5.2499999999999325        2.2728233245957989     
   5.2599999999999323        2.2846015473645069     
   5.2699999999999321        2.2963924263295334     
   5.2799999999999319        2.3081883143081430     
   5.2899999999999316        2.3199810961657872     
   5.2999999999999314        2.3317621738316325     
   5.3099999999999312        2.3435224525153870     
   5.3199999999999310        2.3552523284474036     
   5.3299999999999308        2.3669416784451465     
   5.3399999999999306        2.3785798516875651     
   5.3499999999999304        2.3901556640856154     
   5.3599999999999302        2.4016573956607141     
   5.3699999999999299        2.4130727913893475     
   5.3799999999999297        2.4243890659584406     
   5.3899999999999295        2.4355929129291387     
   5.3999999999999293        2.4466705187777973     
   5.4099999999999291        2.4576075823099082     
   5.4199999999999289        2.4683893399146655     
   5.4299999999999287        2.4790005970999234     
   5.4399999999999284        2.4894257667241018     
   5.4499999999999282        2.4996489142688016     
   5.4599999999999280        2.5096538104338908     
   5.4699999999999278        2.5194239912398166     
   5.4799999999999276        2.5289428257153501     
   5.4899999999999274        2.5381935911181888     
   5.4999999999999272        2.5471595554874389     
   5.5099999999999270        2.5558240671695653     
   5.5199999999999267        2.5641706507715836     
   5.5299999999999265        2.5721831088271001     
   5.5399999999999263        2.5798456282502453     
   5.5499999999999261        2.5871428904772991     
   5.5599999999999259        2.5940601840106123     
   5.5699999999999257        2.6005835179077450     
   5.5799999999999255        2.6066997346226857     
   5.5899999999999253        2.6123966204866558     
   5.5999999999999250        2.6176630120520996     
   5.6099999999999248        2.6224888964635871     
   5.6199999999999246        2.6268655040803721     
   5.6299999999999244        2.6307853916034003     
   5.6399999999999242        2.6342425140997361     
   5.6499999999999240        2.6372322845028315     
   5.6599999999999238        2.6397516193535022     
   5.6699999999999235        2.6417989698535109     
   5.6799999999999233        2.6433743375684076     
   5.6899999999999231        2.6444792744428547     
   5.6999999999999229        2.6451168671414487     
   5.7099999999999227        2.6452917060290706     
   5.7199999999999225        2.6450098394602835     
   5.7299999999999223        2.6442787143204773     
   5.7399999999999221        2.6431071040158165     
   5.7499999999999218        2.6415050253794248     
   5.7599999999999216        2.6394836460668913     
   5.7699999999999214        2.6370551841930272     
   5.7799999999999212        2.6342328020045334     
   5.7899999999999210        2.6310304954020785     
   5.7999999999999208        2.6274629810955132     
   5.8099999999999206        2.6235455831145984     
   5.8199999999999203        2.6192941202530178     
   5.8299999999999201        2.6147247959172013     
   5.8399999999999199        2.6098540916537014     
   5.8499999999999197        2.6046986654691477     
   5.8599999999999195        2.5992752558500740     
   5.8699999999999193        2.5936005922215926     
   5.8799999999999191        2.5876913123665308     
   5.8899999999999189        2.5815638871792466     
   5.8999999999999186        2.5752345529623950     
   5.9099999999999184        2.5687192512882779     
   5.9199999999999182        2.5620335763845707     
   5.9299999999999180        2.5551927298392609     
   5.9399999999999178        2.5482114823420288     
   5.9499999999999176        2.5411041421312732     
   5.9599999999999174        2.5338845297109018     
   5.9699999999999172        2.5265659584266174     
   5.9799999999999169        2.5191612203977569     
   5.9899999999999167        2.5116825773400380     
   5.9999999999999165        2.5041417557907524     
   6.0099999999999163        2.4965499462531491     
   6.0199999999999161        2.4889178057985055     
   6.0299999999999159        2.4812554636884614     
   6.0399999999999157        2.4735725295831870     
   6.0499999999999154        2.4658781039629494     
   6.0599999999999152        2.4581807903844184     
   6.0699999999999150        2.4504887092503296     
   6.0799999999999148        2.4428095127773353     
   6.0899999999999146        2.4351504009132037     
   6.0999999999999144        2.4275181379327808     
   6.1099999999999142        2.4199190695183121     
   6.1199999999999140        2.4123591401295998     
   6.1299999999999137        2.4048439104908055     
   6.1399999999999135        2.3973785750797942     
   6.1499999999999133        2.3899679794494135     
   6.1599999999999131        2.3826166373447770     
   6.1699999999999129        2.3753287474665843     
   6.1799999999999127        2.3681082098652673     
   6.1899999999999125        2.3609586418678457     
   6.1999999999999122        2.3538833935300723     
   6.2099999999999120        2.3468855625453431     
   6.2199999999999118        2.3399680086217245     
   6.2299999999999116        2.3331333672779002     
   6.2399999999999114        2.3263840630752299     
   6.2499999999999112        2.3197223222742593     
   6.2599999999999110        2.3131501849022156     
   6.2699999999999108        2.3066695162639990     
   6.2799999999999105        2.3002820178860519     
   6.2899999999999103        2.2939892379115392     
   6.2999999999999101        2.2877925809641835     
   6.3099999999999099        2.2816933174854972     
   6.3199999999999097        2.2756925925769123     
   6.3299999999999095        2.2697914343588677     
   6.3399999999999093        2.2639907618610375     
   6.3499999999999091        2.2582913924680681     
   6.3599999999999088        2.2526940489415033     
   6.3699999999999086        2.2471993660252378     
   6.3799999999999084        2.2418078966834121     
   6.3899999999999082        2.2365201179470207     
   6.3999999999999080        2.2313364364253068     
   6.4099999999999078        2.2262571934710489     
   6.4199999999999076        2.2212826700497406     
   6.4299999999999073        2.2164130912967890     
   6.4399999999999071        2.2116486307887264     
   6.4499999999999069        2.2069894145653084     
   6.4599999999999067        2.2024355248907788     
   6.4699999999999065        2.1979870037738465     
   6.4799999999999063        2.1936438562691465     
   6.4899999999999061        2.1894060535748334     
   6.4999999999999059        2.1852735359202322     
   6.5099999999999056        2.1812462152796681     
   6.5199999999999054        2.1773239779020939     
   6.5299999999999052        2.1735066866755015     
   6.5399999999999050        2.1697941833548349     
   6.5499999999999048        2.1661862906211478     
   6.5599999999999046        2.1626828140155139     
   6.5699999999999044        2.1592835437494391     
   6.5799999999999041        2.1559882563949397     
   6.5899999999999039        2.1527967164495454     
   6.5999999999999037        2.1497086778148558     
   6.6099999999999035        2.1467238851609101     
   6.6199999999999033        2.1438420752118565     
   6.6299999999999031        2.1410629779316976     
   6.6399999999999029        2.1383863176398923     
   6.6499999999999027        2.1358118140464670     
   6.6599999999999024        2.1333391832108828     
   6.6699999999999022        2.1309681384480132     
   6.6799999999999020        2.1286983911584807     
   6.6899999999999018        2.1265296516090313     
   6.6999999999999016        2.1244616296512877     
   6.7099999999999014        2.1224940353978345     
   6.7199999999999012        2.1206265798432957     
   6.7299999999999010        2.1188589754459191     
   6.7399999999999007        2.1171909366626891     
   6.7499999999999005        2.1156221804459312     
   6.7599999999999003        2.1141524267130642     
   6.7699999999999001        2.1127813987620128     
   6.7799999999998999        2.1115088236768722     
   6.7899999999998997        2.1103344326866966     
   6.7999999999998995        2.1092579615027591     
   6.8099999999998992        2.1082791506338574     
   6.8199999999998990        2.1073977456647177     
   6.8299999999998988        2.1066134975239739     
   6.8399999999998986        2.1059261627241779     
   6.8499999999998984        2.1053355035814088     
   6.8599999999998982        2.1048412884155434     
   6.8699999999998980        2.1044432917377267     
   6.8799999999998978        2.1041412944102831     
   6.8899999999998975        2.1039350838036457     
   6.8999999999998973        2.1038244539328286     
   6.9099999999998971        2.1038092055697288     
   6.9199999999998969        2.1038891463634131     
   6.9299999999998967        2.1040640909272392     
   6.9399999999998965        2.1043338609257534     
   6.9499999999998963        2.1046982851500609     
   6.9599999999998960        2.1051571995771670     
   6.9699999999998958        2.1057104474192183     
   6.9799999999998956        2.1063578791699928     
   6.9899999999998954        2.1070993526356121     
   6.9999999999998952        2.1079347329566511     
   7.0099999999998950        2.1088638926291816     
   7.0199999999998948        2.1098867115025879     
   7.0299999999998946        2.1110030767848560     
   7.0399999999998943        2.1122128830315678     
   7.0499999999998941        2.1135160321287914     
   7.0599999999998939        2.1149124332678730     
   7.0699999999998937        2.1164020029128228     
   7.0799999999998935        2.1179846647634193     
   7.0899999999998933        2.1196603497063342     
   7.0999999999998931        2.1214289957598966     
   7.1099999999998929        2.1232905480176427     
   7.1199999999998926        2.1252449585681386     
   7.1299999999998924        2.1272921864308345     
   7.1399999999998922        2.1294321974625379     
   7.1499999999998920        2.1316649642670256     
   7.1599999999998918        2.1339904660972024     
   7.1699999999998916        2.1364086887414260     
   7.1799999999998914        2.1389196244067019     
   7.1899999999998911        2.1415232715943180     
   7.1999999999998909        2.1442196349609484     
   7.2099999999998907        2.1470087251736927     
   7.2199999999998905        2.1498905587512782     
   7.2299999999998903        2.1528651579022746     
   7.2399999999998901        2.1559325503422180     
   7.2499999999998899        2.1590927691048858     
   7.2599999999998897        2.1623458523410495     
   7.2699999999998894        2.1656918431033572     
   7.2799999999998892        2.1691307891170553     
   7.2899999999998890        2.1726627425327654     
   7.2999999999998888        2.1762877596750680     
   7.3099999999998886        2.1800059007633270     
   7.3199999999998884        2.1838172296179441     
   7.3299999999998882        2.1877218133539418     
   7.3399999999998879        2.1917197220503826     
   7.3499999999998877        2.1958110283981154     
   7.3599999999998875        2.1999958073384684     
   7.3699999999998873        2.2042741356550613     
   7.3799999999998871        2.2086460915691033     
   7.3899999999998869        2.2131117542901815     
   7.3999999999998867        2.2176712035442896     
   7.4099999999998865        2.2223245190825511     
   7.4199999999998862        2.2270717801421029     
   7.4299999999998860        2.2319130648936589     
   7.4399999999998858        2.2368484498395627     
   7.4499999999998856        2.2418780091847337     
   7.4599999999998854        2.2470018141676875     
   7.4699999999998852        2.2522199323459717     
   7.4799999999998850        2.2575324268484915     
   7.4899999999998847        2.2629393555700013     
   7.4999999999998845        2.2684407703262188     
   7.5099999999998843        2.2740367159551220     
   7.5199999999998841        2.2797272293653630     
   7.5299999999998839        2.2855123385223148     
   7.5399999999998837        2.2913920613812251     
   7.5499999999998835        2.2973664047480202     
   7.5599999999998833        2.3034353630774382     
   7.5699999999998830        2.3095989172032048     
   7.5799999999998828        2.3158570329763490     
   7.5899999999998826        2.3222096598426067     
   7.5999999999998824        2.3286567293255285     
   7.6099999999998822        2.3351981534147193     
   7.6199999999998820        2.3418338228731184     
   7.6299999999998818        2.3485636054291721     
   7.6399999999998816        2.3553873438776871     
   7.6499999999998813        2.3623048540617475     
   7.6599999999998811        2.3693159227371132     
   7.6699999999998809        2.3764203053156732     
   7.6799999999998807        2.3836177234848415     
   7.6899999999998805        2.3909078626766811     
   7.6999999999998803        2.3982903694118574     
   7.7099999999998801        2.4057648484742007     
   7.7199999999998798        2.4133308599489847     
   7.7299999999998796        2.4209879160756484     
   7.7399999999998794        2.4287354779387025     
   7.7499999999998792        2.4365729519838082     
   7.7599999999998790        2.4444996863247574     
   7.7699999999998788        2.4525149668761461     
   7.7799999999998786        2.4606180132704174     
   7.7899999999998784        2.4688079745620888     
   7.7999999999998781        2.4770839247145204     
   7.8099999999998779        2.4854448578516477     
   7.8199999999998777        2.4938896832846855     
   7.8299999999998775        2.5024172202827479     
   7.8399999999998773        2.5110261926054838     
   7.8499999999998771        2.5197152227664597     
   7.8599999999998769        2.5284828260460581     
   7.8699999999998766        2.5373274042291061     
   7.8799999999998764        2.5462472390832414     
   7.8899999999998762        2.5552404855483846     
   7.8999999999998760        2.5643051646682560     
   7.9099999999998758        2.5734391562472476     
   7.9199999999998756        2.5826401912356181     
   7.9299999999998754        2.5919058438459741     
   7.9399999999998752        2.6012335234341712     
   7.9499999999998749        2.6106204661146264     
   7.9599999999998747        2.6200637261694033     
   7.9699999999998745        2.6295601672285862     
   7.9799999999998743        2.6391064532819892     
   7.9899999999998741        2.6486990395307468     
   7.9999999999998739        2.6583341631087736     
   8.0099999999998737        2.6680078337362736     
   8.0199999999998735        2.6777158243316923     
   8.0299999999998732        2.6874536616421465     
   8.0399999999998730        2.6972166169676033     
   8.0499999999998728        2.7069996970267347     
   8.0599999999998726        2.7167976350680654     
   8.0699999999998724        2.7266048822966238     
   8.0799999999998722        2.7364155997399311     
   8.0899999999998720        2.7462236506320874     
   8.0999999999998717        2.7560225934684883     
   8.1099999999998715        2.7658056758500367     
   8.1199999999998713        2.7755658292586300     
   8.1299999999998711        2.7852956649293277     
   8.1399999999998709        2.7949874709753875     
   8.1499999999998707        2.8046332109501733     
   8.1599999999998705        2.8142245240196662     
   8.1699999999998703        2.8237527269625851     
   8.1799999999998700        2.8332088181627464     
   8.1899999999998698        2.8425834838191153     
   8.1999999999998696        2.8518671065738190     
   8.2099999999998694        2.8610497767554901     
   8.2199999999998692        2.8701213064195086     
   8.2299999999998690        2.8790712464060992     
   8.2399999999998688        2.8878889065313165     
   8.2499999999998685        2.8965633791216923     
   8.2599999999998683        2.9050835659530114     
   8.2699999999998681        2.9134382087373982     
   8.2799999999998679        2.9216159231777521     
   8.2899999999998677        2.9296052366076331     
   8.2999999999998675        2.9373946291847841     
   8.3099999999998673        2.9449725785195846     
   8.3199999999998671        2.9523276076088796     
   8.3299999999998668        2.9594483358205155     
   8.3399999999998666        2.9663235326540587     
   8.3499999999998664        2.9729421739213304     
   8.3599999999998662        2.9792934998893941     
   8.3699999999998660        2.9853670749135355     
   8.3799999999998658        2.9911528479696816     
   8.3899999999998656        2.9966412134786986     
   8.3999999999998654        3.0018230717374381     
   8.4099999999998651        3.0066898882394106     
   8.4199999999998649        3.0112337511492009     
   8.4299999999998647        3.0154474261638482     
   8.4399999999998645        3.0193244080059589     
   8.4499999999998643        3.0228589678149116     
   8.4599999999998641        3.0260461957308449     
   8.4699999999998639        3.0288820380206336     
   8.4799999999998636        3.0313633281666243     
   8.4899999999998634        3.0334878114247315     
   8.4999999999998632        3.0352541624519738     
   8.5099999999998630        3.0366619957118330     
   8.5199999999998628        3.0377118684956832     
   8.5299999999998626        3.0384052764952680     
   8.5399999999998624        3.0387446420169368     
   8.5499999999998622        3.0387332950119155     
   8.5599999999998619        3.0383754472529279     
   8.5699999999998617        3.0376761600612197     
   8.5799999999998615        3.0366413060999164     
   8.5899999999998613        3.0352775258246942     
   8.5999999999998611        3.0335921792646632     
   8.6099999999998609        3.0315932938291956     
   8.6199999999998607        3.0292895088908871     
   8.6299999999998604        3.0266900179054250     
   8.6399999999998602        3.0238045088125234     
   8.6499999999998600        3.0206431034858818     
   8.6599999999998598        3.0172162968975158     
   8.6699999999998596        3.0135348967063740     
   8.6799999999998594        3.0096099638726281     
   8.6899999999998592        3.0054527548266905     
   8.6999999999998590        3.0010746657266143     
   8.7099999999998587        2.9964871791793684     
   8.7199999999998585        2.9917018138120701     
   8.7299999999998583        2.9867300769436840     
   8.7399999999998581        2.9815834205875960     
   8.7499999999998579        2.9762732009231789     
   8.7599999999998577        2.9708106413155164     
   8.7699999999998575        2.9652067989446569     
   8.7799999999998573        2.9594725349795685     
   8.7899999999998570        2.9536184882880558     
   8.7999999999998568        2.9476550525430882     
   8.8099999999998566        2.9415923566171056     
   8.8199999999998564        2.9354402481182360     
   8.8299999999998562        2.9292082798793051     
   8.8399999999998560        2.9229056992076079     
   8.8499999999998558        2.9165414397491580     
   8.8599999999998555        2.9101241156828479     
   8.8699999999998553        2.9036620181219663     
   8.8799999999998551        2.8971631134754996     
   8.8899999999998549        2.8906350435791013     
   8.8999999999998547        2.8840851274223951     
   8.9099999999998545        2.8775203642524128     
   8.9199999999998543        2.8709474379310023     
   8.9299999999998541        2.8643727223330342     
   8.9399999999998538        2.8578022876554638     
   8.9499999999998536        2.8512419074970454     
   8.9599999999998534        2.8446970665640623     
   8.9699999999998532        2.8381729689046904     
   8.9799999999998530        2.8316745465289759     
   8.9899999999998528        2.8252064683541658     
   8.9999999999998526        2.8187731493572805     
   9.0099999999998523        2.8123787598646866     
   9.0199999999998521        2.8060272349342128     
   9.0299999999998519        2.7997222837227462     
   9.0399999999998517        2.7934673988121030     
   9.0499999999998515        2.7872658654697693     
   9.0599999999998513        2.7811207707542476     
   9.0699999999998511        2.7750350124667769     
   9.0799999999998509        2.7690113079179111     
   9.0899999999998506        2.7630522024825348     
   9.0999999999998504        2.7571600779111707     
   9.1099999999998502        2.7513371604114392     
   9.1199999999998500        2.7455855284652966     
   9.1299999999998498        2.7399071203831693     
   9.1399999999998496        2.7343037415861557     
   9.1499999999998494        2.7287770716177375     
   9.1599999999998492        2.7233286708922897     
   9.1699999999998489        2.7179599871466986     
   9.1799999999998487        2.7126723616529027     
   9.1899999999998485        2.7074670351350894     
   9.1999999999998483        2.7023451534574643     
   9.2099999999998481        2.6973077730153472     
   9.2199999999998479        2.6923558659235454     
   9.2299999999998477        2.6874903249191138     
   9.2399999999998474        2.6827119680692806     
   9.2499999999998472        2.6780215432121794     
   9.2599999999998470        2.6734197322029747     
   9.2699999999998468        2.6689071549524788     
   9.2799999999998466        2.6644843732418204     
   9.2899999999998464        2.6601518943485885     
   9.2999999999998462        2.6559101745058489     
   9.3099999999998460        2.6517596221451734     
   9.3199999999998457        2.6477006010005946     
   9.3299999999998455        2.6437334330325379     
   9.3399999999998453        2.6398584011895925     
   9.3499999999998451        2.6360757520442917     
   9.3599999999998449        2.6323856982591738     
   9.3699999999998447        2.6287884209380565     
   9.3799999999998445        2.6252840718328123     
   9.3899999999998442        2.6218727754428950     
   9.3999999999998440        2.6185546309824033     
   9.4099999999998438        2.6153297142599214     
   9.4199999999998436        2.6121980794180684     
   9.4299999999998434        2.6091597606124473     
   9.4399999999998432        2.6062147735690004     
   9.4499999999998430        2.6033631170643607     
   9.4599999999998428        2.6006047743146796     
   9.4699999999998425        2.5979397142968992     
   9.4799999999998423        2.5953678929721953     
   9.4899999999998421        2.5928892544630235     
   9.4999999999998419        2.5905037321420847     
   9.5099999999998417        2.5882112496656160     
   9.5199999999998415        2.5860117219523788     
   9.5299999999998413        2.5839050560809396     
   9.5399999999998411        2.5818911521675822     
   9.5499999999998408        2.5799699041623043     
   9.5599999999998406        2.5781412006124462     
   9.5699999999998404        2.5764049253741339     
   9.5799999999998402        2.5747609582796458     
   9.5899999999998400        2.5732091757730782     
   9.5999999999998398        2.5717494514881123     
   9.6099999999998396        2.5703816568131539     
   9.6199999999998393        2.5691056613948304     
   9.6299999999998391        2.5679213336330196     
   9.6399999999998389        2.5668285411349681     
   9.6499999999998387        2.5658271511214372     
   9.6599999999998385        2.5649170308495681     
   9.6699999999998383        2.5640980479538218     
   9.6799999999998381        2.5633700708095217     
   9.6899999999998379        2.5627329688420732     
   9.6999999999998376        2.5621866128249922     
   9.7099999999998374        2.5617308751603400     
   9.7199999999998372        2.5613656301284187     
   9.7299999999998370        2.5610907541192862     
   9.7399999999998368        2.5609061258612686     
   9.7499999999998366        2.5608116266042291     
   9.7599999999998364        2.5608071403135644     
   9.7699999999998361        2.5608925538285434     
   9.7799999999998359        2.5610677570176521     
   9.7899999999998357        2.5613326429057022     
   9.7999999999998355        2.5616871078014429     
   9.8099999999998353        2.5621310514007809     
   9.8199999999998351        2.5626643768801642     
   9.8299999999998349        2.5632869909776468     
   9.8399999999998347        2.5639988040617481     
   9.8499999999998344        2.5647997301784589     
   9.8599999999998342        2.5656896871140797     
   9.8699999999998340        2.5666685964053015     
   9.8799999999998338        2.5677363833725591     
   9.8899999999998336        2.5688929771287494     
   9.8999999999998334        2.5701383105734310     
   9.9099999999998332        2.5714723203784700     
   9.9199999999998330        2.5728949469792060     
   9.9299999999998327        2.5744061345183820     
   9.9399999999998325        2.5760058308143092     
   9.9499999999998323        2.5776939873041993     
   9.9599999999998321        2.5794705589760740     
   9.9699999999998319        2.5813355042840209     
   9.9799999999998317        2.5832887850722956     
   9.9899999999998315        2.5853303664598837     
   9.9999999999998312        2.5874602167404199     
