   0.0000000000000000        4.9082682648433013E-003
   1.0000000000000000E-002   4.7223747747862106E-003
   2.0000000000000000E-002   4.5388137382513290E-003
   2.9999999999999999E-002   4.3597586864008988E-003
   4.0000000000000001E-002   4.1870804388603007E-003
   5.0000000000000003E-002   4.0222564020415729E-003
   6.0000000000000005E-002   3.8663336550096377E-003
   7.0000000000000007E-002   3.7199405858623440E-003
   8.0000000000000002E-002   3.5833340220534902E-003
   8.9999999999999997E-002   3.4564663098389688E-003
   9.9999999999999992E-002   3.3390585106445616E-003
  0.10999999999999999        3.2306697524324256E-003
  0.11999999999999998        3.1307569840084079E-003
  0.12999999999999998        3.0387228456008630E-003
  0.13999999999999999        2.9539517159658159E-003
  0.14999999999999999        2.8758353025972621E-003
  0.16000000000000000        2.8037896754323582E-003
  0.17000000000000001        2.7372656935283819E-003
  0.18000000000000002        2.6757545683005297E-003
  0.19000000000000003        2.6187900003529908E-003
  0.20000000000000004        2.5659480095766157E-003
  0.21000000000000005        2.5168452944888658E-003
  0.22000000000000006        2.4711367232282430E-003
  0.23000000000000007        2.4285123764095744E-003
  0.24000000000000007        2.3886944253294060E-003
  0.25000000000000006        2.3514340295079433E-003
  0.26000000000000006        2.3165083669932592E-003
  0.27000000000000007        2.2837178620165027E-003
  0.28000000000000008        2.2528836416233454E-003
  0.29000000000000009        2.2238452312918974E-003
  0.30000000000000010        2.1964584858924245E-003
  0.31000000000000011        2.1705937441707456E-003
  0.32000000000000012        2.1461341904667882E-003
  0.33000000000000013        2.1229744053556407E-003
  0.34000000000000014        2.1010190864453656E-003
  0.35000000000000014        2.0801819210825552E-003
  0.36000000000000015        2.0603845937966422E-003
  0.37000000000000016        2.0415559126867136E-003
  0.38000000000000017        2.0236310404444951E-003
  0.39000000000000018        2.0065508172031053E-003
  0.40000000000000019        1.9902611638364823E-003
  0.41000000000000020        1.9747125556713718E-003
  0.42000000000000021        1.9598595577944378E-003
  0.43000000000000022        1.9456604142352838E-003
  0.44000000000000022        1.9320766842844683E-003
  0.45000000000000023        1.9190729200695086E-003
  0.46000000000000024        1.9066163802710443E-003
  0.47000000000000025        1.8946767755250399E-003
  0.48000000000000026        1.8832260416354223E-003
  0.49000000000000027        1.8722381372248409E-003
  0.50000000000000022        1.8616888628877608E-003
  0.51000000000000023        1.8515556992890160E-003
  0.52000000000000024        1.8418176619789787E-003
  0.53000000000000025        1.8324551709807840E-003
  0.54000000000000026        1.8234499334513384E-003
  0.55000000000000027        1.8147848379310987E-003
  0.56000000000000028        1.8064438588826066E-003
  0.57000000000000028        1.7984119703781422E-003
  0.58000000000000029        1.7906750679361316E-003
  0.59000000000000030        1.7832198976268844E-003
  0.60000000000000031        1.7760339916735690E-003
  0.61000000000000032        1.7691056098657957E-003
  0.62000000000000033        1.7624236861832920E-003
  0.63000000000000034        1.7559777800966331E-003
  0.64000000000000035        1.7497580320731218E-003
  0.65000000000000036        1.7437551228691513E-003
  0.66000000000000036        1.7379602362371791E-003
  0.67000000000000037        1.7323650247163848E-003
  0.68000000000000038        1.7269615782122599E-003
  0.69000000000000039        1.7217423951020293E-003
  0.70000000000000040        1.7167003556307582E-003
  0.71000000000000041        1.7118286973877939E-003
  0.72000000000000042        1.7071209926749068E-003
  0.73000000000000043        1.7025711275968775E-003
  0.74000000000000044        1.6981732827223968E-003
  0.75000000000000044        1.6939219151783837E-003
  0.76000000000000045        1.6898117420542586E-003
  0.77000000000000046        1.6858377250048683E-003
  0.78000000000000047        1.6819950559514058E-003
  0.79000000000000048        1.6782791437893044E-003
  0.80000000000000049        1.6746856020205824E-003
  0.81000000000000050        1.6712102372358987E-003
  0.82000000000000051        1.6678490383783429E-003
  0.83000000000000052        1.6645981667271952E-003
  0.84000000000000052        1.6614539465454928E-003
  0.85000000000000053        1.6584128563401029E-003
  0.86000000000000054        1.6554715206876431E-003
  0.87000000000000055        1.6526267025835230E-003
  0.88000000000000056        1.6498752962751193E-003
  0.89000000000000057        1.6472143205433806E-003
  0.90000000000000058        1.6446409124001380E-003
  0.91000000000000059        1.6421523211711518E-003
  0.92000000000000060        1.6397459029373522E-003
  0.93000000000000060        1.6374191153089926E-003
  0.94000000000000061        1.6351695125094365E-003
  0.95000000000000062        1.6329947407472097E-003
  0.96000000000000063        1.6308925338565565E-003
  0.97000000000000064        1.6288607091883352E-003
  0.98000000000000065        1.6268971637344704E-003
  0.99000000000000066        1.6249998704704655E-003
   1.0000000000000007        1.6231668749016280E-003
   1.0100000000000007        1.6213962917997840E-003
   1.0200000000000007        1.6196863021181826E-003
   1.0300000000000007        1.6180351500732302E-003
   1.0400000000000007        1.6164411403825219E-003
   1.0500000000000007        1.6149026356493523E-003
   1.0600000000000007        1.6134180538846757E-003
   1.0700000000000007        1.6119858661580041E-003
   1.0800000000000007        1.6106045943694435E-003
   1.0900000000000007        1.6092728091355527E-003
   1.1000000000000008        1.6079891277821833E-003
   1.1100000000000008        1.6067522124380298E-003
   1.1200000000000008        1.6055607682228905E-003
   1.1300000000000008        1.6044135415252102E-003
   1.1400000000000008        1.6033093183636972E-003
   1.1500000000000008        1.6022469228282152E-003
   1.1600000000000008        1.6012252155954817E-003
   1.1700000000000008        1.6002430925153182E-003
   1.1800000000000008        1.5992994832635771E-003
   1.1900000000000008        1.5983933500579846E-003
   1.2000000000000008        1.5975236864335357E-003
   1.2100000000000009        1.5966895160741160E-003
   1.2200000000000009        1.5958898916973835E-003
   1.2300000000000009        1.5951238939900260E-003
   1.2400000000000009        1.5943906305907233E-003
   1.2500000000000009        1.5936892351183106E-003
   1.2600000000000009        1.5930188662427746E-003
   1.2700000000000009        1.5923787067968732E-003
   1.2800000000000009        1.5917679629262626E-003
   1.2900000000000009        1.5911858632761972E-003
   1.3000000000000009        1.5906316582129318E-003
   1.3100000000000009        1.5901046190780926E-003
   1.3200000000000010        1.5896040374743516E-003
   1.3300000000000010        1.5891292245808774E-003
   1.3400000000000010        1.5886795104970957E-003
   1.3500000000000010        1.5882542436133657E-003
   1.3600000000000010        1.5878527900072691E-003
   1.3700000000000010        1.5874745328643097E-003
   1.3800000000000010        1.5871188719218071E-003
   1.3900000000000010        1.5867852229349494E-003
   1.4000000000000010        1.5864730171638961E-003
   1.4100000000000010        1.5861817008809976E-003
   1.4200000000000010        1.5859107348971798E-003
   1.4300000000000010        1.5856595941066017E-003
   1.4400000000000011        1.5854277670487855E-003
   1.4500000000000011        1.5852147554873705E-003
   1.4600000000000011        1.5850200740047931E-003
   1.4700000000000011        1.5848432496121509E-003
   1.4800000000000011        1.5846838213735899E-003
   1.4900000000000011        1.5845413400445521E-003
   1.5000000000000011        1.5844153677233087E-003
   1.5100000000000011        1.5843054775151653E-003
   1.5200000000000011        1.5842112532088218E-003
   1.5300000000000011        1.5841322889643232E-003
   1.5400000000000011        1.5840681890121663E-003
   1.5500000000000012        1.5840185673630289E-003
   1.5600000000000012        1.5839830475277020E-003
   1.5700000000000012        1.5839612622468044E-003
   1.5800000000000012        1.5839528532298596E-003
   1.5900000000000012        1.5839574709033502E-003
   1.6000000000000012        1.5839747741673771E-003
   1.6100000000000012        1.5840044301605916E-003
   1.6200000000000012        1.5840461140330365E-003
   1.6300000000000012        1.5840995087266078E-003
   1.6400000000000012        1.5841643047627928E-003
   1.6500000000000012        1.5842402000374486E-003
   1.6600000000000013        1.5843268996222932E-003
   1.6700000000000013        1.5844241155728695E-003
   1.6800000000000013        1.5845315667427256E-003
   1.6900000000000013        1.5846489786035774E-003
   1.7000000000000013        1.5847760830711996E-003
   1.7100000000000013        1.5849126183368656E-003
   1.7200000000000013        1.5850583287040810E-003
   1.7300000000000013        1.5852129644304334E-003
   1.7400000000000013        1.5853762815743796E-003
   1.7500000000000013        1.5855480418467518E-003
   1.7600000000000013        1.5857280124668340E-003
   1.7700000000000014        1.5859159660228275E-003
   1.7800000000000014        1.5861116803365636E-003
   1.7900000000000014        1.5863149383322614E-003
   1.8000000000000014        1.5865255279092583E-003
   1.8100000000000014        1.5867432418184865E-003
   1.8200000000000014        1.5869678775426417E-003
   1.8300000000000014        1.5871992371798422E-003
   1.8400000000000014        1.5874371273307075E-003
   1.8500000000000014        1.5876813589886989E-003
   1.8600000000000014        1.5879317474336498E-003
   1.8700000000000014        1.5881881121283187E-003
   1.8800000000000014        1.5884502766179206E-003
   1.8900000000000015        1.5887180684324811E-003
   1.9000000000000015        1.5889913189919579E-003
   1.9100000000000015        1.5892698635140148E-003
   1.9200000000000015        1.5895535409243635E-003
   1.9300000000000015        1.5898421937695837E-003
   1.9400000000000015        1.5901356681323456E-003
   1.9500000000000015        1.5904338135489550E-003
   1.9600000000000015        1.5907364829291354E-003
   1.9700000000000015        1.5910435324779791E-003
   1.9800000000000015        1.5913548216200089E-003
   1.9900000000000015        1.5916702129252552E-003
   2.0000000000000013        1.5919895720373082E-003
   2.0100000000000011        1.5923127676032800E-003
   2.0200000000000009        1.5926396712055888E-003
   2.0300000000000007        1.5929701572955481E-003
   2.0400000000000005        1.5933041031286716E-003
   2.0500000000000003        1.5936413887016616E-003
   2.0600000000000001        1.5939818966910016E-003
   2.0699999999999998        1.5943255123931591E-003
   2.0799999999999996        1.5946721236662555E-003
   2.0899999999999994        1.5950216208732726E-003
   2.0999999999999992        1.5953738968266461E-003
   2.1099999999999990        1.5957288467342752E-003
   2.1199999999999988        1.5960863681468743E-003
   2.1299999999999986        1.5964463609066154E-003
   2.1399999999999983        1.5968087270970676E-003
   2.1499999999999981        1.5971733709943439E-003
   2.1599999999999979        1.5975401990194545E-003
   2.1699999999999977        1.5979091196918183E-003
   2.1799999999999975        1.5982800435838994E-003
   2.1899999999999973        1.5986528832769391E-003
   2.1999999999999971        1.5990275533177476E-003
   2.2099999999999969        1.5994039701765410E-003
   2.2199999999999966        1.5997820522057533E-003
   2.2299999999999964        1.6001617195998575E-003
   2.2399999999999962        1.6005428943561032E-003
   2.2499999999999960        1.6009255002362062E-003
   2.2599999999999958        1.6013094627288979E-003
   2.2699999999999956        1.6016947090133774E-003
   2.2799999999999954        1.6020811679235919E-003
   2.2899999999999952        1.6024687699133457E-003
   2.2999999999999949        1.6028574470222125E-003
   2.3099999999999947        1.6032471328422280E-003
   2.3199999999999945        1.6036377624853296E-003
   2.3299999999999943        1.6040292725515524E-003
   2.3399999999999941        1.6044216010979353E-003
   2.3499999999999939        1.6048146876081189E-003
   2.3599999999999937        1.6052084729626414E-003
   2.3699999999999934        1.6056028994098806E-003
   2.3799999999999932        1.6059979105376651E-003
   2.3899999999999930        1.6063934512454807E-003
   2.3999999999999928        1.6067894677173284E-003
   2.4099999999999926        1.6071859073951489E-003
   2.4199999999999924        1.6075827189528532E-003
   2.4299999999999922        1.6079798522708965E-003
   2.4399999999999920        1.6083772584114257E-003
   2.4499999999999917        1.6087748895939702E-003
   2.4599999999999915        1.6091726991716235E-003
   2.4699999999999913        1.6095706416077763E-003
   2.4799999999999911        1.6099686724533378E-003
   2.4899999999999909        1.6103667483244302E-003
   2.4999999999999907        1.6107648268805777E-003
   2.5099999999999905        1.6111628668033446E-003
   2.5199999999999902        1.6115608277754480E-003
   2.5299999999999900        1.6119586704602888E-003
   2.5399999999999898        1.6123563564819168E-003
   2.5499999999999896        1.6127538484054366E-003
   2.5599999999999894        1.6131511097178036E-003
   2.5699999999999892        1.6135481048090317E-003
   2.5799999999999890        1.6139447989537874E-003
   2.5899999999999888        1.6143411582933659E-003
   2.5999999999999885        1.6147371498180553E-003
   2.6099999999999883        1.6151327413498390E-003
   2.6199999999999881        1.6155279015254761E-003
   2.6299999999999879        1.6159225997799259E-003
   2.6399999999999877        1.6163168063301014E-003
   2.6499999999999875        1.6167104921589752E-003
   2.6599999999999873        1.6171036289999844E-003
   2.6699999999999871        1.6174961893217757E-003
   2.6799999999999868        1.6178881463132493E-003
   2.6899999999999866        1.6182794738689077E-003
   2.6999999999999864        1.6186701465745054E-003
   2.7099999999999862        1.6190601396929723E-003
   2.7199999999999860        1.6194494291506528E-003
   2.7299999999999858        1.6198379915237774E-003
   2.7399999999999856        1.6202258040252506E-003
   2.7499999999999853        1.6206128444916693E-003
   2.7599999999999851        1.6209990913706178E-003
   2.7699999999999849        1.6213845237082174E-003
   2.7799999999999847        1.6217691211369057E-003
   2.7899999999999845        1.6221528638634805E-003
   2.7999999999999843        1.6225357326573751E-003
   2.8099999999999841        1.6229177088391527E-003
   2.8199999999999839        1.6232987742692423E-003
   2.8299999999999836        1.6236789113368978E-003
   2.8399999999999834        1.6240581029493618E-003
   2.8499999999999832        1.6244363325212511E-003
   2.8599999999999830        1.6248135839641575E-003
   2.8699999999999828        1.6251898416764349E-003
   2.8799999999999826        1.6255650905332071E-003
   2.8899999999999824        1.6259393158765494E-003
   2.8999999999999821        1.6263125035058800E-003
   2.9099999999999819        1.6266846396685347E-003
   2.9199999999999817        1.6270557110505102E-003
   2.9299999999999815        1.6274257047674185E-003
   2.9399999999999813        1.6277946083555794E-003
   2.9499999999999811        1.6281624097633199E-003
   2.9599999999999809        1.6285290973424181E-003
   2.9699999999999807        1.6288946598397272E-003
   2.9799999999999804        1.6292590863889532E-003
   2.9899999999999802        1.6296223665026031E-003
   2.9999999999999800        1.6299844900640684E-003
   3.0099999999999798        1.6303454473198837E-003
   3.0199999999999796        1.6307052288721212E-003
   3.0299999999999794        1.6310638256709295E-003
   3.0399999999999792        1.6314212290072341E-003
   3.0499999999999790        1.6317774305055568E-003
   3.0599999999999787        1.6321324221169808E-003
   3.0699999999999785        1.6324861961122584E-003
   3.0799999999999783        1.6328387450750392E-003
   3.0899999999999781        1.6331900618952440E-003
   3.0999999999999779        1.6335401397625379E-003
   3.1099999999999777        1.6338889721599680E-003
   3.1199999999999775        1.6342365528576814E-003
   3.1299999999999772        1.6345828759067979E-003
   3.1399999999999770        1.6349279356333783E-003
   3.1499999999999768        1.6352717266325113E-003
   3.1599999999999766        1.6356142437625361E-003
   3.1699999999999764        1.6359554821393277E-003
   3.1799999999999762        1.6362954371307453E-003
   3.1899999999999760        1.6366341043511511E-003
   3.1999999999999758        1.6369714796560470E-003
   3.2099999999999755        1.6373075591368056E-003
   3.2199999999999753        1.6376423391155168E-003
   3.2299999999999751        1.6379758161399187E-003
   3.2399999999999749        1.6383079869784292E-003
   3.2499999999999747        1.6386388486152772E-003
   3.2599999999999745        1.6389683982457150E-003
   3.2699999999999743        1.6392966332713418E-003
   3.2799999999999740        1.6396235512954889E-003
   3.2899999999999738        1.6399491501187310E-003
   3.2999999999999736        1.6402734277344306E-003
   3.3099999999999734        1.6405963823244310E-003
   3.3199999999999732        1.6409180122547702E-003
   3.3299999999999730        1.6412383160715231E-003
   3.3399999999999728        1.6415572924966947E-003
   3.3499999999999726        1.6418749404242064E-003
   3.3599999999999723        1.6421912589159534E-003
   3.3699999999999721        1.6425062471979409E-003
   3.3799999999999719        1.6428199046564834E-003
   3.3899999999999717        1.6431322308345004E-003
   3.3999999999999715        1.6434432254278507E-003
   3.4099999999999713        1.6437528882817618E-003
   3.4199999999999711        1.6440612193873295E-003
   3.4299999999999708        1.6443682188780533E-003
   3.4399999999999706        1.6446738870264789E-003
   3.4499999999999704        1.6449782242408814E-003
   3.4599999999999702        1.6452812310620074E-003
   3.4699999999999700        1.6455829081599017E-003
   3.4799999999999698        1.6458832563307807E-003
   3.4899999999999696        1.6461822764939548E-003
   3.4999999999999694        1.6464799696888461E-003
   3.5099999999999691        1.6467763370720122E-003
   3.5199999999999689        1.6470713799142862E-003
   3.5299999999999687        1.6473650995979152E-003
   3.5399999999999685        1.6476574976137942E-003
   3.5499999999999683        1.6479485755587365E-003
   3.5599999999999681        1.6482383351328026E-003
   3.5699999999999679        1.6485267781366694E-003
   3.5799999999999677        1.6488139064690676E-003
   3.5899999999999674        1.6490997221242599E-003
   3.5999999999999672        1.6493842271895671E-003
   3.6099999999999670        1.6496674238429352E-003
   3.6199999999999668        1.6499493143505798E-003
   3.6299999999999666        1.6502299010646279E-003
   3.6399999999999664        1.6505091864208597E-003
   3.6499999999999662        1.6507871729364465E-003
   3.6599999999999659        1.6510638632077669E-003
   3.6699999999999657        1.6513392599082457E-003
   3.6799999999999655        1.6516133657862493E-003
   3.6899999999999653        1.6518861836630086E-003
   3.6999999999999651        1.6521577164305915E-003
   3.7099999999999649        1.6524279670499195E-003
   3.7199999999999647        1.6526969385488094E-003
   3.7299999999999645        1.6529646340200644E-003
   3.7399999999999642        1.6532310566196049E-003
   3.7499999999999640        1.6534962095646223E-003
   3.7599999999999638        1.6537600961317874E-003
   3.7699999999999636        1.6540227196554797E-003
   3.7799999999999634        1.6542840835260669E-003
   3.7899999999999632        1.6545441911881944E-003
   3.7999999999999630        1.6548030461391399E-003
   3.8099999999999627        1.6550606519271790E-003
   3.8199999999999625        1.6553170121499871E-003
   3.8299999999999623        1.6555721304530781E-003
   3.8399999999999621        1.6558260105282790E-003
   3.8499999999999619        1.6560786561122187E-003
   3.8599999999999617        1.6563300709848648E-003
   3.8699999999999615        1.6565802589680735E-003
   3.8799999999999613        1.6568292239241983E-003
   3.8899999999999610        1.6570769697546749E-003
   3.8999999999999608        1.6573235003987013E-003
   3.9099999999999606        1.6575688198318835E-003
   3.9199999999999604        1.6578129320649485E-003
   3.9299999999999602        1.6580558411424693E-003
   3.9399999999999600        1.6582975511416165E-003
   3.9499999999999598        1.6585380661709348E-003
   3.9599999999999596        1.6587773903691484E-003
   3.9699999999999593        1.6590155279039901E-003
   3.9799999999999591        1.6592524829710550E-003
   3.9899999999999589        1.6594882597926745E-003
   3.9999999999999587        1.6597228626168124E-003
   4.0099999999999589        1.6599562957159964E-003
   4.0199999999999587        1.6601885633862610E-003
   4.0299999999999585        1.6604196699461090E-003
   4.0399999999999583        1.6606496197355044E-003
   4.0499999999999581        1.6608784171148906E-003
   4.0599999999999579        1.6611060664642120E-003
   4.0699999999999577        1.6613325721819639E-003
   4.0799999999999574        1.6615579386842787E-003
   4.0899999999999572        1.6617821704040055E-003
   4.0999999999999570        1.6620052717898300E-003
   4.1099999999999568        1.6622272473053941E-003
   4.1199999999999566        1.6624481014284611E-003
   4.1299999999999564        1.6626678386500681E-003
   4.1399999999999562        1.6628864634737265E-003
   4.1499999999999559        1.6631039804146110E-003
   4.1599999999999557        1.6633203939987939E-003
   4.1699999999999555        1.6635357087624743E-003
   4.1799999999999553        1.6637499292512371E-003
   4.1899999999999551        1.6639630600193236E-003
   4.1999999999999549        1.6641751056289227E-003
   4.2099999999999547        1.6643860706494617E-003
   4.2199999999999545        1.6645959596569412E-003
   4.2299999999999542        1.6648047772332671E-003
   4.2399999999999540        1.6650125279655814E-003
   4.2499999999999538        1.6652192164456538E-003
   4.2599999999999536        1.6654248472692389E-003
   4.2699999999999534        1.6656294250354819E-003
   4.2799999999999532        1.6658329543463111E-003
   4.2899999999999530        1.6660354398058772E-003
   4.2999999999999527        1.6662368860199661E-003
   4.3099999999999525        1.6664372975954630E-003
   4.3199999999999523        1.6666366791398017E-003
   4.3299999999999521        1.6668350352604376E-003
   4.3399999999999519        1.6670323705643378E-003
   4.3499999999999517        1.6672286896574778E-003
   4.3599999999999515        1.6674239971443381E-003
   4.3699999999999513        1.6676182976274431E-003
   4.3799999999999510        1.6678115957068777E-003
   4.3899999999999508        1.6680038959798402E-003
   4.3999999999999506        1.6681952030401944E-003
   4.4099999999999504        1.6683855214780295E-003
   4.4199999999999502        1.6685748558792450E-003
   4.4299999999999500        1.6687632108251297E-003
   4.4399999999999498        1.6689505908919658E-003
   4.4499999999999496        1.6691370006506265E-003
   4.4599999999999493        1.6693224446661980E-003
   4.4699999999999491        1.6695069274976077E-003
   4.4799999999999489        1.6696904536972602E-003
   4.4899999999999487        1.6698730278106742E-003
   4.4999999999999485        1.6700546543761442E-003
   4.5099999999999483        1.6702353379244052E-003
   4.5199999999999481        1.6704150829783028E-003
   4.5299999999999478        1.6705938940524698E-003
   4.5399999999999476        1.6707717756530181E-003
   4.5499999999999474        1.6709487322772408E-003
   4.5599999999999472        1.6711247684133138E-003
   4.5699999999999470        1.6712998885400046E-003
   4.5799999999999468        1.6714740971264096E-003
   4.5899999999999466        1.6716473986316612E-003
   4.5999999999999464        1.6718197975046831E-003
   4.6099999999999461        1.6719912981839251E-003
   4.6199999999999459        1.6721619050971204E-003
   4.6299999999999457        1.6723316226610321E-003
   4.6399999999999455        1.6725004552812360E-003
   4.6499999999999453        1.6726684073518799E-003
   4.6599999999999451        1.6728354832554670E-003
   4.6699999999999449        1.6730016873626387E-003
   4.6799999999999446        1.6731670240319747E-003
   4.6899999999999444        1.6733314976097808E-003
   4.6999999999999442        1.6734951124298984E-003
   4.7099999999999440        1.6736578728135140E-003
   4.7199999999999438        1.6738197830689790E-003
   4.7299999999999436        1.6739808474916249E-003
   4.7399999999999434        1.6741410703636013E-003
   4.7499999999999432        1.6743004559536961E-003
   4.7599999999999429        1.6744590085171903E-003
   4.7699999999999427        1.6746167322956845E-003
   4.7799999999999425        1.6747736315169668E-003
   4.7899999999999423        1.6749297103948531E-003
   4.7999999999999421        1.6750849731290572E-003
   4.8099999999999419        1.6752394239050487E-003
   4.8199999999999417        1.6753930668939251E-003
   4.8299999999999415        1.6755459062522831E-003
   4.8399999999999412        1.6756979461221096E-003
   4.8499999999999410        1.6758491906306485E-003
   4.8599999999999408        1.6759996438902973E-003
   4.8699999999999406        1.6761493099985015E-003
   4.8799999999999404        1.6762981930376502E-003
   4.8899999999999402        1.6764462970749695E-003
   4.8999999999999400        1.6765936261624397E-003
   4.9099999999999397        1.6767401843366949E-003
   4.9199999999999395        1.6768859756189397E-003
   4.9299999999999393        1.6770310040148638E-003
   4.9399999999999391        1.6771752735145675E-003
   4.9499999999999389        1.6773187880924840E-003
   4.9599999999999387        1.6774615517072976E-003
   4.9699999999999385        1.6776035683018910E-003
   4.9799999999999383        1.6777448418032732E-003
   4.9899999999999380        1.6778853761225099E-003
   4.9999999999999378        1.6780251751546851E-003
   5.0099999999999376        1.6781642427788188E-003
   5.0199999999999374        1.6783025828578414E-003
   5.0299999999999372        1.6784401992385228E-003
   5.0399999999999370        1.6785770957514468E-003
   5.0499999999999368        1.6787132762109483E-003
   5.0599999999999365        1.6788487444150933E-003
   5.0699999999999363        1.6789835041456241E-003
   5.0799999999999361        1.6791175591679306E-003
   5.0899999999999359        1.6792509132310324E-003
   5.0999999999999357        1.6793835700675253E-003
   5.1099999999999355        1.6795155333935742E-003
   5.1199999999999353        1.6796468069088799E-003
   5.1299999999999351        1.6797773942966647E-003
   5.1399999999999348        1.6799072992236420E-003
   5.1499999999999346        1.6800365253400180E-003
   5.1599999999999344        1.6801650762794554E-003
   5.1699999999999342        1.6802929556590815E-003
   5.1799999999999340        1.6804201670794646E-003
   5.1899999999999338        1.6805467141246110E-003
   5.1999999999999336        1.6806726003619631E-003
   5.2099999999999334        1.6807978293423950E-003
   5.2199999999999331        1.6809224046002021E-003
   5.2299999999999329        1.6810463296531145E-003
   5.2399999999999327        1.6811696080022915E-003
   5.2499999999999325        1.6812922431323281E-003
   5.2599999999999323        1.6814142385112639E-003
   5.2699999999999321        1.6815355975905841E-003
   5.2799999999999319        1.6816563238052369E-003
   5.2899999999999316        1.6817764205736415E-003
   5.2999999999999314        1.6818958912977013E-003
   5.3099999999999312        1.6820147393628161E-003
   5.3199999999999310        1.6821329681379080E-003
   5.3299999999999308        1.6822505809754231E-003
   5.3399999999999306        1.6823675812113702E-003
   5.3499999999999304        1.6824839721653240E-003
   5.3599999999999302        1.6825997571404568E-003
   5.3699999999999299        1.6827149394235609E-003
   5.3799999999999297        1.6828295222850764E-003
   5.3899999999999295        1.6829435089791075E-003
   5.3999999999999293        1.6830569027434616E-003
   5.4099999999999291        1.6831697067996724E-003
   5.4199999999999289        1.6832819243530286E-003
   5.4299999999999287        1.6833935585926097E-003
   5.4399999999999284        1.6835046126913165E-003
   5.4499999999999282        1.6836150898059013E-003
   5.4599999999999280        1.6837249930770077E-003
   5.4699999999999278        1.6838343256292060E-003
   5.4799999999999276        1.6839430905710227E-003
   5.4899999999999274        1.6840512909949905E-003
   5.4999999999999272        1.6841589299776724E-003
   5.5099999999999270        1.6842660105797181E-003
   5.5199999999999267        1.6843725358458819E-003
   5.5299999999999265        1.6844785088050939E-003
   5.5399999999999263        1.6845839324704760E-003
   5.5499999999999261        1.6846888098393971E-003
   5.5599999999999259        1.6847931438935138E-003
   5.5699999999999257        1.6848969375988217E-003
   5.5799999999999255        1.6850001939056922E-003
   5.5899999999999253        1.6851029157489228E-003
   5.5999999999999250        1.6852051060477838E-003
   5.6099999999999248        1.6853067677060673E-003
   5.6199999999999246        1.6854079036121329E-003
   5.6299999999999244        1.6855085166389585E-003
   5.6399999999999242        1.6856086096441903E-003
   5.6499999999999240        1.6857081854701980E-003
   5.6599999999999238        1.6858072469441046E-003
   5.6699999999999235        1.6859057968778713E-003
   5.6799999999999233        1.6860038380683198E-003
   5.6899999999999231        1.6861013732972030E-003
   5.6999999999999229        1.6861984053312495E-003
   5.7099999999999227        1.6862949369222163E-003
   5.7199999999999225        1.6863909708069536E-003
   5.7299999999999223        1.6864865097074449E-003
   5.7399999999999221        1.6865815563308730E-003
   5.7499999999999218        1.6866761133696691E-003
   5.7599999999999216        1.6867701835015681E-003
   5.7699999999999214        1.6868637693896748E-003
   5.7799999999999212        1.6869568736825036E-003
   5.7899999999999210        1.6870494990140496E-003
   5.7999999999999208        1.6871416480038416E-003
   5.8099999999999206        1.6872333232569993E-003
   5.8199999999999203        1.6873245273642864E-003
   5.8299999999999201        1.6874152629021749E-003
   5.8399999999999199        1.6875055324329076E-003
   5.8499999999999197        1.6875953385045424E-003
   5.8599999999999195        1.6876846836510243E-003
   5.8699999999999193        1.6877735703922441E-003
   5.8799999999999191        1.6878620012340854E-003
   5.8899999999999189        1.6879499786684991E-003
   5.8999999999999186        1.6880375051735580E-003
   5.9099999999999184        1.6881245832135116E-003
   5.9199999999999182        1.6882112152388530E-003
   5.9299999999999180        1.6882974036863771E-003
   5.9399999999999178        1.6883831509792409E-003
   5.9499999999999176        1.6884684595270291E-003
   5.9599999999999174        1.6885533317258046E-003
   5.9699999999999172        1.6886377699581749E-003
   5.9799999999999169        1.6887217765933591E-003
   5.9899999999999167        1.6888053539872417E-003
   5.9999999999999165        1.6888885044824319E-003
   6.0099999999999163        1.6889712304083363E-003
   6.0199999999999161        1.6890535340812096E-003
   6.0299999999999159        1.6891354178042188E-003
   6.0399999999999157        1.6892168838675071E-003
   6.0499999999999154        1.6892979345482517E-003
   6.0599999999999152        1.6893785721107371E-003
   6.0699999999999150        1.6894587988063937E-003
   6.0799999999999148        1.6895386168738877E-003
   6.0899999999999146        1.6896180285391606E-003
   6.0999999999999144        1.6896970360155007E-003
   6.1099999999999142        1.6897756415036049E-003
   6.1199999999999140        1.6898538471916392E-003
   6.1299999999999137        1.6899316552553003E-003
   6.1399999999999135        1.6900090678578737E-003
   6.1499999999999133        1.6900860871503075E-003
   6.1599999999999131        1.6901627152712570E-003
   6.1699999999999129        1.6902389543471605E-003
   6.1799999999999127        1.6903148064922912E-003
   6.1899999999999125        1.6903902738088286E-003
   6.1999999999999122        1.6904653583869108E-003
   6.2099999999999120        1.6905400623047010E-003
   6.2199999999999118        1.6906143876284439E-003
   6.2299999999999116        1.6906883364125362E-003
   6.2399999999999114        1.6907619106995785E-003
   6.2499999999999112        1.6908351125204388E-003
   6.2599999999999110        1.6909079438943183E-003
   6.2699999999999108        1.6909804068288080E-003
   6.2799999999999105        1.6910525033199443E-003
   6.2899999999999103        1.6911242353522839E-003
   6.2999999999999101        1.6911956048989505E-003
   6.3099999999999099        1.6912666139217028E-003
   6.3199999999999097        1.6913372643709906E-003
   6.3299999999999095        1.6914075581860222E-003
   6.3399999999999093        1.6914774972948132E-003
   6.3499999999999091        1.6915470836142564E-003
   6.3599999999999088        1.6916163190501766E-003
   6.3699999999999086        1.6916852054973920E-003
   6.3799999999999084        1.6917537448397713E-003
   6.3899999999999082        1.6918219389502967E-003
   6.3999999999999080        1.6918897896911222E-003
   6.4099999999999078        1.6919572989136280E-003
   6.4199999999999076        1.6920244684584872E-003
   6.4299999999999073        1.6920913001557197E-003
   6.4399999999999071        1.6921577958247452E-003
   6.4499999999999069        1.6922239572744583E-003
   6.4599999999999067        1.6922897863032682E-003
   6.4699999999999065        1.6923552846991629E-003
   6.4799999999999063        1.6924204542397784E-003
   6.4899999999999061        1.6924852966924370E-003
   6.4999999999999059        1.6925498138142189E-003
   6.5099999999999056        1.6926140073520151E-003
   6.5199999999999054        1.6926778790425819E-003
   6.5299999999999052        1.6927414306126044E-003
   6.5399999999999050        1.6928046637787425E-003
   6.5499999999999048        1.6928675802477004E-003
   6.5599999999999046        1.6929301817162731E-003
   6.5699999999999044        1.6929924698714039E-003
   6.5799999999999041        1.6930544463902466E-003
   6.5899999999999039        1.6931161129402135E-003
   6.5999999999999037        1.6931774711790317E-003
   6.6099999999999035        1.6932385227548083E-003
   6.6199999999999033        1.6932992693060708E-003
   6.6299999999999031        1.6933597124618319E-003
   6.6399999999999029        1.6934198538416404E-003
   6.6499999999999027        1.6934796950556349E-003
   6.6599999999999024        1.6935392377046025E-003
   6.6699999999999022        1.6935984833800276E-003
   6.6799999999999020        1.6936574336641479E-003
   6.6899999999999018        1.6937160901300068E-003
   6.6999999999999016        1.6937744543415077E-003
   6.7099999999999014        1.6938325278534709E-003
   6.7199999999999012        1.6938903122116771E-003
   6.7299999999999010        1.6939478089529258E-003
   6.7399999999999007        1.6940050196050920E-003
   6.7499999999999005        1.6940619456871702E-003
   6.7599999999999003        1.6941185887093260E-003
   6.7699999999999001        1.6941749501729613E-003
   6.7799999999998999        1.6942310315707463E-003
   6.7899999999998997        1.6942868343866868E-003
   6.7999999999998995        1.6943423600961651E-003
   6.8099999999998992        1.6943976101659966E-003
   6.8199999999998990        1.6944525860544772E-003
   6.8299999999998988        1.6945072892114328E-003
   6.8399999999998986        1.6945617210782774E-003
   6.8499999999998984        1.6946158830880508E-003
   6.8599999999998982        1.6946697766654735E-003
   6.8699999999998980        1.6947234032270017E-003
   6.8799999999998978        1.6947767641808684E-003
   6.8899999999998975        1.6948298609271385E-003
   6.8999999999998973        1.6948826948577449E-003
   6.9099999999998971        1.6949352673565595E-003
   6.9199999999998969        1.6949875797994190E-003
   6.9299999999998967        1.6950396335541839E-003
   6.9399999999998965        1.6950914299807840E-003
   6.9499999999998963        1.6951429704312705E-003
   6.9599999999998960        1.6951942562498518E-003
   6.9699999999998958        1.6952452887729549E-003
   6.9799999999998956        1.6952960693292557E-003
   6.9899999999998954        1.6953465992397437E-003
   6.9999999999998952        1.6953968798177552E-003
   7.0099999999998950        1.6954469123690241E-003
   7.0199999999998948        1.6954966981917242E-003
   7.0299999999998946        1.6955462385765216E-003
   7.0399999999998943        1.6955955348066131E-003
   7.0499999999998941        1.6956445881577747E-003
   7.0599999999998939        1.6956933998984085E-003
   7.0699999999998937        1.6957419712895769E-003
   7.0799999999998935        1.6957903035850674E-003
   7.0899999999998933        1.6958383980314102E-003
   7.0999999999998931        1.6958862558679453E-003
   7.1099999999998929        1.6959338783268537E-003
   7.1199999999998926        1.6959812666332047E-003
   7.1299999999998924        1.6960284220049983E-003
   7.1399999999998922        1.6960753456532062E-003
   7.1499999999998920        1.6961220387818204E-003
   7.1599999999998918        1.6961685025878889E-003
   7.1699999999998916        1.6962147382615601E-003
   7.1799999999998914        1.6962607469861286E-003
   7.1899999999998911        1.6963065299380735E-003
   7.1999999999998909        1.6963520882870963E-003
   7.2099999999998907        1.6963974231961770E-003
   7.2199999999998905        1.6964425358215911E-003
   7.2299999999998903        1.6964874273129717E-003
   7.2399999999998901        1.6965320988133427E-003
   7.2499999999998899        1.6965765514591563E-003
   7.2599999999998897        1.6966207863803372E-003
   7.2699999999998894        1.6966648047003227E-003
   7.2799999999998892        1.6967086075360988E-003
   7.2899999999998890        1.6967521959982382E-003
   7.2999999999998888        1.6967955711909514E-003
   7.3099999999998886        1.6968387342121160E-003
   7.3199999999998884        1.6968816861533112E-003
   7.3299999999998882        1.6969244280998648E-003
   7.3399999999998879        1.6969669611308943E-003
   7.3499999999998877        1.6970092863193332E-003
   7.3599999999998875        1.6970514047319784E-003
   7.3699999999998873        1.6970933174295260E-003
   7.3799999999998871        1.6971350254666067E-003
   7.3899999999998869        1.6971765298918241E-003
   7.3999999999998867        1.6972178317477935E-003
   7.4099999999998865        1.6972589320711736E-003
   7.4199999999998862        1.6972998318927140E-003
   7.4299999999998860        1.6973405322372756E-003
   7.4399999999998858        1.6973810341238819E-003
   7.4499999999998856        1.6974213385657455E-003
   7.4599999999998854        1.6974614465703078E-003
   7.4699999999998852        1.6975013591392757E-003
   7.4799999999998850        1.6975410772686486E-003
   7.4899999999998847        1.6975806019487707E-003
   7.4999999999998845        1.6976199341643451E-003
   7.5099999999998843        1.6976590748944845E-003
   7.5199999999998841        1.6976980251127358E-003
   7.5299999999998839        1.6977367857871194E-003
   7.5399999999998837        1.6977753578801670E-003
   7.5499999999998835        1.6978137423489428E-003
   7.5599999999998833        1.6978519401450913E-003
   7.5699999999998830        1.6978899522148623E-003
   7.5799999999998828        1.6979277794991444E-003
   7.5899999999998826        1.6979654229335051E-003
   7.5999999999998824        1.6980028834482153E-003
   7.6099999999998822        1.6980401619682826E-003
   7.6199999999998820        1.6980772594134923E-003
   7.6299999999998818        1.6981141766984305E-003
   7.6399999999998816        1.6981509147325209E-003
   7.6499999999998813        1.6981874744200532E-003
   7.6599999999998811        1.6982238566602187E-003
   7.6699999999998809        1.6982600623471384E-003
   7.6799999999998807        1.6982960923698990E-003
   7.6899999999998805        1.6983319476125767E-003
   7.6999999999998803        1.6983676289542742E-003
   7.7099999999998801        1.6984031372691514E-003
   7.7199999999998798        1.6984384734264469E-003
   7.7299999999998796        1.6984736382905229E-003
   7.7399999999998794        1.6985086327208864E-003
   7.7499999999998792        1.6985434575722165E-003
   7.7599999999998790        1.6985781136944014E-003
   7.7699999999998788        1.6986126019325654E-003
   7.7799999999998786        1.6986469231270941E-003
   7.7899999999998784        1.6986810781136682E-003
   7.7999999999998781        1.6987150677232959E-003
   7.8099999999998779        1.6987488927823306E-003
   7.8199999999998777        1.6987825541125124E-003
   7.8299999999998775        1.6988160525309845E-003
   7.8399999999998773        1.6988493888503322E-003
   7.8499999999998771        1.6988825638786047E-003
   7.8599999999998769        1.6989155784193424E-003
   7.8699999999998766        1.6989484332716083E-003
   7.8799999999998764        1.6989811292300152E-003
   7.8899999999998762        1.6990136670847532E-003
   7.8999999999998760        1.6990460476216105E-003
   7.9099999999998758        1.6990782716220126E-003
   7.9199999999998756        1.6991103398630340E-003
   7.9299999999998754        1.6991422531174416E-003
   7.9399999999998752        1.6991740121537079E-003
   7.9499999999998749        1.6992056177360440E-003
   7.9599999999998747        1.6992370706244238E-003
   7.9699999999998745        1.6992683715746112E-003
   7.9799999999998743        1.6992995213381832E-003
   7.9899999999998741        1.6993305206625604E-003
   7.9999999999998739        1.6993613702910267E-003
   8.0099999999998737        1.6993920709627609E-003
   8.0199999999998735        1.6994226234128588E-003
   8.0299999999998732        1.6994530283723527E-003
   8.0399999999998730        1.6994832865682488E-003
   8.0499999999998728        1.6995133987235411E-003
   8.0599999999998726        1.6995433655572437E-003
   8.0699999999998724        1.6995731877844059E-003
   8.0799999999998722        1.6996028661161462E-003
   8.0899999999998720        1.6996324012596698E-003
   8.0999999999998717        1.6996617939182960E-003
   8.1099999999998715        1.6996910447914834E-003
   8.1199999999998713        1.6997201545748454E-003
   8.1299999999998711        1.6997491239601841E-003
   8.1399999999998709        1.6997779536355069E-003
   8.1499999999998707        1.6998066442850568E-003
   8.1599999999998705        1.6998351965893193E-003
   8.1699999999998703        1.6998636112250669E-003
   8.1799999999998700        1.6998918888653668E-003
   8.1899999999998698        1.6999200301796101E-003
   8.1999999999998696        1.6999480358335303E-003
   8.2099999999998694        1.6999759064892236E-003
   8.2199999999998692        1.7000036428051852E-003
   8.2299999999998690        1.7000312454363128E-003
   8.2399999999998688        1.7000587150339411E-003
   8.2499999999998685        1.7000860522458556E-003
   8.2599999999998683        1.7001132577163195E-003
   8.2699999999998681        1.7001403320860934E-003
   8.2799999999998679        1.7001672759924581E-003
   8.2899999999998677        1.7001940900692324E-003
   8.2999999999998675        1.7002207749467941E-003
   8.3099999999998673        1.7002473312521106E-003
   8.3199999999998671        1.7002737596087403E-003
   8.3299999999998668        1.7003000606368765E-003
   8.3399999999998666        1.7003262349533487E-003
   8.3499999999998664        1.7003522831716526E-003
   8.3599999999998662        1.7003782059019674E-003
   8.3699999999998660        1.7004040037511801E-003
   8.3799999999998658        1.7004296773228986E-003
   8.3899999999998656        1.7004552272174755E-003
   8.3999999999998654        1.7004806540320307E-003
   8.4099999999998651        1.7005059583604610E-003
   8.4199999999998649        1.7005311407934736E-003
   8.4299999999998647        1.7005562019185906E-003
   8.4399999999998645        1.7005811423201820E-003
   8.4499999999998643        1.7006059625794749E-003
   8.4599999999998641        1.7006306632745775E-003
   8.4699999999998639        1.7006552449804946E-003
   8.4799999999998636        1.7006797082691509E-003
   8.4899999999998634        1.7007040537093999E-003
   8.4999999999998632        1.7007282818670586E-003
   8.5099999999998630        1.7007523933049119E-003
   8.5199999999998628        1.7007763885827315E-003
   8.5299999999998626        1.7008002682573032E-003
   8.5399999999998624        1.7008240328824388E-003
   8.5499999999998622        1.7008476830089913E-003
   8.5599999999998619        1.7008712191848789E-003
   8.5699999999998617        1.7008946419551007E-003
   8.5799999999998615        1.7009179518617506E-003
   8.5899999999998613        1.7009411494440338E-003
   8.5999999999998611        1.7009642352382977E-003
   8.6099999999998609        1.7009872097780304E-003
   8.6199999999998607        1.7010100735938901E-003
   8.6299999999998604        1.7010328272137171E-003
   8.6399999999998602        1.7010554711625501E-003
   8.6499999999998600        1.7010780059626468E-003
   8.6599999999998598        1.7011004321334997E-003
   8.6699999999998596        1.7011227501918472E-003
   8.6799999999998594        1.7011449606516968E-003
   8.6899999999998592        1.7011670640243394E-003
   8.6999999999998590        1.7011890608183600E-003
   8.7099999999998587        1.7012109515396662E-003
   8.7199999999998585        1.7012327366914880E-003
   8.7299999999998583        1.7012544167744074E-003
   8.7399999999998581        1.7012759922863680E-003
   8.7499999999998579        1.7012974637226927E-003
   8.7599999999998577        1.7013188315760932E-003
   8.7699999999998575        1.7013400963366953E-003
   8.7799999999998573        1.7013612584920459E-003
   8.7899999999998570        1.7013823185271350E-003
   8.7999999999998568        1.7014032769244074E-003
   8.8099999999998566        1.7014241341637736E-003
   8.8199999999998564        1.7014448907226346E-003
   8.8299999999998562        1.7014655470758836E-003
   8.8399999999998560        1.7014861036959384E-003
   8.8499999999998558        1.7015065610527381E-003
   8.8599999999998555        1.7015269196137678E-003
   8.8699999999998553        1.7015471798440735E-003
   8.8799999999998551        1.7015673422062689E-003
   8.8899999999998549        1.7015874071605599E-003
   8.8999999999998547        1.7016073751647475E-003
   8.9099999999998545        1.7016272466742549E-003
   8.9199999999998543        1.7016470221421303E-003
   8.9299999999998541        1.7016667020190626E-003
   8.9399999999998538        1.7016862867534062E-003
   8.9499999999998536        1.7017057767911756E-003
   8.9599999999998534        1.7017251725760787E-003
   8.9699999999998532        1.7017444745495145E-003
   8.9799999999998530        1.7017636831505988E-003
   8.9899999999998528        1.7017827988161679E-003
   8.9999999999998526        1.7018018219807978E-003
   9.0099999999998523        1.7018207530768194E-003
   9.0199999999998521        1.7018395925343210E-003
   9.0299999999998519        1.7018583407811725E-003
   9.0399999999998517        1.7018769982430338E-003
   9.0499999999998515        1.7018955653433645E-003
   9.0599999999998513        1.7019140425034510E-003
   9.0699999999998511        1.7019324301423937E-003
   9.0799999999998509        1.7019507286771449E-003
   9.0899999999998506        1.7019689385225076E-003
   9.0999999999998504        1.7019870600911470E-003
   9.1099999999998502        1.7020050937936160E-003
   9.1199999999998500        1.7020230400383498E-003
   9.1299999999998498        1.7020408992316925E-003
   9.1399999999998496        1.7020586717778998E-003
   9.1499999999998494        1.7020763580791567E-003
   9.1599999999998492        1.7020939585355875E-003
   9.1699999999998489        1.7021114735452671E-003
   9.1799999999998487        1.7021289035042352E-003
   9.1899999999998485        1.7021462488065009E-003
   9.1999999999998483        1.7021635098440711E-003
   9.2099999999998481        1.7021806870069366E-003
   9.2199999999998479        1.7021977806831077E-003
   9.2299999999998477        1.7022147912586119E-003
   9.2399999999998474        1.7022317191175110E-003
   9.2499999999998472        1.7022485646419083E-003
   9.2599999999998470        1.7022653282119660E-003
   9.2699999999998468        1.7022820102059087E-003
   9.2799999999998466        1.7022986110000343E-003
   9.2899999999998464        1.7023151309687417E-003
   9.2999999999998462        1.7023315704845132E-003
   9.3099999999998460        1.7023479299179561E-003
   9.3199999999998457        1.7023642096377837E-003
   9.3299999999998455        1.7023804100108537E-003
   9.3399999999998453        1.7023965314021596E-003
   9.3499999999998451        1.7024125741748480E-003
   9.3599999999998449        1.7024285386902282E-003
   9.3699999999998447        1.7024444253077838E-003
   9.3799999999998445        1.7024602343851877E-003
   9.3899999999998442        1.7024759662782976E-003
   9.3999999999998440        1.7024916213411834E-003
   9.4099999999998438        1.7025071999261254E-003
   9.4199999999998436        1.7025227023836330E-003
   9.4299999999998434        1.7025381290624462E-003
   9.4399999999998432        1.7025534803095555E-003
   9.4499999999998430        1.7025687564701975E-003
   9.4599999999998428        1.7025839578878844E-003
   9.4699999999998425        1.7025990849043957E-003
   9.4799999999998423        1.7026141378597972E-003
   9.4899999999998421        1.7026291170924514E-003
   9.4999999999998419        1.7026440229390173E-003
   9.5099999999998417        1.7026588557344771E-003
   9.5199999999998415        1.7026736158121251E-003
   9.5299999999998413        1.7026883035035976E-003
   9.5399999999998411        1.7027029191388641E-003
   9.5499999999998408        1.7027174630462518E-003
   9.5599999999998406        1.7027319355524418E-003
   9.5699999999998404        1.7027463369824892E-003
   9.5799999999998402        1.7027606676598256E-003
   9.5899999999998400        1.7027749279062711E-003
   9.5999999999998398        1.7027891180420376E-003
   9.6099999999998396        1.7028032383857483E-003
   9.6199999999998393        1.7028172892544406E-003
   9.6299999999998391        1.7028312709635714E-003
   9.6399999999998389        1.7028451838270312E-003
   9.6499999999998387        1.7028590281571508E-003
   9.6599999999998385        1.7028728042647124E-003
   9.6699999999998383        1.7028865124589525E-003
   9.6799999999998381        1.7029001530475790E-003
   9.6899999999998379        1.7029137263367719E-003
   9.6999999999998376        1.7029272326311927E-003
   9.7099999999998374        1.7029406722340013E-003
   9.7199999999998372        1.7029540454468514E-003
   9.7299999999998370        1.7029673525699091E-003
   9.7399999999998368        1.7029805939018561E-003
   9.7499999999998366        1.7029937697398984E-003
   9.7599999999998364        1.7030068803797769E-003
   9.7699999999998361        1.7030199261157770E-003
   9.7799999999998359        1.7030329072407243E-003
   9.7899999999998357        1.7030458240460112E-003
   9.7999999999998355        1.7030586768215874E-003
   9.8099999999998353        1.7030714658559838E-003
   9.8199999999998351        1.7030841914363062E-003
   9.8299999999998349        1.7030968538482522E-003
   9.8399999999998347        1.7031094533761153E-003
   9.8499999999998344        1.7031219903027935E-003
   9.8599999999998342        1.7031344649097978E-003
   9.8699999999998340        1.7031468774772567E-003
   9.8799999999998338        1.7031592282839277E-003
   9.8899999999998336        1.7031715176071991E-003
   9.8999999999998334        1.7031837457231070E-003
   9.9099999999998332        1.7031959129063317E-003
   9.9199999999998330        1.7032080194302158E-003
   9.9299999999998327        1.7032200655667620E-003
   9.9399999999998325        1.7032320515866467E-003
   9.9499999999998323        1.7032439777592207E-003
   9.9599999999998321        1.7032558443525264E-003
   9.9699999999998319        1.7032676516332964E-003
   9.9799999999998317        1.7032793998669660E-003
   9.9899999999998315        1.7032910893176722E-003
   9.9999999999998312        1.7033027202482693E-003
