   0.0000000000000000       0.34398780074054086     
   1.0000000000000000E-002  0.32793739254282772     
   2.0000000000000000E-002  0.31195725091051069     
   2.9999999999999999E-002  0.29623684491927554     
   4.0000000000000001E-002  0.28094727965717498     
   5.0000000000000003E-002  0.26623197380203351     
   6.0000000000000005E-002  0.25220136074092719     
   7.0000000000000007E-002  0.23893161960799092     
   8.0000000000000002E-002  0.22646670300338939     
   8.9999999999999997E-002  0.21482256501857547     
   9.9999999999999992E-002  0.20399247994792954     
  0.10999999999999999       0.19395255187483160     
  0.11999999999999998       0.18466680903676511     
  0.12999999999999998       0.17609155482911179     
  0.13999999999999999       0.16817886065079188     
  0.14999999999999999       0.16087922452092096     
  0.16000000000000000       0.15414349459300600     
  0.17000000000000001       0.14792418652698569     
  0.18000000000000002       0.14217632542168426     
  0.19000000000000003       0.13685792988347317     
  0.20000000000000004       0.13193023660969450     
  0.21000000000000005       0.12735774378737916     
  0.22000000000000006       0.12310813331375821     
  0.23000000000000007       0.11915211641858391     
  0.24000000000000007       0.11546323489974908     
  0.25000000000000006       0.11201764061870480     
  0.26000000000000006       0.10879386870869917     
  0.27000000000000007       0.10577261466279309     
  0.28000000000000008       0.10293652166413526     
  0.29000000000000009       0.10026998183800409     
  0.30000000000000010        9.7758953253846204E-002
  0.31000000000000011        9.5390793260511031E-002
  0.32000000000000012        9.3154107927862523E-002
  0.33000000000000013        9.1038616865307537E-002
  0.34000000000000014        8.9035032398799188E-002
  0.35000000000000014        8.7134951944621633E-002
  0.36000000000000015        8.5330762372084298E-002
  0.37000000000000016        8.3615555163724514E-002
  0.38000000000000017        8.1983051236654086E-002
  0.39000000000000018        8.0427534365720560E-002
  0.40000000000000019        7.8943792236948487E-002
  0.41000000000000020        7.7527064250867334E-002
  0.42000000000000021        7.6172995285043732E-002
  0.43000000000000022        7.4877594710527379E-002
  0.44000000000000022        7.3637200036326525E-002
  0.45000000000000023        7.2448444628692321E-002
  0.46000000000000024        7.1308229017659083E-002
  0.47000000000000025        7.0213695362114123E-002
  0.48000000000000026        6.9162204696994939E-002
  0.49000000000000027        6.8151316632505690E-002
  0.50000000000000022        6.7178771216043306E-002
  0.51000000000000023        6.6242472703357230E-002
  0.52000000000000024        6.5340475016872415E-002
  0.53000000000000025        6.4470968696579839E-002
  0.54000000000000026        6.3632269172903433E-002
  0.55000000000000027        6.2822806211908805E-002
  0.56000000000000028        6.2041114401507835E-002
  0.57000000000000028        6.1285824563263799E-002
  0.58000000000000029        6.0555655988324443E-002
  0.59000000000000030        5.9849409408155654E-002
  0.60000000000000031        5.9165960621354222E-002
  0.61000000000000032        5.8504254707083009E-002
  0.62000000000000033        5.7863300763770310E-002
  0.63000000000000034        5.7242167118803068E-002
  0.64000000000000035        5.6639976961147719E-002
  0.65000000000000036        5.6055904354272150E-002
  0.66000000000000036        5.5489170591516812E-002
  0.67000000000000037        5.4939040860255625E-002
  0.68000000000000038        5.4404821184876336E-002
  0.69000000000000039        5.3885855621857277E-002
  0.70000000000000040        5.3381523683081217E-002
  0.71000000000000041        5.2891237966055424E-002
  0.72000000000000042        5.2414441971940812E-002
  0.73000000000000043        5.1950608094270094E-002
  0.74000000000000044        5.1499235762989849E-002
  0.75000000000000044        5.1059849730011937E-002
  0.76000000000000045        5.0631998483846627E-002
  0.77000000000000046        5.0215252782114569E-002
  0.78000000000000047        4.9809204291832360E-002
  0.79000000000000048        4.9413464328341712E-002
  0.80000000000000049        4.9027662684625405E-002
  0.81000000000000050        4.8651446543532345E-002
  0.82000000000000051        4.8284479466132631E-002
  0.83000000000000052        4.7926440450050400E-002
  0.84000000000000052        4.7577023052181887E-002
  0.85000000000000053        4.7235934570714455E-002
  0.86000000000000054        4.6902895281812615E-002
  0.87000000000000055        4.6577637726749915E-002
  0.88000000000000056        4.6259906045631592E-002
  0.89000000000000057        4.5949455354188949E-002
  0.90000000000000058        4.5646051160423952E-002
  0.91000000000000059        4.5349468818159121E-002
  0.92000000000000060        4.5059493014790147E-002
  0.93000000000000060        4.4775917290766694E-002
  0.94000000000000061        4.4498543588526798E-002
  0.95000000000000062        4.4227181828795759E-002
  0.96000000000000063        4.3961649512329851E-002
  0.97000000000000064        4.3701771345334643E-002
  0.98000000000000065        4.3447378886930656E-002
  0.99000000000000066        4.3198310217163416E-002
   1.0000000000000007        4.2954409624172706E-002
   1.0100000000000007        4.2715527309239866E-002
   1.0200000000000007        4.2481519108531866E-002
   1.0300000000000007        4.2252246230445989E-002
   1.0400000000000007        4.2027575007543727E-002
   1.0500000000000007        4.1807376662134806E-002
   1.0600000000000007        4.1591527084641623E-002
   1.0700000000000007        4.1379906623936827E-002
   1.0800000000000007        4.1172399888905704E-002
   1.0900000000000007        4.0968895560535630E-002
   1.1000000000000008        4.0769286213887937E-002
   1.1100000000000008        4.0573468149347799E-002
   1.1200000000000008        4.0381341232593480E-002
   1.1300000000000008        4.0192808742762390E-002
   1.1400000000000008        4.0007777228327691E-002
   1.1500000000000008        3.9826156370231042E-002
   1.1600000000000008        3.9647858851849210E-002
   1.1700000000000008        3.9472800235398189E-002
   1.1800000000000008        3.9300898844406018E-002
   1.1900000000000008        3.9132075651908661E-002
   1.2000000000000008        3.8966254174045777E-002
   1.2100000000000009        3.8803360368754612E-002
   1.2200000000000009        3.8643322539278054E-002
   1.2300000000000009        3.8486071242222725E-002
   1.2400000000000009        3.8331539199916671E-002
   1.2500000000000009        3.8179661216835852E-002
   1.2600000000000009        3.8030374099877806E-002
   1.2700000000000009        3.7883616582279366E-002
   1.2800000000000009        3.7739329250983847E-002
   1.2900000000000009        3.7597454477277033E-002
   1.3000000000000009        3.7457936350520991E-002
   1.3100000000000009        3.7320720614825366E-002
   1.3200000000000010        3.7185754608505456E-002
   1.3300000000000010        3.7052987206183760E-002
   1.3400000000000010        3.6922368763402977E-002
   1.3500000000000010        3.6793851063621576E-002
   1.3600000000000010        3.6667387267475496E-002
   1.3700000000000010        3.6542931864191948E-002
   1.3800000000000010        3.6420440625049795E-002
   1.3900000000000010        3.6299870558786890E-002
   1.4000000000000010        3.6181179868859312E-002
   1.4100000000000010        3.6064327912463563E-002
   1.4200000000000010        3.5949275161237318E-002
   1.4300000000000010        3.5835983163558509E-002
   1.4400000000000011        3.5724414508367927E-002
   1.4500000000000011        3.5614532790443708E-002
   1.4600000000000011        3.5506302577059203E-002
   1.4700000000000011        3.5399689375961878E-002
   1.4800000000000011        3.5294659604610805E-002
   1.4900000000000011        3.5191180560616472E-002
   1.5000000000000011        3.5089220393327757E-002
   1.5100000000000011        3.4988748076514663E-002
   1.5200000000000011        3.4889733382097374E-002
   1.5300000000000011        3.4792146854875548E-002
   1.5400000000000011        3.4695959788213368E-002
   1.5500000000000012        3.4601144200638180E-002
   1.5600000000000012        3.4507672813313191E-002
   1.5700000000000012        3.4415519028346331E-002
   1.5800000000000012        3.4324656907898474E-002
   1.5900000000000012        3.4235061154058034E-002
   1.6000000000000012        3.4146707089448142E-002
   1.6100000000000012        3.4059570638535971E-002
   1.6200000000000012        3.3973628309614617E-002
   1.6300000000000012        3.3888857177429357E-002
   1.6400000000000012        3.3805234866421272E-002
   1.6500000000000012        3.3722739534563340E-002
   1.6600000000000013        3.3641349857763909E-002
   1.6700000000000013        3.3561045014814890E-002
   1.6800000000000013        3.3481804672862513E-002
   1.6900000000000013        3.3403608973379184E-002
   1.7000000000000013        3.3326438518616892E-002
   1.7100000000000013        3.3250274358522583E-002
   1.7200000000000013        3.3175097978096979E-002
   1.7300000000000013        3.3100891285180289E-002
   1.7400000000000013        3.3027636598646666E-002
   1.7500000000000013        3.2955316636992672E-002
   1.7600000000000013        3.2883914507303991E-002
   1.7700000000000014        3.2813413694585819E-002
   1.7800000000000014        3.2743798051442702E-002
   1.7900000000000014        3.2675051788095294E-002
   1.8000000000000014        3.2607159462720407E-002
   1.8100000000000014        3.2540105972102523E-002
   1.8200000000000014        3.2473876542585385E-002
   1.8300000000000014        3.2408456721311603E-002
   1.8400000000000014        3.2343832367740702E-002
   1.8500000000000014        3.2279989645434333E-002
   1.8600000000000014        3.2216915014099484E-002
   1.8700000000000014        3.2154595221880036E-002
   1.8800000000000014        3.2093017297887605E-002
   1.8900000000000015        3.2032168544963047E-002
   1.9000000000000015        3.1972036532660425E-002
   1.9100000000000015        3.1912609090445306E-002
   1.9200000000000015        3.1853874301100121E-002
   1.9300000000000015        3.1795820494328539E-002
   1.9400000000000015        3.1738436240552760E-002
   1.9500000000000015        3.1681710344896391E-002
   1.9600000000000015        3.1625631841346313E-002
   1.9700000000000015        3.1570189987087924E-002
   1.9800000000000015        3.1515374257007095E-002
   1.9900000000000015        3.1461174338353860E-002
   2.0000000000000013        3.1407580125561357E-002
   2.0100000000000011        3.1354581715215761E-002
   2.0200000000000009        3.1302169401171337E-002
   2.0300000000000007        3.1250333669806105E-002
   2.0400000000000005        3.1199065195413274E-002
   2.0500000000000003        3.1148354835723945E-002
   2.0600000000000001        3.1098193627556836E-002
   2.0699999999999998        3.1048572782590482E-002
   2.0799999999999996        3.0999483683254555E-002
   2.0899999999999994        3.0950917878735412E-002
   2.0999999999999992        3.0902867081093272E-002
   2.1099999999999990        3.0855323161486471E-002
   2.1199999999999988        3.0808278146500032E-002
   2.1299999999999986        3.0761724214574633E-002
   2.1399999999999983        3.0715653692533200E-002
   2.1499999999999981        3.0670059052201829E-002
   2.1599999999999979        3.0624932907121882E-002
   2.1699999999999977        3.0580268009351031E-002
   2.1799999999999975        3.0536057246349484E-002
   2.1899999999999973        3.0492293637949544E-002
   2.1999999999999971        3.0448970333405691E-002
   2.2099999999999969        3.0406080608522398E-002
   2.2199999999999966        3.0363617862857583E-002
   2.2299999999999964        3.0321575616999559E-002
   2.2399999999999962        3.0279947509914560E-002
   2.2499999999999960        3.0238727296363652E-002
   2.2599999999999958        3.0197908844385835E-002
   2.2699999999999956        3.0157486132846426E-002
   2.2799999999999954        3.0117453249047955E-002
   2.2899999999999952        3.0077804386402212E-002
   2.2999999999999949        3.0038533842161094E-002
   2.3099999999999947        2.9999636015205361E-002
   2.3199999999999945        2.9961105403888546E-002
   2.3299999999999943        2.9922936603935413E-002
   2.3399999999999941        2.9885124306392345E-002
   2.3499999999999939        2.9847663295629379E-002
   2.3599999999999937        2.9810548447391019E-002
   2.3699999999999934        2.9773774726895668E-002
   2.3799999999999932        2.9737337186981388E-002
   2.3899999999999930        2.9701230966297138E-002
   2.3999999999999928        2.9665451287537992E-002
   2.4099999999999926        2.9629993455723317E-002
   2.4199999999999924        2.9594852856516397E-002
   2.4299999999999922        2.9560024954584339E-002
   2.4399999999999920        2.9525505291997694E-002
   2.4499999999999917        2.9491289486667845E-002
   2.4599999999999915        2.9457373230821822E-002
   2.4699999999999913        2.9423752289513015E-002
   2.4799999999999911        2.9390422499167200E-002
   2.4899999999999909        2.9357379766162501E-002
   2.4999999999999907        2.9324620065442720E-002
   2.5099999999999905        2.9292139439163013E-002
   2.5199999999999902        2.9259933995366805E-002
   2.5299999999999900        2.9227999906693523E-002
   2.5399999999999898        2.9196333409115906E-002
   2.5499999999999896        2.9164930800706427E-002
   2.5599999999999894        2.9133788440431834E-002
   2.5699999999999892        2.9102902746975211E-002
   2.5799999999999890        2.9072270197584564E-002
   2.5899999999999888        2.9041887326947773E-002
   2.5999999999999885        2.9011750726092515E-002
   2.6099999999999883        2.8981857041311069E-002
   2.6199999999999881        2.8952202973109097E-002
   2.6299999999999879        2.8922785275177870E-002
   2.6399999999999877        2.8893600753389134E-002
   2.6499999999999875        2.8864646264812492E-002
   2.6599999999999873        2.8835918716754082E-002
   2.6699999999999871        2.8807415065816584E-002
   2.6799999999999868        2.8779132316979723E-002
   2.6899999999999866        2.8751067522700704E-002
   2.6999999999999864        2.8723217782034339E-002
   2.7099999999999862        2.8695580239772055E-002
   2.7199999999999860        2.8668152085599582E-002
   2.7299999999999858        2.8640930553272641E-002
   2.7399999999999856        2.8613912919810344E-002
   2.7499999999999853        2.8587096504705648E-002
   2.7599999999999851        2.8560478669152865E-002
   2.7699999999999849        2.8534056815291267E-002
   2.7799999999999847        2.8507828385464781E-002
   2.7899999999999845        2.8481790861497276E-002
   2.7999999999999843        2.8455941763982983E-002
   2.8099999999999841        2.8430278651591791E-002
   2.8199999999999839        2.8404799120388867E-002
   2.8299999999999836        2.8379500803168787E-002
   2.8399999999999834        2.8354381368802799E-002
   2.8499999999999832        2.8329438521600254E-002
   2.8599999999999830        2.8304670000682635E-002
   2.8699999999999828        2.8280073579370645E-002
   2.8799999999999826        2.8255647064583750E-002
   2.8899999999999824        2.8231388296251887E-002
   2.8999999999999821        2.8207295146739315E-002
   2.9099999999999819        2.8183365520279759E-002
   2.9199999999999817        2.8159597352423356E-002
   2.9299999999999815        2.8135988609494317E-002
   2.9399999999999813        2.8112537288059774E-002
   2.9499999999999811        2.8089241414408942E-002
   2.9599999999999809        2.8066099044042905E-002
   2.9699999999999807        2.8043108261174406E-002
   2.9799999999999804        2.8020267178237471E-002
   2.9899999999999802        2.7997573935406819E-002
   2.9999999999999800        2.7975026700126599E-002
   3.0099999999999798        2.7952623666648562E-002
   3.0199999999999796        2.7930363055578881E-002
   3.0299999999999794        2.7908243113434348E-002
   3.0399999999999792        2.7886262112206576E-002
   3.0499999999999790        2.7864418348935171E-002
   3.0599999999999787        2.7842710145288784E-002
   3.0699999999999785        2.7821135847154461E-002
   3.0799999999999783        2.7799693824234539E-002
   3.0899999999999781        2.7778382469651766E-002
   3.0999999999999779        2.7757200199561540E-002
   3.1099999999999777        2.7736145452771602E-002
   3.1199999999999775        2.7715216690369075E-002
   3.1299999999999772        2.7694412395354528E-002
   3.1399999999999770        2.7673731072282673E-002
   3.1499999999999768        2.7653171246910295E-002
   3.1599999999999766        2.7632731465850376E-002
   3.1699999999999764        2.7612410296232869E-002
   3.1799999999999762        2.7592206325371675E-002
   3.1899999999999760        2.7572118160438159E-002
   3.1999999999999758        2.7552144428140170E-002
   3.2099999999999755        2.7532283774407428E-002
   3.2199999999999753        2.7512534864082661E-002
   3.2299999999999751        2.7492896380618071E-002
   3.2399999999999749        2.7473367025777917E-002
   3.2499999999999747        2.7453945519346087E-002
   3.2599999999999745        2.7434630598839244E-002
   3.2699999999999743        2.7415421019225124E-002
   3.2799999999999740        2.7396315552645892E-002
   3.2899999999999738        2.7377312988146524E-002
   3.2999999999999736        2.7358412131408282E-002
   3.3099999999999734        2.7339611804486678E-002
   3.3199999999999732        2.7320910845554373E-002
   3.3299999999999730        2.7302308108648476E-002
   3.3399999999999728        2.7283802463422716E-002
   3.3499999999999726        2.7265392794903576E-002
   3.3599999999999723        2.7247078003251143E-002
   3.3699999999999721        2.7228857003523888E-002
   3.3799999999999719        2.7210728725447896E-002
   3.3899999999999717        2.7192692113189913E-002
   3.3999999999999715        2.7174746125134635E-002
   3.4099999999999713        2.7156889733665639E-002
   3.4199999999999711        2.7139121924950358E-002
   3.4299999999999708        2.7121441698728738E-002
   3.4399999999999706        2.7103848068105486E-002
   3.4499999999999704        2.7086340059346164E-002
   3.4599999999999702        2.7068916711676577E-002
   3.4699999999999700        2.7051577077085765E-002
   3.4799999999999698        2.7034320220132281E-002
   3.4899999999999696        2.7017145217754050E-002
   3.4999999999999694        2.7000051159081148E-002
   3.5099999999999691        2.6983037145252037E-002
   3.5199999999999689        2.6966102289232959E-002
   3.5299999999999687        2.6949245715640103E-002
   3.5399999999999685        2.6932466560565287E-002
   3.5499999999999683        2.6915763971404119E-002
   3.5599999999999681        2.6899137106687347E-002
   3.5699999999999679        2.6882585135914999E-002
   3.5799999999999677        2.6866107239393377E-002
   3.5899999999999674        2.6849702608074608E-002
   3.5999999999999672        2.6833370443399070E-002
   3.6099999999999670        2.6817109957140352E-002
   3.6199999999999668        2.6800920371252972E-002
   3.6299999999999666        2.6784800917722347E-002
   3.6399999999999664        2.6768750838417524E-002
   3.6499999999999662        2.6752769384946199E-002
   3.6599999999999659        2.6736855818512290E-002
   3.6699999999999657        2.6721009409775620E-002
   3.6799999999999655        2.6705229438714194E-002
   3.6899999999999653        2.6689515194488488E-002
   3.6999999999999651        2.6673865975308259E-002
   3.7099999999999649        2.6658281088301188E-002
   3.7199999999999647        2.6642759849383926E-002
   3.7299999999999645        2.6627301583135251E-002
   3.7399999999999642        2.6611905622671000E-002
   3.7499999999999640        2.6596571309521467E-002
   3.7599999999999638        2.6581297993510469E-002
   3.7699999999999636        2.6566085032636404E-002
   3.7799999999999634        2.6550931792955378E-002
   3.7899999999999632        2.6535837648466148E-002
   3.7999999999999630        2.6520801980996832E-002
   3.8099999999999627        2.6505824180093458E-002
   3.8199999999999625        2.6490903642910516E-002
   3.8299999999999623        2.6476039774102917E-002
   3.8399999999999621        2.6461231985719921E-002
   3.8499999999999619        2.6446479697100688E-002
   3.8599999999999617        2.6431782334771465E-002
   3.8699999999999615        2.6417139332344367E-002
   3.8799999999999613        2.6402550130418000E-002
   3.8899999999999610        2.6388014176479142E-002
   3.8999999999999608        2.6373530924806720E-002
   3.9099999999999606        2.6359099836376472E-002
   3.9199999999999604        2.6344720378767832E-002
   3.9299999999999602        2.6330392026071701E-002
   3.9399999999999600        2.6316114258800202E-002
   3.9499999999999598        2.6301886563797245E-002
   3.9599999999999596        2.6287708434151114E-002
   3.9699999999999593        2.6273579369107840E-002
   3.9799999999999591        2.6259498873986379E-002
   3.9899999999999589        2.6245466460094791E-002
   3.9999999999999587        2.6231481644647916E-002
   4.0099999999999589        2.6217543950686140E-002
   4.0199999999999587        2.6203652906995677E-002
   4.0299999999999585        2.6189808048029738E-002
   4.0399999999999583        2.6176008913831185E-002
   4.0499999999999581        2.6162255049956361E-002
   4.0599999999999579        2.6148546007399801E-002
   4.0699999999999577        2.6134881342520455E-002
   4.0799999999999574        2.6121260616968848E-002
   4.0899999999999572        2.6107683397615263E-002
   4.0999999999999570        2.6094149256479373E-002
   4.1099999999999568        2.6080657770660483E-002
   4.1199999999999566        2.6067208522269018E-002
   4.1299999999999564        2.6053801098359385E-002
   4.1399999999999562        2.6040435090863151E-002
   4.1499999999999559        2.6027110096523889E-002
   4.1599999999999557        2.6013825716832629E-002
   4.1699999999999555        2.6000581557964343E-002
   4.1799999999999553        2.5987377230715480E-002
   4.1899999999999551        2.5974212350442467E-002
   4.1999999999999549        2.5961086537000761E-002
   4.2099999999999547        2.5947999414685344E-002
   4.2199999999999545        2.5934950612171846E-002
   4.2299999999999542        2.5921939762458383E-002
   4.2399999999999540        2.5908966502808533E-002
   4.2499999999999538        2.5896030474695002E-002
   4.2599999999999536        2.5883131323744188E-002
   4.2699999999999534        2.5870268699681596E-002
   4.2799999999999532        2.5857442256277906E-002
   4.2899999999999530        2.5844651651296017E-002
   4.2999999999999527        2.5831896546438683E-002
   4.3099999999999525        2.5819176607297208E-002
   4.3199999999999523        2.5806491503300458E-002
   4.3299999999999521        2.5793840907665122E-002
   4.3399999999999519        2.5781224497346274E-002
   4.3499999999999517        2.5768641952988888E-002
   4.3599999999999515        2.5756092958879925E-002
   4.3699999999999513        2.5743577202901418E-002
   4.3799999999999510        2.5731094376483660E-002
   4.3899999999999508        2.5718644174559772E-002
   4.3999999999999506        2.5706226295520308E-002
   4.4099999999999504        2.5693840441168892E-002
   4.4199999999999502        2.5681486316678513E-002
   4.4299999999999500        2.5669163630548039E-002
   4.4399999999999498        2.5656872094559864E-002
   4.4499999999999496        2.5644611423737963E-002
   4.4599999999999493        2.5632381336306298E-002
   4.4699999999999491        2.5620181553648320E-002
   4.4799999999999489        2.5608011800266568E-002
   4.4899999999999487        2.5595871803743141E-002
   4.4999999999999485        2.5583761294700729E-002
   4.5099999999999483        2.5571680006763874E-002
   4.5199999999999481        2.5559627676521351E-002
   4.5299999999999478        2.5547604043488444E-002
   4.5399999999999476        2.5535608850070276E-002
   4.5499999999999474        2.5523641841525373E-002
   4.5599999999999472        2.5511702765929813E-002
   4.5699999999999470        2.5499791374141868E-002
   4.5799999999999468        2.5487907419767253E-002
   4.5899999999999466        2.5476050659124665E-002
   4.5999999999999464        2.5464220851211895E-002
   4.6099999999999461        2.5452417757672648E-002
   4.6199999999999459        2.5440641142763336E-002
   4.6299999999999457        2.5428890773320754E-002
   4.6399999999999455        2.5417166418730111E-002
   4.6499999999999453        2.5405467850893333E-002
   4.6599999999999451        2.5393794844197962E-002
   4.6699999999999449        2.5382147175486598E-002
   4.6799999999999446        2.5370524624026433E-002
   4.6899999999999444        2.5358926971479522E-002
   4.6999999999999442        2.5347354001873285E-002
   4.7099999999999440        2.5335805501571561E-002
   4.7199999999999438        2.5324281259245861E-002
   4.7299999999999436        2.5312781065847202E-002
   4.7399999999999434        2.5301304714578234E-002
   4.7499999999999432        2.5289852000865781E-002
   4.7599999999999429        2.5278422722333792E-002
   4.7699999999999427        2.5267016678776507E-002
   4.7799999999999425        2.5255633672132280E-002
   4.7899999999999423        2.5244273506457349E-002
   4.7999999999999421        2.5232935987900516E-002
   4.8099999999999419        2.5221620924677481E-002
   4.8199999999999417        2.5210328127046232E-002
   4.8299999999999415        2.5199057407282274E-002
   4.8399999999999412        2.5187808579654261E-002
   4.8499999999999410        2.5176581460400353E-002
   4.8599999999999408        2.5165375867704266E-002
   4.8699999999999406        2.5154191621672244E-002
   4.8799999999999404        2.5143028544309828E-002
   4.8899999999999402        2.5131886459499358E-002
   4.8999999999999400        2.5120765192977464E-002
   4.9099999999999397        2.5109664572313187E-002
   4.9199999999999395        2.5098584426885992E-002
   4.9299999999999393        2.5087524587864434E-002
   4.9399999999999391        2.5076484888184862E-002
   4.9499999999999389        2.5065465162530557E-002
   4.9599999999999387        2.5054465247311000E-002
   4.9699999999999385        2.5043484980641739E-002
   4.9799999999999383        2.5032524202324141E-002
   4.9899999999999380        2.5021582753825405E-002
   4.9999999999999378        2.5010660478259374E-002
   5.0099999999999376        2.4999757220366965E-002
   5.0199999999999374        2.4988872826497161E-002
   5.0299999999999372        2.4978007144588359E-002
   5.0399999999999370        2.4967160024149556E-002
   5.0499999999999368        2.4956331316242374E-002
   5.0599999999999365        2.4945520873462749E-002
   5.0699999999999363        2.4934728549923145E-002
   5.0799999999999361        2.4923954201235127E-002
   5.0899999999999359        2.4913197684491788E-002
   5.0999999999999357        2.4902458858250747E-002
   5.1099999999999355        2.4891737582517205E-002
   5.1199999999999353        2.4881033718727220E-002
   5.1299999999999351        2.4870347129731341E-002
   5.1399999999999348        2.4859677679778164E-002
   5.1499999999999346        2.4849025234498563E-002
   5.1599999999999344        2.4838389660889505E-002
   5.1699999999999342        2.4827770827298735E-002
   5.1799999999999340        2.4817168603409216E-002
   5.1899999999999338        2.4806582860223796E-002
   5.1999999999999336        2.4796013470050355E-002
   5.2099999999999334        2.4785460306486862E-002
   5.2199999999999331        2.4774923244406728E-002
   5.2299999999999329        2.4764402159944403E-002
   5.2399999999999327        2.4753896930480988E-002
   5.2499999999999325        2.4743407434630240E-002
   5.2599999999999323        2.4732933552224654E-002
   5.2699999999999321        2.4722475164301760E-002
   5.2799999999999319        2.4712032153090289E-002
   5.2899999999999316        2.4701604401997243E-002
   5.2999999999999314        2.4691191795594366E-002
   5.3099999999999312        2.4680794219605052E-002
   5.3199999999999310        2.4670411560891788E-002
   5.3299999999999308        2.4660043707442961E-002
   5.3399999999999306        2.4649690548360789E-002
   5.3499999999999304        2.4639351973848589E-002
   5.3599999999999302        2.4629027875198620E-002
   5.3699999999999299        2.4618718144780026E-002
   5.3799999999999297        2.4608422676026948E-002
   5.3899999999999295        2.4598141363426532E-002
   5.3999999999999293        2.4587874102507516E-002
   5.4099999999999291        2.4577620789828628E-002
   5.4199999999999289        2.4567381322967291E-002
   5.4299999999999287        2.4557155600508276E-002
   5.4399999999999284        2.4546943522032835E-002
   5.4499999999999282        2.4536744988107626E-002
   5.4599999999999280        2.4526559900273907E-002
   5.4699999999999278        2.4516388161037062E-002
   5.4799999999999276        2.4506229673855816E-002
   5.4899999999999274        2.4496084343132059E-002
   5.4999999999999272        2.4485952074200356E-002
   5.5099999999999270        2.4475832773318079E-002
   5.5199999999999267        2.4465726347655151E-002
   5.5299999999999265        2.4455632705284204E-002
   5.5399999999999263        2.4445551755170988E-002
   5.5499999999999261        2.4435483407164379E-002
   5.5599999999999259        2.4425427571987263E-002
   5.5699999999999257        2.4415384161226735E-002
   5.5799999999999255        2.4405353087324982E-002
   5.5899999999999253        2.4395334263570163E-002
   5.5999999999999250        2.4385327604087195E-002
   5.6099999999999248        2.4375333023828754E-002
   5.6199999999999246        2.4365350438566660E-002
   5.6299999999999244        2.4355379764882900E-002
   5.6399999999999242        2.4345420920161041E-002
   5.6499999999999240        2.4335473822577735E-002
   5.6599999999999238        2.4325538391094265E-002
   5.6699999999999235        2.4315614545448182E-002
   5.6799999999999233        2.4305702206145141E-002
   5.6899999999999231        2.4295801294450681E-002
   5.6999999999999229        2.4285911732382346E-002
   5.7099999999999227        2.4276033442701458E-002
   5.7199999999999225        2.4266166348905591E-002
   5.7299999999999223        2.4256310375220677E-002
   5.7399999999999221        2.4246465446593320E-002
   5.7499999999999218        2.4236631488683213E-002
   5.7599999999999216        2.4226808427855927E-002
   5.7699999999999214        2.4216996191175053E-002
   5.7799999999999212        2.4207194706395426E-002
   5.7899999999999210        2.4197403901955444E-002
   5.7999999999999208        2.4187623706970283E-002
   5.8099999999999206        2.4177854051224669E-002
   5.8199999999999203        2.4168094865166065E-002
   5.8299999999999201        2.4158346079897620E-002
   5.8399999999999199        2.4148607627171574E-002
   5.8499999999999197        2.4138879439382314E-002
   5.8599999999999195        2.4129161449559906E-002
   5.8699999999999193        2.4119453591363551E-002
   5.8799999999999191        2.4109755799074997E-002
   5.8899999999999189        2.4100068007592179E-002
   5.8999999999999186        2.4090390152422925E-002
   5.9099999999999184        2.4080722169678617E-002
   5.9199999999999182        2.4071063996068159E-002
   5.9299999999999180        2.4061415568891648E-002
   5.9399999999999178        2.4051776826034536E-002
   5.9499999999999176        2.4042147705961553E-002
   5.9599999999999174        2.4032528147710779E-002
   5.9699999999999172        2.4022918090888020E-002
   5.9799999999999169        2.4013317475660698E-002
   5.9899999999999167        2.4003726242752443E-002
   5.9999999999999165        2.3994144333437373E-002
   6.0099999999999163        2.3984571689534415E-002
   6.0199999999999161        2.3975008253402048E-002
   6.0299999999999159        2.3965453967932576E-002
   6.0399999999999157        2.3955908776546887E-002
   6.0499999999999154        2.3946372623189268E-002
   6.0599999999999152        2.3936845452321890E-002
   6.0699999999999150        2.3927327208919779E-002
   6.0799999999999148        2.3917817838465642E-002
   6.0899999999999146        2.3908317286944765E-002
   6.0999999999999144        2.3898825500840059E-002
   6.1099999999999142        2.3889342427126928E-002
   6.1199999999999140        2.3879868013268645E-002
   6.1299999999999137        2.3870402207211209E-002
   6.1399999999999135        2.3860944957378716E-002
   6.1499999999999133        2.3851496212668580E-002
   6.1599999999999131        2.3842055922446807E-002
   6.1699999999999129        2.3832624036543459E-002
   6.1799999999999127        2.3823200505247864E-002
   6.1899999999999125        2.3813785279304368E-002
   6.1999999999999122        2.3804378309907621E-002
   6.2099999999999120        2.3794979548698161E-002
   6.2199999999999118        2.3785588947758205E-002
   6.2299999999999116        2.3776206459607124E-002
   6.2399999999999114        2.3766832037197278E-002
   6.2499999999999112        2.3757465633909694E-002
   6.2599999999999110        2.3748107203549911E-002
   6.2699999999999108        2.3738756700343866E-002
   6.2799999999999105        2.3729414078933746E-002
   6.2899999999999103        2.3720079294373954E-002
   6.2999999999999101        2.3710752302127068E-002
   6.3099999999999099        2.3701433058059947E-002
   6.3199999999999097        2.3692121518439753E-002
   6.3299999999999095        2.3682817639930041E-002
   6.3399999999999093        2.3673521379587011E-002
   6.3499999999999091        2.3664232694855715E-002
   6.3599999999999088        2.3654951543566106E-002
   6.3699999999999086        2.3645677883929649E-002
   6.3799999999999084        2.3636411674535372E-002
   6.3899999999999082        2.3627152874346347E-002
   6.3999999999999080        2.3617901442696130E-002
   6.4099999999999078        2.3608657339285181E-002
   6.4199999999999076        2.3599420524177298E-002
   6.4299999999999073        2.3590190957796141E-002
   6.4399999999999071        2.3580968600921948E-002
   6.4499999999999069        2.3571753414687927E-002
   6.4599999999999067        2.3562545360576968E-002
   6.4699999999999065        2.3553344400418435E-002
   6.4799999999999063        2.3544150496384631E-002
   6.4899999999999061        2.3534963610987777E-002
   6.4999999999999059        2.3525783707076538E-002
   6.5099999999999056        2.3516610747833226E-002
   6.5199999999999054        2.3507444696770134E-002
   6.5299999999999052        2.3498285517726855E-002
   6.5399999999999050        2.3489133174866984E-002
   6.5499999999999048        2.3479987632674997E-002
   6.5599999999999046        2.3470848855953505E-002
   6.5699999999999044        2.3461716809819934E-002
   6.5799999999999041        2.3452591459703787E-002
   6.5899999999999039        2.3443472771343621E-002
   6.5999999999999037        2.3434360710784270E-002
   6.6099999999999035        2.3425255244373711E-002
   6.6199999999999033        2.3416156338760541E-002
   6.6299999999999031        2.3407063960891004E-002
   6.6399999999999029        2.3397978078006223E-002
   6.6499999999999027        2.3388898657639465E-002
   6.6599999999999024        2.3379825667613464E-002
   6.6699999999999022        2.3370759076037632E-002
   6.6799999999999020        2.3361698851305509E-002
   6.6899999999999018        2.3352644962092068E-002
   6.6999999999999016        2.3343597377351089E-002
   6.7099999999999014        2.3334556066312621E-002
   6.7199999999999012        2.3325520998480440E-002
   6.7299999999999010        2.3316492143629412E-002
   6.7399999999999007        2.3307469471803146E-002
   6.7499999999999005        2.3298452953311437E-002
   6.7599999999999003        2.3289442558727808E-002
   6.7699999999999001        2.3280438258887044E-002
   6.7799999999998999        2.3271440024882954E-002
   6.7899999999998997        2.3262447828065816E-002
   6.7999999999998995        2.3253461640040100E-002
   6.8099999999998992        2.3244481432662181E-002
   6.8199999999998990        2.3235507178037965E-002
   6.8299999999998988        2.3226538848520627E-002
   6.8399999999998986        2.3217576416708404E-002
   6.8499999999998984        2.3208619855442265E-002
   6.8599999999998982        2.3199669137803795E-002
   6.8699999999998980        2.3190724237112968E-002
   6.8799999999998978        2.3181785126925949E-002
   6.8899999999998975        2.3172851781033076E-002
   6.8999999999998973        2.3163924173456488E-002
   6.9099999999998971        2.3155002278448352E-002
   6.9199999999998969        2.3146086070488393E-002
   6.9299999999998967        2.3137175524282263E-002
   6.9399999999998965        2.3128270614759205E-002
   6.9499999999998963        2.3119371317070050E-002
   6.9599999999998960        2.3110477606585317E-002
   6.9699999999998958        2.3101589458893314E-002
   6.9799999999998956        2.3092706849797938E-002
   6.9899999999998954        2.3083829755316917E-002
   6.9999999999998952        2.3074958151679835E-002
   7.0099999999998950        2.3066092015326198E-002
   7.0199999999998948        2.3057231322903673E-002
   7.0299999999998946        2.3048376051266035E-002
   7.0399999999998943        2.3039526177471577E-002
   7.0499999999998941        2.3030681678780921E-002
   7.0599999999998939        2.3021842532655618E-002
   7.0699999999998937        2.3013008716756052E-002
   7.0799999999998935        2.3004180208939830E-002
   7.0899999999998933        2.2995356987259956E-002
   7.0999999999998931        2.2986539029963060E-002
   7.1099999999998929        2.2977726315487793E-002
   7.1199999999998926        2.2968918822463019E-002
   7.1299999999998924        2.2960116529706170E-002
   7.1399999999998922        2.2951319416221576E-002
   7.1499999999998920        2.2942527461198823E-002
   7.1599999999998918        2.2933740644010946E-002
   7.1699999999998916        2.2924958944213134E-002
   7.1799999999998914        2.2916182341540844E-002
   7.1899999999998911        2.2907410815908316E-002
   7.1999999999998909        2.2898644347406991E-002
   7.2099999999998907        2.2889882916303894E-002
   7.2199999999998905        2.2881126503040212E-002
   7.2299999999998903        2.2872375088229643E-002
   7.2399999999998901        2.2863628652656866E-002
   7.2499999999998899        2.2854887177276215E-002
   7.2599999999998897        2.2846150643209953E-002
   7.2699999999998894        2.2837419031746985E-002
   7.2799999999998892        2.2828692324341288E-002
   7.2899999999998890        2.2819970502610535E-002
   7.2999999999998888        2.2811253548334607E-002
   7.3099999999998886        2.2802541443454217E-002
   7.3199999999998884        2.2793834170069457E-002
   7.3299999999998882        2.2785131710438496E-002
   7.3399999999998879        2.2776434046976067E-002
   7.3499999999998877        2.2767741162252254E-002
   7.3599999999998875        2.2759053038991024E-002
   7.3699999999998873        2.2750369660068898E-002
   7.3799999999998871        2.2741691008513757E-002
   7.3899999999998869        2.2733017067503268E-002
   7.3999999999998867        2.2724347820363876E-002
   7.4099999999998865        2.2715683250569319E-002
   7.4199999999998862        2.2707023341739387E-002
   7.4299999999998860        2.2698368077638722E-002
   7.4399999999998858        2.2689717442175475E-002
   7.4499999999998856        2.2681071419400140E-002
   7.4599999999998854        2.2672429993504266E-002
   7.4699999999998852        2.2663793148819254E-002
   7.4799999999998850        2.2655160869815245E-002
   7.4899999999998847        2.2646533141099656E-002
   7.4999999999998845        2.2637909947416376E-002
   7.5099999999998843        2.2629291273644249E-002
   7.5199999999998841        2.2620677104796112E-002
   7.5299999999998839        2.2612067426017565E-002
   7.5399999999998837        2.2603462222585829E-002
   7.5499999999998835        2.2594861479908662E-002
   7.5599999999998833        2.2586265183523163E-002
   7.5699999999998830        2.2577673319094774E-002
   7.5799999999998828        2.2569085872416010E-002
   7.5899999999998826        2.2560502829405554E-002
   7.5999999999998824        2.2551924176107050E-002
   7.6099999999998822        2.2543349898688038E-002
   7.6199999999998820        2.2534779983439012E-002
   7.6299999999998818        2.2526214416772203E-002
   7.6399999999998816        2.2517653185220688E-002
   7.6499999999998813        2.2509096275437183E-002
   7.6599999999998811        2.2500543674193258E-002
   7.6699999999998809        2.2491995368378051E-002
   7.6799999999998807        2.2483451344997525E-002
   7.6899999999998805        2.2474911591173239E-002
   7.6999999999998803        2.2466376094141569E-002
   7.7099999999998801        2.2457844841252596E-002
   7.7199999999998798        2.2449317819969151E-002
   7.7299999999998796        2.2440795017865903E-002
   7.7399999999998794        2.2432276422628392E-002
   7.7499999999998792        2.2423762022052068E-002
   7.7599999999998790        2.2415251804041324E-002
   7.7699999999998788        2.2406745756608736E-002
   7.7799999999998786        2.2398243867873896E-002
   7.7899999999998784        2.2389746126062683E-002
   7.7999999999998781        2.2381252519506310E-002
   7.8099999999998779        2.2372763036640420E-002
   7.8199999999998777        2.2364277666004264E-002
   7.8299999999998775        2.2355796396239611E-002
   7.8399999999998773        2.2347319216090292E-002
   7.8499999999998771        2.2338846114400832E-002
   7.8599999999998769        2.2330377080116016E-002
   7.8699999999998766        2.2321912102279816E-002
   7.8799999999998764        2.2313451170034571E-002
   7.8899999999998762        2.2304994272620303E-002
   7.8999999999998760        2.2296541399373662E-002
   7.9099999999998758        2.2288092539727359E-002
   7.9199999999998756        2.2279647683209083E-002
   7.9299999999998754        2.2271206819441027E-002
   7.9399999999998752        2.2262769938138686E-002
   7.9499999999998749        2.2254337029110505E-002
   7.9599999999998747        2.2245908082256752E-002
   7.9699999999998745        2.2237483087568968E-002
   7.9799999999998743        2.2229062035129050E-002
   7.9899999999998741        2.2220644915108504E-002
   7.9999999999998739        2.2212231717767886E-002
   8.0099999999998737        2.2203822433455762E-002
   8.0199999999998735        2.2195417052608135E-002
   8.0299999999998732        2.2187015565747727E-002
   8.0399999999998730        2.2178617963483162E-002
   8.0499999999998728        2.2170224236508350E-002
   8.0599999999998726        2.2161834375601569E-002
   8.0699999999998724        2.2153448371625088E-002
   8.0799999999998722        2.2145066215524114E-002
   8.0899999999998720        2.2136687898326343E-002
   8.0999999999998717        2.2128313411141118E-002
   8.1099999999998715        2.2119942745158806E-002
   8.1199999999998713        2.2111575891650168E-002
   8.1299999999998711        2.2103212841965578E-002
   8.1399999999998709        2.2094853587534435E-002
   8.1499999999998707        2.2086498119864448E-002
   8.1599999999998705        2.2078146430541058E-002
   8.1699999999998703        2.2069798511226646E-002
   8.1799999999998700        2.2061454353660116E-002
   8.1899999999998698        2.2053113949655929E-002
   8.1999999999998696        2.2044777291103837E-002
   8.2099999999998694        2.2036444369967954E-002
   8.2199999999998692        2.2028115178286286E-002
   8.2299999999998690        2.2019789708170118E-002
   8.2399999999998688        2.2011467951803299E-002
   8.2499999999998685        2.2003149901441740E-002
   8.2599999999998683        2.1994835549412766E-002
   8.2699999999998681        2.1986524888114516E-002
   8.2799999999998679        2.1978217910015283E-002
   8.2899999999998677        2.1969914607653157E-002
   8.2999999999998675        2.1961614973635125E-002
   8.3099999999998673        2.1953319000636778E-002
   8.3199999999998671        2.1945026681401549E-002
   8.3299999999998668        2.1936738008740221E-002
   8.3399999999998666        2.1928452975530355E-002
   8.3499999999998664        2.1920171574715736E-002
   8.3599999999998662        2.1911893799305832E-002
   8.3699999999998660        2.1903619642375232E-002
   8.3799999999998658        2.1895349097063015E-002
   8.3899999999998656        2.1887082156572396E-002
   8.3999999999998654        2.1878818814170045E-002
   8.4099999999998651        2.1870559063185673E-002
   8.4199999999998649        2.1862302897011285E-002
   8.4299999999998647        2.1854050309100953E-002
   8.4399999999998645        2.1845801292970070E-002
   8.4499999999998643        2.1837555842194930E-002
   8.4599999999998641        2.1829313950412269E-002
   8.4699999999998639        2.1821075611318623E-002
   8.4799999999998636        2.1812840818669941E-002
   8.4899999999998634        2.1804609566281118E-002
   8.4999999999998632        2.1796381848025303E-002
   8.5099999999998630        2.1788157657833675E-002
   8.5199999999998628        2.1779936989694767E-002
   8.5299999999998626        2.1771719837654073E-002
   8.5399999999998624        2.1763506195813537E-002
   8.5499999999998622        2.1755296058331153E-002
   8.5599999999998619        2.1747089419420319E-002
   8.5699999999998617        2.1738886273349627E-002
   8.5799999999998615        2.1730686614442229E-002
   8.5899999999998613        2.1722490437075349E-002
   8.5999999999998611        2.1714297735679972E-002
   8.6099999999998609        2.1706108504740380E-002
   8.6199999999998607        2.1697922738793517E-002
   8.6299999999998604        2.1689740432428814E-002
   8.6399999999998602        2.1681561580287542E-002
   8.6499999999998600        2.1673386177062489E-002
   8.6599999999998598        2.1665214217497512E-002
   8.6699999999998596        2.1657045696387031E-002
   8.6799999999998594        2.1648880608575803E-002
   8.6899999999998592        2.1640718948958200E-002
   8.6999999999998590        2.1632560712478075E-002
   8.7099999999998587        2.1624405894128243E-002
   8.7199999999998585        2.1616254488950024E-002
   8.7299999999998583        2.1608106492032837E-002
   8.7399999999998581        2.1599961898513952E-002
   8.7499999999998579        2.1591820703577874E-002
   8.7599999999998577        2.1583682902456099E-002
   8.7699999999998575        2.1575548490426651E-002
   8.7799999999998573        2.1567417462813716E-002
   8.7899999999998570        2.1559289814987257E-002
   8.7999999999998568        2.1551165542362642E-002
   8.8099999999998566        2.1543044640400175E-002
   8.8199999999998564        2.1534927104604848E-002
   8.8299999999998562        2.1526812930525892E-002
   8.8399999999998560        2.1518702113756442E-002
   8.8499999999998558        2.1510594649933105E-002
   8.8599999999998555        2.1502490534735703E-002
   8.8699999999998553        2.1494389763886727E-002
   8.8799999999998551        2.1486292333151229E-002
   8.8899999999998549        2.1478198238336264E-002
   8.8999999999998547        2.1470107475290611E-002
   8.9099999999998545        2.1462020039904401E-002
   8.9199999999998543        2.1453935928108823E-002
   8.9299999999998541        2.1445855135875689E-002
   8.9399999999998538        2.1437777659217234E-002
   8.9499999999998536        2.1429703494185548E-002
   8.9599999999998534        2.1421632636872471E-002
   8.9699999999998532        2.1413565083409136E-002
   8.9799999999998530        2.1405500829965739E-002
   8.9899999999998528        2.1397439872750976E-002
   8.9999999999998526        2.1389382208012019E-002
   9.0099999999998523        2.1381327832033968E-002
   9.0199999999998521        2.1373276741139688E-002
   9.0299999999998519        2.1365228931689358E-002
   9.0399999999998517        2.1357184400080213E-002
   9.0499999999998515        2.1349143142746250E-002
   9.0599999999998513        2.1341105156157929E-002
   9.0699999999998511        2.1333070436821758E-002
   9.0799999999998509        2.1325038981280148E-002
   9.0899999999998506        2.1317010786110951E-002
   9.0999999999998504        2.1308985847927283E-002
   9.1099999999998502        2.1300964163377154E-002
   9.1199999999998500        2.1292945729143212E-002
   9.1299999999998498        2.1284930541942373E-002
   9.1399999999998496        2.1276918598525697E-002
   9.1499999999998494        2.1268909895677871E-002
   9.1599999999998492        2.1260904430217137E-002
   9.1699999999998489        2.1252902198994846E-002
   9.1799999999998487        2.1244903198895257E-002
   9.1899999999998485        2.1236907426835278E-002
   9.1999999999998483        2.1228914879764093E-002
   9.2099999999998481        2.1220925554663018E-002
   9.2199999999998479        2.1212939448545073E-002
   9.2299999999998477        2.1204956558454894E-002
   9.2399999999998474        2.1196976881468245E-002
   9.2499999999998472        2.1189000414691961E-002
   9.2599999999998470        2.1181027155263547E-002
   9.2699999999998468        2.1173057100350997E-002
   9.2799999999998466        2.1165090247152428E-002
   9.2899999999998464        2.1157126592895963E-002
   9.2999999999998462        2.1149166134839442E-002
   9.3099999999998460        2.1141208870269955E-002
   9.3199999999998457        2.1133254796503940E-002
   9.3299999999998455        2.1125303910886649E-002
   9.3399999999998453        2.1117356210792058E-002
   9.3499999999998451        2.1109411693622557E-002
   9.3599999999998449        2.1101470356808715E-002
   9.3699999999998447        2.1093532197809052E-002
   9.3799999999998445        2.1085597214109745E-002
   9.3899999999998442        2.1077665403224477E-002
   9.3999999999998440        2.1069736762694136E-002
   9.4099999999998438        2.1061811290086583E-002
   9.4199999999998436        2.1053888982996476E-002
   9.4299999999998434        2.1045969839044956E-002
   9.4399999999998432        2.1038053855879459E-002
   9.4499999999998430        2.1030141031173562E-002
   9.4599999999998428        2.1022231362626514E-002
   9.4699999999998425        2.1014324847963433E-002
   9.4799999999998423        2.1006421484934559E-002
   9.4899999999998421        2.0998521271315525E-002
   9.4999999999998419        2.0990624204906785E-002
   9.5099999999998417        2.0982730283533604E-002
   9.5199999999998415        2.0974839505045754E-002
   9.5299999999998413        2.0966951867317306E-002
   9.5399999999998411        2.0959067368246379E-002
   9.5499999999998408        2.0951186005755115E-002
   9.5599999999998406        2.0943307777789195E-002
   9.5699999999998404        2.0935432682317887E-002
   9.5799999999998402        2.0927560717333600E-002
   9.5899999999998400        2.0919691880851934E-002
   9.5999999999998398        2.0911826170911224E-002
   9.6099999999998396        2.0903963585572650E-002
   9.6199999999998393        2.0896104122919614E-002
   9.6299999999998391        2.0888247781057984E-002
   9.6399999999998389        2.0880394558115585E-002
   9.6499999999998387        2.0872544452242174E-002
   9.6599999999998385        2.0864697461609134E-002
   9.6699999999998383        2.0856853584409418E-002
   9.6799999999998381        2.0849012818857163E-002
   9.6899999999998379        2.0841175163187738E-002
   9.6999999999998376        2.0833340615657371E-002
   9.7099999999998374        2.0825509174543025E-002
   9.7199999999998372        2.0817680838142234E-002
   9.7299999999998370        2.0809855604772932E-002
   9.7399999999998368        2.0802033472773217E-002
   9.7499999999998366        2.0794214440501245E-002
   9.7599999999998364        2.0786398506334888E-002
   9.7699999999998361        2.0778585668671756E-002
   9.7799999999998359        2.0770775925929002E-002
   9.7899999999998357        2.0762969276543017E-002
   9.7999999999998355        2.0755165718969272E-002
   9.8099999999998353        2.0747365251682325E-002
   9.8199999999998351        2.0739567873175442E-002
   9.8299999999998349        2.0731773581960537E-002
   9.8399999999998347        2.0723982376568011E-002
   9.8499999999998344        2.0716194255546490E-002
   9.8599999999998342        2.0708409217462802E-002
   9.8699999999998340        2.0700627260901713E-002
   9.8799999999998338        2.0692848384465751E-002
   9.8899999999998336        2.0685072586775134E-002
   9.8999999999998334        2.0677299866467536E-002
   9.9099999999998332        2.0669530222197995E-002
   9.9199999999998330        2.0661763652638603E-002
   9.9299999999998327        2.0654000156478624E-002
   9.9399999999998325        2.0646239732424028E-002
   9.9499999999998323        2.0638482379197593E-002
   9.9599999999998321        2.0630728095538595E-002
   9.9699999999998319        2.0622976880202686E-002
   9.9799999999998317        2.0615228731961810E-002
   9.9899999999998315        2.0607483649603988E-002
   9.9999999999998312        2.0599741631933222E-002
