   0.0000000000000000        2.1939586180505661     
   1.0000000000000000E-002   2.0415850516002623     
   2.0000000000000000E-002   1.8923720767528809     
   2.9999999999999999E-002   1.7482575580328565     
   4.0000000000000001E-002   1.6108704037062118     
   5.0000000000000003E-002   1.4814503573529885     
   6.0000000000000005E-002   1.3608202369480080     
   7.0000000000000007E-002   1.2494045720306568     
   8.0000000000000002E-002   1.1472812865001598     
   8.9999999999999997E-002   1.0542510102719751     
   9.9999999999999992E-002  0.96991057610655818     
  0.10999999999999999       0.89372123129341074     
  0.11999999999999998       0.82506629461197167     
  0.12999999999999998       0.76329638375772491     
  0.13999999999999999       0.70776259239800787     
  0.14999999999999999       0.65783921099818088     
  0.16000000000000000       0.61293804121140660     
  0.17000000000000001       0.57251634141935881     
  0.18000000000000002       0.53608019011776509     
  0.19000000000000003       0.50318471613190052     
  0.20000000000000004       0.47343230704906986     
  0.21000000000000005       0.44646961145194297     
  0.22000000000000006       0.42198391065183594     
  0.23000000000000007       0.39969925102393478     
  0.24000000000000007       0.37937259147290714     
  0.25000000000000006       0.36079012272479827     
  0.26000000000000006       0.34376384707517671     
  0.27000000000000007       0.32812846123462880     
  0.28000000000000008       0.31373855484895158     
  0.29000000000000009       0.30046611842555476     
  0.30000000000000010       0.28819834328057670     
  0.31000000000000011       0.27683569020887633     
  0.32000000000000012       0.26629020108144247     
  0.33000000000000013       0.25648402724485647     
  0.34000000000000014       0.24734814958135612     
  0.35000000000000014       0.23882126681146457     
  0.36000000000000015       0.23084883070597809     
  0.37000000000000016       0.22338220907787981     
  0.38000000000000017       0.21637795959758305     
  0.39000000000000018       0.20979719952927806     
  0.40000000000000019       0.20360505837561482     
  0.41000000000000020       0.19777020212271670     
  0.42000000000000021       0.19226441929452670     
  0.43000000000000022       0.18706226036167267     
  0.44000000000000022       0.18214072321796904     
  0.45000000000000023       0.17747897845262570     
  0.46000000000000024       0.17305812902437662     
  0.47000000000000025       0.16886099970097912     
  0.48000000000000026       0.16487195227890972     
  0.49000000000000027       0.16107672315737054     
  0.50000000000000022       0.15746228032034623     
  0.51000000000000023       0.15401669719140490     
  0.52000000000000024       0.15072904117791655     
  0.53000000000000025       0.14758927502276220     
  0.54000000000000026       0.14458816933974047     
  0.55000000000000027       0.14171722493002392     
  0.56000000000000028       0.13896860366656641     
  0.57000000000000028       0.13633506689595137     
  0.58000000000000029       0.13380992044672971     
  0.59000000000000030       0.13138696545321626     
  0.60000000000000031       0.12906045430684143     
  0.61000000000000032       0.12682505113596679     
  0.62000000000000033       0.12467579629161853     
  0.63000000000000034       0.12260807438267463     
  0.64000000000000035       0.12061758546113704     
  0.65000000000000036       0.11870031900754628     
  0.66000000000000036       0.11685253040941397     
  0.67000000000000037       0.11507071966271856     
  0.68000000000000038       0.11335161205880033     
  0.69000000000000039       0.11169214064710505     
  0.70000000000000040       0.11008943028872513     
  0.71000000000000041       0.10854078313706729     
  0.72000000000000042       0.10704366540067577     
  0.73000000000000043       0.10559569525960079     
  0.74000000000000044       0.10419463182105322     
  0.75000000000000044       0.10283836501268701     
  0.76000000000000045       0.10152490632292697     
  0.77000000000000046       0.10025238030751778     
  0.78000000000000047        9.9019016790074660E-002
  0.79000000000000048        9.7823143692017861E-002
  0.80000000000000049        9.6663180433987958E-002
  0.81000000000000050        9.5537631856800281E-002
  0.82000000000000051        9.4445082615270223E-002
  0.83000000000000052        9.3384192002933561E-002
  0.84000000000000052        9.2353689169856576E-002
  0.85000000000000053        9.1352368699441716E-002
  0.86000000000000054        9.0379086513451043E-002
  0.87000000000000055        8.9432756077420919E-002
  0.88000000000000056        8.8512344881291685E-002
  0.89000000000000057        8.7616871172434968E-002
  0.90000000000000058        8.6745400920388183E-002
  0.91000000000000059        8.5897044994504804E-002
  0.92000000000000060        8.5070956537441692E-002
  0.93000000000000060        8.4266328518938546E-002
  0.94000000000000061        8.3482391455732788E-002
  0.95000000000000062        8.2718411284700200E-002
  0.96000000000000063        8.1973687377436183E-002
  0.97000000000000064        8.1247550685513745E-002
  0.98000000000000065        8.0539362006571594E-002
  0.99000000000000066        7.9848510362220751E-002
   1.0000000000000007        7.9174411479512846E-002
   1.0100000000000007        7.8516506368398062E-002
   1.0200000000000007        7.7874259988223560E-002
   1.0300000000000007        7.7247159996889345E-002
   1.0400000000000007        7.6634715576789317E-002
   1.0500000000000007        7.6036456332140942E-002
   1.0600000000000007        7.5451931252724896E-002
   1.0700000000000007        7.4880707739456168E-002
   1.0800000000000007        7.4322370687553332E-002
   1.0900000000000007        7.3776521623407393E-002
   1.1000000000000008        7.3242777891541461E-002
   1.1100000000000008        7.2720771888330565E-002
   1.1200000000000008        7.2210150339397580E-002
   1.1300000000000008        7.1710573617828885E-002
   1.1400000000000008        7.1221715100568225E-002
   1.1500000000000008        7.0743260560533483E-002
   1.1600000000000008        7.0274907592184715E-002
   1.1700000000000008        6.9816365068429434E-002
   1.1800000000000008        6.9367352626905701E-002
   1.1900000000000008        6.8927600183818258E-002
   1.2000000000000008        6.8496847473632272E-002
   1.2100000000000009        6.8074843613047054E-002
   1.2200000000000009        6.7661346687778651E-002
   1.2300000000000009        6.7256123360782724E-002
   1.2400000000000009        6.6858948500640322E-002
   1.2500000000000009        6.6469604828915299E-002
   1.2600000000000009        6.6087882585371419E-002
   1.2700000000000009        6.5713579210010226E-002
   1.2800000000000009        6.5346499040959932E-002
   1.2900000000000009        6.4986453027306448E-002
   1.3000000000000009        6.4633258456020082E-002
   1.3100000000000009        6.4286738692179948E-002
   1.3200000000000010        6.3946722931755753E-002
   1.3300000000000010        6.3613045966246770E-002
   1.3400000000000010        6.3285547958525840E-002
   1.3500000000000010        6.2964074229276051E-002
   1.3600000000000010        6.2648475053443536E-002
   1.3700000000000010        6.2338605466167069E-002
   1.3800000000000010        6.2034325077678601E-002
   1.3900000000000010        6.1735497896695496E-002
   1.4000000000000010        6.1441992161859124E-002
   1.4100000000000010        6.1153680180797761E-002
   1.4200000000000010        6.0870438176415638E-002
   1.4300000000000010        6.0592146140038480E-002
   1.4400000000000011        6.0318687691059532E-002
   1.4500000000000011        6.0049949942759612E-002
   1.4600000000000011        5.9785823373985504E-002
   1.4700000000000011        5.9526201706394263E-002
   1.4800000000000011        5.9270981786985019E-002
   1.4900000000000011        5.9020063475656977E-002
   1.5000000000000011        5.8773349537545330E-002
   1.5100000000000011        5.8530745539902396E-002
   1.5200000000000011        5.8292159753302229E-002
   1.5300000000000011        5.8057503056961786E-002
   1.5400000000000011        5.7826688847978702E-002
   1.5500000000000012        5.7599632954302094E-002
   1.5600000000000012        5.7376253551257306E-002
   1.5700000000000012        5.7156471081459263E-002
   1.5800000000000012        5.6940208177955011E-002
   1.5900000000000012        5.6727389590445793E-002
   1.6000000000000012        5.6517942114447418E-002
   1.6100000000000012        5.6311794523252599E-002
   1.6200000000000012        5.6108877502569432E-002
   1.6300000000000012        5.5909123587713563E-002
   1.6400000000000012        5.5712467103239571E-002
   1.6500000000000012        5.5518844104902196E-002
   1.6600000000000013        5.5328192323845074E-002
   1.6700000000000013        5.5140451112916156E-002
   1.6800000000000013        5.4955561395019066E-002
   1.6900000000000013        5.4773465613409469E-002
   1.7000000000000013        5.4594107683853109E-002
   1.7100000000000013        5.4417432948564895E-002
   1.7200000000000013        5.4243388131852747E-002
   1.7300000000000013        5.4071921297393181E-002
   1.7400000000000013        5.3902981807069955E-002
   1.7500000000000013        5.3736520281308764E-002
   1.7600000000000013        5.3572488560847648E-002
   1.7700000000000014        5.3410839669880174E-002
   1.7800000000000014        5.3251527780517144E-002
   1.7900000000000014        5.3094508178510552E-002
   1.8000000000000014        5.2939737230189826E-002
   1.8100000000000014        5.2787172350559484E-002
   1.8200000000000014        5.2636771972511646E-002
   1.8300000000000014        5.2488495517109192E-002
   1.8400000000000014        5.2342303364895107E-002
   1.8500000000000014        5.2198156828188749E-002
   1.8600000000000014        5.2056018124329070E-002
   1.8700000000000014        5.1915850349826938E-002
   1.8800000000000014        5.1777617455392597E-002
   1.8900000000000015        5.1641284221801670E-002
   1.9000000000000015        5.1506816236570038E-002
   1.9100000000000015        5.1374179871403677E-002
   1.9200000000000015        5.1243342260395640E-002
   1.9300000000000015        5.1114271278940498E-002
   1.9400000000000015        5.0986935523339674E-002
   1.9500000000000015        5.0861304291071011E-002
   1.9600000000000015        5.0737347561698155E-002
   1.9700000000000015        5.0615035978395090E-002
   1.9800000000000015        5.0494340830063808E-002
   1.9900000000000015        5.0375234034022595E-002
   2.0000000000000013        5.0257688119243638E-002
   2.0100000000000011        5.0141676210120591E-002
   2.0200000000000009        5.0027172010746399E-002
   2.0300000000000007        4.9914149789682165E-002
   2.0400000000000005        4.9802584365201172E-002
   2.0500000000000003        4.9692451090988653E-002
   2.0600000000000001        4.9583725842282461E-002
   2.0699999999999998        4.9476385002439456E-002
   2.0799999999999996        4.9370405449910296E-002
   2.0899999999999994        4.9265764545610879E-002
   2.0999999999999992        4.9162440120674833E-002
   2.1099999999999990        4.9060410464574024E-002
   2.1199999999999988        4.8959654313595093E-002
   2.1299999999999986        4.8860150839658480E-002
   2.1399999999999983        4.8761879639469138E-002
   2.1499999999999981        4.8664820723987479E-002
   2.1599999999999979        4.8568954508208827E-002
   2.1699999999999977        4.8474261801241807E-002
   2.1799999999999975        4.8380723796675379E-002
   2.1899999999999973        4.8288322063224400E-002
   2.1999999999999971        4.8197038535644929E-002
   2.2099999999999969        4.8106855505909783E-002
   2.2199999999999966        4.8017755614636393E-002
   2.2299999999999964        4.7929721842757685E-002
   2.2399999999999962        4.7842737503428948E-002
   2.2499999999999960        4.7756786234162539E-002
   2.2599999999999958        4.7671851989182744E-002
   2.2699999999999956        4.7587919031994330E-002
   2.2799999999999954        4.7504971928157280E-002
   2.2899999999999952        4.7422995538261174E-002
   2.2999999999999949        4.7341975011093641E-002
   2.3099999999999947        4.7261895776995126E-002
   2.3199999999999945        4.7182743541395587E-002
   2.3299999999999943        4.7104504278526839E-002
   2.3399999999999941        4.7027164225304535E-002
   2.3499999999999939        4.6950709875375196E-002
   2.3599999999999937        4.6875127973322710E-002
   2.3699999999999934        4.6800405509029960E-002
   2.3799999999999932        4.6726529712189512E-002
   2.3899999999999930        4.6653488046960158E-002
   2.3999999999999928        4.6581268206764559E-002
   2.4099999999999926        4.6509858109222577E-002
   2.4199999999999924        4.6439245891217729E-002
   2.4299999999999922        4.6369419904091692E-002
   2.4399999999999920        4.6300368708963702E-002
   2.4499999999999917        4.6232081072169966E-002
   2.4599999999999915        4.6164545960821320E-002
   2.4699999999999913        4.6097752538473626E-002
   2.4799999999999911        4.6031690160909189E-002
   2.4899999999999909        4.5966348372024790E-002
   2.4999999999999907        4.5901716899824009E-002
   2.5099999999999905        4.5837785652510246E-002
   2.5199999999999902        4.5774544714677609E-002
   2.5299999999999900        4.5711984343597252E-002
   2.5399999999999898        4.5650094965595724E-002
   2.5499999999999896        4.5588867172523299E-002
   2.5599999999999894        4.5528291718309154E-002
   2.5699999999999892        4.5468359515601402E-002
   2.5799999999999890        4.5409061632489658E-002
   2.5899999999999888        4.5350389289306701E-002
   2.5999999999999885        4.5292333855508508E-002
   2.6099999999999883        4.5234886846629491E-002
   2.6199999999999881        4.5178039921311253E-002
   2.6299999999999879        4.5121784878402370E-002
   2.6399999999999877        4.5066113654127792E-002
   2.6499999999999875        4.5011018319325503E-002
   2.6599999999999873        4.4956491076748803E-002
   2.6699999999999871        4.4902524258432344E-002
   2.6799999999999868        4.4849110323120202E-002
   2.6899999999999866        4.4796241853754186E-002
   2.6999999999999864        4.4743911555020791E-002
   2.7099999999999862        4.4692112250955554E-002
   2.7199999999999860        4.4640836882602737E-002
   2.7299999999999858        4.4590078505728971E-002
   2.7399999999999856        4.4539830288589800E-002
   2.7499999999999853        4.4490085509747257E-002
   2.7599999999999851        4.4440837555937439E-002
   2.7699999999999849        4.4392079919986428E-002
   2.7799999999999847        4.4343806198773747E-002
   2.7899999999999845        4.4296010091241581E-002
   2.7999999999999843        4.4248685396448960E-002
   2.8099999999999841        4.4201826011669831E-002
   2.8199999999999839        4.4155425930532996E-002
   2.8299999999999836        4.4109479241204112E-002
   2.8399999999999834        4.4063980124607827E-002
   2.8499999999999832        4.4018922852689164E-002
   2.8599999999999830        4.3974301786713223E-002
   2.8699999999999828        4.3930111375602508E-002
   2.8799999999999826        4.3886346154310002E-002
   2.8899999999999824        4.3843000742228536E-002
   2.8999999999999821        4.3800069841634037E-002
   2.9099999999999819        4.3757548236162999E-002
   2.9199999999999817        4.3715430789322128E-002
   2.9299999999999815        4.3673712443030983E-002
   2.9399999999999813        4.3632388216195021E-002
   2.9499999999999811        4.3591453203309566E-002
   2.9599999999999809        4.3550902573093277E-002
   2.9699999999999807        4.3510731567150712E-002
   2.9799999999999804        4.3470935498663314E-002
   2.9899999999999802        4.3431509751107329E-002
   2.9999999999999800        4.3392449776999763E-002
   3.0099999999999798        4.3353751096669425E-002
   3.0199999999999796        4.3315409297054422E-002
   3.0299999999999794        4.3277420030524157E-002
   3.0399999999999792        4.3239779013725985E-002
   3.0499999999999790        4.3202482026455769E-002
   3.0599999999999787        4.3165524910551423E-002
   3.0699999999999785        4.3128903568809183E-002
   3.0799999999999783        4.3092613963922353E-002
   3.0899999999999781        4.3056652117441342E-002
   3.0999999999999779        4.3021014108755092E-002
   3.1099999999999777        4.2985696074092736E-002
   3.1199999999999775        4.2950694205546001E-002
   3.1299999999999772        4.2916004750110683E-002
   3.1399999999999770        4.2881624008747801E-002
   3.1499999999999768        4.2847548335463344E-002
   3.1599999999999766        4.2813774136406371E-002
   3.1699999999999764        4.2780297868984900E-002
   3.1799999999999762        4.2747116040999462E-002
   3.1899999999999760        4.2714225209794086E-002
   3.1999999999999758        4.2681621981423140E-002
   3.2099999999999755        4.2649303009835438E-002
   3.2199999999999753        4.2617264996073656E-002
   3.2299999999999751        4.2585504687489728E-002
   3.2399999999999749        4.2554018876975540E-002
   3.2499999999999747        4.2522804402207959E-002
   3.2599999999999745        4.2491858144909363E-002
   3.2699999999999743        4.2461177030121644E-002
   3.2799999999999740        4.2430758025494585E-002
   3.2899999999999738        4.2400598140587477E-002
   3.2999999999999736        4.2370694426184755E-002
   3.3099999999999734        4.2341043973623892E-002
   3.3199999999999732        4.2311643914136547E-002
   3.3299999999999730        4.2282491418201930E-002
   3.3399999999999728        4.2253583694912569E-002
   3.3499999999999726        4.2224917991351925E-002
   3.3599999999999723        4.2196491591983513E-002
   3.3699999999999721        4.2168301818051895E-002
   3.3799999999999719        4.2140346026994131E-002
   3.3899999999999717        4.2112621611863195E-002
   3.3999999999999715        4.2085126000760822E-002
   3.4099999999999713        4.2057856656282235E-002
   3.4199999999999711        4.2030811074969664E-002
   3.4299999999999708        4.2003986786777220E-002
   3.4399999999999706        4.1977381354544728E-002
   3.4499999999999704        4.1950992373481530E-002
   3.4599999999999702        4.1924817470659723E-002
   3.4699999999999700        4.1898854304516231E-002
   3.4799999999999698        4.1873100564364427E-002
   3.4899999999999696        4.1847553969914478E-002
   3.4999999999999694        4.1822212270801754E-002
   3.5099999999999691        4.1797073246124757E-002
   3.5199999999999689        4.1772134703990257E-002
   3.5299999999999687        4.1747394481067374E-002
   3.5399999999999685        4.1722850442149198E-002
   3.5499999999999683        4.1698500479722254E-002
   3.5599999999999681        4.1674342513543752E-002
   3.5699999999999679        4.1650374490226280E-002
   3.5799999999999677        4.1626594382829576E-002
   3.5899999999999674        4.1603000190459885E-002
   3.5999999999999672        4.1579589937876096E-002
   3.6099999999999670        4.1556361675102765E-002
   3.6199999999999668        4.1533313477049971E-002
   3.6299999999999666        4.1510443443139845E-002
   3.6399999999999664        4.1487749696939427E-002
   3.6499999999999662        4.1465230385800057E-002
   3.6599999999999659        4.1442883680502869E-002
   3.6699999999999657        4.1420707774910505E-002
   3.6799999999999655        4.1398700885624667E-002
   3.6899999999999653        4.1376861251649653E-002
   3.6999999999999651        4.1355187134061597E-002
   3.7099999999999649        4.1333676815683562E-002
   3.7199999999999647        4.1312328600765773E-002
   3.7299999999999645        4.1291140814671508E-002
   3.7399999999999642        4.1270111803568460E-002
   3.7499999999999640        4.1249239934124826E-002
   3.7599999999999638        4.1228523593211129E-002
   3.7699999999999636        4.1207961187606681E-002
   3.7799999999999634        4.1187551143710935E-002
   3.7899999999999632        4.1167291907259769E-002
   3.7999999999999630        4.1147181943046771E-002
   3.8099999999999627        4.1127219734648425E-002
   3.8199999999999625        4.1107403784154790E-002
   3.8299999999999623        4.1087732611903911E-002
   3.8399999999999621        4.1068204756221062E-002
   3.8499999999999619        4.1048818773161799E-002
   3.8599999999999617        4.1029573236259997E-002
   3.8699999999999615        4.1010466736279373E-002
   3.8799999999999613        4.0991497880968994E-002
   3.8899999999999610        4.0972665294823622E-002
   3.8999999999999608        4.0953967618847002E-002
   3.9099999999999606        4.0935403510319497E-002
   3.9199999999999604        4.0916971642569577E-002
   3.9299999999999602        4.0898670704748522E-002
   3.9399999999999600        4.0880499401609240E-002
   3.9499999999999598        4.0862456453288488E-002
   3.9599999999999596        4.0844540595092529E-002
   3.9699999999999593        4.0826750577286332E-002
   3.9799999999999591        4.0809085164885857E-002
   3.9899999999999589        4.0791543137454284E-002
   3.9999999999999587        4.0774123288900718E-002
   4.0099999999999589        4.0756824427282616E-002
   4.0199999999999587        4.0739645374611180E-002
   4.0299999999999585        4.0722584966659932E-002
   4.0399999999999583        4.0705642052775985E-002
   4.0499999999999581        4.0688815495694565E-002
   4.0599999999999579        4.0672104171356790E-002
   4.0699999999999577        4.0655506968729313E-002
   4.0799999999999574        4.0639022789627749E-002
   4.0899999999999572        4.0622650548542541E-002
   4.0999999999999570        4.0606389172467221E-002
   4.1099999999999568        4.0590237600729891E-002
   4.1199999999999566        4.0574194784826823E-002
   4.1299999999999564        4.0558259688259088E-002
   4.1399999999999562        4.0542431286371187E-002
   4.1499999999999559        4.0526708566192698E-002
   4.1599999999999557        4.0511090526281962E-002
   4.1699999999999555        4.0495576176572456E-002
   4.1799999999999553        4.0480164538221244E-002
   4.1899999999999551        4.0464854643459947E-002
   4.1999999999999549        4.0449645535447852E-002
   4.2099999999999547        4.0434536268127583E-002
   4.2199999999999545        4.0419525906082318E-002
   4.2299999999999542        4.0404613524395915E-002
   4.2399999999999540        4.0389798208514453E-002
   4.2499999999999538        4.0375079054110599E-002
   4.2599999999999536        4.0360455166949256E-002
   4.2699999999999534        4.0345925662755792E-002
   4.2799999999999532        4.0331489667086155E-002
   4.2899999999999530        4.0317146315198539E-002
   4.2999999999999527        4.0302894751927568E-002
   4.3099999999999525        4.0288734131559804E-002
   4.3199999999999523        4.0274663617711440E-002
   4.3299999999999521        4.0260682383207971E-002
   4.3399999999999519        4.0246789609964854E-002
   4.3499999999999517        4.0232984488871006E-002
   4.3599999999999515        4.0219266219673207E-002
   4.3699999999999513        4.0205634010862600E-002
   4.3799999999999510        4.0192087079562788E-002
   4.3899999999999508        4.0178624651419380E-002
   4.3999999999999506        4.0165245960491452E-002
   4.4099999999999504        4.0151950249144579E-002
   4.4199999999999502        4.0138736767945014E-002
   4.4299999999999500        4.0125604775555816E-002
   4.4399999999999498        4.0112553538634542E-002
   4.4499999999999496        4.0099582331732157E-002
   4.4599999999999493        4.0086690437193380E-002
   4.4699999999999491        4.0073877145058751E-002
   4.4799999999999489        4.0061141752967801E-002
   4.4899999999999487        4.0048483566064122E-002
   4.4999999999999485        4.0035901896901052E-002
   4.5099999999999483        4.0023396065349340E-002
   4.5199999999999481        4.0010965398505807E-002
   4.5299999999999478        3.9998609230603561E-002
   4.5399999999999476        3.9986326902923183E-002
   4.5499999999999474        3.9974117763705436E-002
   4.5599999999999472        3.9961981168065069E-002
   4.5699999999999470        3.9949916477905974E-002
   4.5799999999999468        3.9937923061837396E-002
   4.5899999999999466        3.9926000295091447E-002
   4.5999999999999464        3.9914147559441629E-002
   4.6099999999999461        3.9902364243122816E-002
   4.6199999999999459        3.9890649740751946E-002
   4.6299999999999457        3.9879003453250156E-002
   4.6399999999999455        3.9867424787765914E-002
   4.6499999999999453        3.9855913157599045E-002
   4.6599999999999451        3.9844467982126194E-002
   4.6699999999999449        3.9833088686726872E-002
   4.6799999999999446        3.9821774702711067E-002
   4.6899999999999444        3.9810525467247095E-002
   4.6999999999999442        3.9799340423291557E-002
   4.7099999999999440        3.9788219019518997E-002
   4.7199999999999438        3.9777160710253591E-002
   4.7299999999999436        3.9766164955401050E-002
   4.7399999999999434        3.9755231220382048E-002
   4.7499999999999432        3.9744358976066027E-002
   4.7599999999999429        3.9733547698706274E-002
   4.7699999999999427        3.9722796869875725E-002
   4.7799999999999425        3.9712105976403747E-002
   4.7899999999999423        3.9701474510313736E-002
   4.7999999999999421        3.9690901968761363E-002
   4.8099999999999419        3.9680387853974208E-002
   4.8199999999999417        3.9669931673191501E-002
   4.8299999999999415        3.9659532938605142E-002
   4.8399999999999412        3.9649191167301735E-002
   4.8499999999999410        3.9638905881204528E-002
   4.8599999999999408        3.9628676607017084E-002
   4.8699999999999406        3.9618502876167278E-002
   4.8799999999999404        3.9608384224751846E-002
   4.8899999999999402        3.9598320193482299E-002
   4.8999999999999400        3.9588310327630778E-002
   4.9099999999999397        3.9578354176977470E-002
   4.9199999999999395        3.9568451295757846E-002
   4.9299999999999393        3.9558601242611312E-002
   4.9399999999999391        3.9548803580530242E-002
   4.9499999999999389        3.9539057876809738E-002
   4.9599999999999387        3.9529363702998033E-002
   4.9699999999999385        3.9519720634847398E-002
   4.9799999999999383        3.9510128252266206E-002
   4.9899999999999380        3.9500586139270946E-002
   4.9999999999999378        3.9491093883939371E-002
   5.0099999999999376        3.9481651078364113E-002
   5.0199999999999374        3.9472257318606867E-002
   5.0299999999999372        3.9462912204653013E-002
   5.0399999999999370        3.9453615340367447E-002
   5.0499999999999368        3.9444366333450109E-002
   5.0599999999999365        3.9435164795392823E-002
   5.0699999999999363        3.9426010341436370E-002
   5.0799999999999361        3.9416902590527991E-002
   5.0899999999999359        3.9407841165279858E-002
   5.0999999999999357        3.9398825691927791E-002
   5.1099999999999355        3.9389855800290419E-002
   5.1199999999999353        3.9380931123729195E-002
   5.1299999999999351        3.9372051299108583E-002
   5.1399999999999348        3.9363215966757091E-002
   5.1499999999999346        3.9354424770428373E-002
   5.1599999999999344        3.9345677357263381E-002
   5.1699999999999342        3.9336973377752639E-002
   5.1799999999999340        3.9328312485698874E-002
   5.1899999999999338        3.9319694338180500E-002
   5.1999999999999336        3.9311118595515358E-002
   5.2099999999999334        3.9302584921224876E-002
   5.2199999999999331        3.9294092981998971E-002
   5.2299999999999329        3.9285642447660876E-002
   5.2399999999999327        3.9277232991132956E-002
   5.2499999999999325        3.9268864288402601E-002
   5.2599999999999323        3.9260536018488675E-002
   5.2699999999999321        3.9252247863408495E-002
   5.2799999999999319        3.9243999508144986E-002
   5.2899999999999316        3.9235790640614290E-002
   5.2999999999999314        3.9227620951634158E-002
   5.3099999999999312        3.9219490134892322E-002
   5.3199999999999310        3.9211397886915099E-002
   5.3299999999999308        3.9203343907037148E-002
   5.3399999999999306        3.9195327897370756E-002
   5.3499999999999304        3.9187349562776093E-002
   5.3599999999999302        3.9179408610831606E-002
   5.3699999999999299        3.9171504751804649E-002
   5.3799999999999297        3.9163637698622876E-002
   5.3899999999999295        3.9155807166845399E-002
   5.3999999999999293        3.9148012874635020E-002
   5.4099999999999291        3.9140254542730159E-002
   5.4199999999999289        3.9132531894417545E-002
   5.4299999999999287        3.9124844655504962E-002
   5.4399999999999284        3.9117192554294682E-002
   5.4499999999999282        3.9109575321556699E-002
   5.4599999999999280        3.9101992690502872E-002
   5.4699999999999278        3.9094444396760894E-002
   5.4799999999999276        3.9086930178349105E-002
   5.4899999999999274        3.9079449775650824E-002
   5.4999999999999272        3.9072002931389897E-002
   5.5099999999999270        3.9064589390605940E-002
   5.5199999999999267        3.9057208900629962E-002
   5.5299999999999265        3.9049861211060674E-002
   5.5399999999999263        3.9042546073740490E-002
   5.5499999999999261        3.9035263242732147E-002
   5.5599999999999259        3.9028012474295777E-002
   5.5699999999999257        3.9020793526865813E-002
   5.5799999999999255        3.9013606161028710E-002
   5.5899999999999253        3.9006450139500215E-002
   5.5999999999999250        3.8999325227103671E-002
   5.6099999999999248        3.8992231190748232E-002
   5.6199999999999246        3.8985167799407104E-002
   5.6299999999999244        3.8978134824096414E-002
   5.6399999999999242        3.8971132037854378E-002
   5.6499999999999240        3.8964159215720245E-002
   5.6599999999999238        3.8957216134713937E-002
   5.6699999999999235        3.8950302573815758E-002
   5.6799999999999233        3.8943418313946494E-002
   5.6899999999999231        3.8936563137947362E-002
   5.6999999999999229        3.8929736830560585E-002
   5.7099999999999227        3.8922939178410172E-002
   5.7199999999999225        3.8916169969982650E-002
   5.7299999999999223        3.8909428995608224E-002
   5.7399999999999221        3.8902716047442207E-002
   5.7499999999999218        3.8896030919446531E-002
   5.7599999999999216        3.8889373407371398E-002
   5.7699999999999214        3.8882743308737533E-002
   5.7799999999999212        3.8876140422818180E-002
   5.7899999999999210        3.8869564550621495E-002
   5.7999999999999208        3.8863015494873372E-002
   5.8099999999999206        3.8856493059999976E-002
   5.8199999999999203        3.8849997052111049E-002
   5.8299999999999201        3.8843527278982826E-002
   5.8399999999999199        3.8837083550041632E-002
   5.8499999999999197        3.8830665676347347E-002
   5.8599999999999195        3.8824273470577431E-002
   5.8699999999999193        3.8817906747010592E-002
   5.8799999999999191        3.8811565321511053E-002
   5.8899999999999189        3.8805249011512943E-002
   5.8999999999999186        3.8798957636004730E-002
   5.9099999999999184        3.8792691015513997E-002
   5.9199999999999182        3.8786448972092283E-002
   5.9299999999999180        3.8780231329299947E-002
   5.9399999999999178        3.8774037912191764E-002
   5.9499999999999176        3.8767868547301784E-002
   5.9599999999999174        3.8761723062629358E-002
   5.9699999999999172        3.8755601287624397E-002
   5.9799999999999169        3.8749503053173748E-002
   5.9899999999999167        3.8743428191586757E-002
   5.9999999999999165        3.8737376536581672E-002
   6.0099999999999163        3.8731347923271972E-002
   6.0199999999999161        3.8725342188152767E-002
   6.0299999999999159        3.8719359169087510E-002
   6.0399999999999157        3.8713398705294867E-002
   6.0499999999999154        3.8707460637335385E-002
   6.0599999999999152        3.8701544807098996E-002
   6.0699999999999150        3.8695651057791811E-002
   6.0799999999999148        3.8689779233923721E-002
   6.0899999999999146        3.8683929181295970E-002
   6.0999999999999144        3.8678100746988665E-002
   6.1099999999999142        3.8672293779348471E-002
   6.1199999999999140        3.8666508127976902E-002
   6.1299999999999137        3.8660743643718000E-002
   6.1399999999999135        3.8655000178646683E-002
   6.1499999999999133        3.8649277586056976E-002
   6.1599999999999131        3.8643575720450650E-002
   6.1699999999999129        3.8637894437525598E-002
   6.1799999999999127        3.8632233594164560E-002
   6.1899999999999125        3.8626593048423967E-002
   6.1999999999999122        3.8620972659523009E-002
   6.2099999999999120        3.8615372287832551E-002
   6.2199999999999118        3.8609791794864200E-002
   6.2299999999999116        3.8604231043259857E-002
   6.2399999999999114        3.8598689896781085E-002
   6.2499999999999112        3.8593168220298575E-002
   6.2599999999999110        3.8587665879781616E-002
   6.2699999999999108        3.8582182742288244E-002
   6.2799999999999105        3.8576718675954726E-002
   6.2899999999999103        3.8571273549985810E-002
   6.2999999999999101        3.8565847234644665E-002
   6.3099999999999099        3.8560439601243154E-002
   6.3199999999999097        3.8555050522131942E-002
   6.3299999999999095        3.8549679870691217E-002
   6.3399999999999093        3.8544327521320781E-002
   6.3499999999999091        3.8538993349431117E-002
   6.3599999999999088        3.8533677231433666E-002
   6.3699999999999086        3.8528379044731879E-002
   6.3799999999999084        3.8523098667712058E-002
   6.3899999999999082        3.8517835979734336E-002
   6.3999999999999080        3.8512590861123817E-002
   6.4099999999999078        3.8507363193161538E-002
   6.4199999999999076        3.8502152858076163E-002
   6.4299999999999073        3.8496959739034921E-002
   6.4399999999999071        3.8491783720135467E-002
   6.4499999999999069        3.8486624686397131E-002
   6.4599999999999067        3.8481482523752483E-002
   6.4699999999999065        3.8476357119039489E-002
   6.4799999999999063        3.8471248359992959E-002
   6.4899999999999061        3.8466156135236511E-002
   6.4999999999999059        3.8461080334274748E-002
   6.5099999999999056        3.8456020847484888E-002
   6.5199999999999054        3.8450977566109525E-002
   6.5299999999999052        3.8445950382248399E-002
   6.5399999999999050        3.8440939188850692E-002
   6.5499999999999048        3.8435943879707862E-002
   6.5599999999999046        3.8430964349445512E-002
   6.5699999999999044        3.8426000493516528E-002
   6.5799999999999041        3.8421052208193196E-002
   6.5899999999999039        3.8416119390560256E-002
   6.5999999999999037        3.8411201938507493E-002
   6.6099999999999035        3.8406299750722607E-002
   6.6199999999999033        3.8401412726684299E-002
   6.6299999999999031        3.8396540766654955E-002
   6.6399999999999029        3.8391683771674033E-002
   6.6499999999999027        3.8386841643550988E-002
   6.6599999999999024        3.8382014284858587E-002
   6.6699999999999022        3.8377201598926006E-002
   6.6799999999999020        3.8372403489832611E-002
   6.6899999999999018        3.8367619862400747E-002
   6.6999999999999016        3.8362850622189713E-002
   6.7099999999999014        3.8358095675489104E-002
   6.7199999999999012        3.8353354929312494E-002
   6.7299999999999010        3.8348628291390997E-002
   6.7399999999999007        3.8343915670166984E-002
   6.7499999999999005        3.8339216974788211E-002
   6.7599999999999003        3.8334532115101232E-002
   6.7699999999999001        3.8329861001645635E-002
   6.7799999999998999        3.8325203545647848E-002
   6.7899999999998997        3.8320559659015402E-002
   6.7999999999998995        3.8315929254330645E-002
   6.8099999999998992        3.8311312244845373E-002
   6.8199999999998990        3.8306708544474724E-002
   6.8299999999998988        3.8302118067791560E-002
   6.8399999999998986        3.8297540730020792E-002
   6.8499999999998984        3.8292976447033840E-002
   6.8599999999998982        3.8288425135342946E-002
   6.8699999999998980        3.8283886712095809E-002
   6.8799999999998978        3.8279361095069950E-002
   6.8899999999998975        3.8274848202667584E-002
   6.8999999999998973        3.8270347953910058E-002
   6.9099999999998971        3.8265860268432678E-002
   6.9199999999998969        3.8261385066479449E-002
   6.9299999999998967        3.8256922268897861E-002
   6.9399999999998965        3.8252471797133807E-002
   6.9499999999998963        3.8248033573226377E-002
   6.9599999999998960        3.8243607519803144E-002
   6.9699999999998958        3.8239193560074734E-002
   6.9799999999998956        3.8234791617830131E-002
   6.9899999999998954        3.8230401617431978E-002
   6.9999999999998952        3.8226023483811218E-002
   7.0099999999998950        3.8221657142462860E-002
   7.0199999999998948        3.8217302519440874E-002
   7.0299999999998946        3.8212959541353585E-002
   7.0399999999998943        3.8208628135359038E-002
   7.0499999999998941        3.8204308229160384E-002
   7.0599999999998939        3.8199999751001294E-002
   7.0699999999998937        3.8195702629661418E-002
   7.0799999999998935        3.8191416794451954E-002
   7.0899999999998933        3.8187142175211165E-002
   7.0999999999998931        3.8182878702299881E-002
   7.1099999999998929        3.8178626306597525E-002
   7.1199999999998926        3.8174384919497359E-002
   7.1299999999998924        3.8170154472902347E-002
   7.1399999999998922        3.8165934899221036E-002
   7.1499999999998920        3.8161726131363378E-002
   7.1599999999998918        3.8157528102736239E-002
   7.1699999999998916        3.8153340747239813E-002
   7.1799999999998914        3.8149163999263179E-002
   7.1899999999998911        3.8144997793680205E-002
   7.1999999999998909        3.8140842065845969E-002
   7.2099999999998907        3.8136696751592307E-002
   7.2199999999998905        3.8132561787224323E-002
   7.2299999999998903        3.8128437109516099E-002
   7.2399999999998901        3.8124322655707157E-002
   7.2499999999998899        3.8120218363498444E-002
   7.2599999999998897        3.8116124171048746E-002
   7.2699999999998894        3.8112040016970848E-002
   7.2799999999998892        3.8107965840327634E-002
   7.2899999999998890        3.8103901580628721E-002
   7.2999999999998888        3.8099847177826773E-002
   7.3099999999998886        3.8095802572313653E-002
   7.3199999999998884        3.8091767704917054E-002
   7.3299999999998882        3.8087742516896929E-002
   7.3399999999998879        3.8083726949941936E-002
   7.3499999999998877        3.8079720946166074E-002
   7.3599999999998875        3.8075724448104996E-002
   7.3699999999998873        3.8071737398712960E-002
   7.3799999999998871        3.8067759741359043E-002
   7.3899999999998869        3.8063791419824161E-002
   7.3999999999998867        3.8059832378297492E-002
   7.4099999999998865        3.8055882561373232E-002
   7.4199999999998862        3.8051941914047489E-002
   7.4299999999998860        3.8048010381714854E-002
   7.4399999999998858        3.8044087910165329E-002
   7.4499999999998856        3.8040174445581172E-002
   7.4599999999998854        3.8036269934533531E-002
   7.4699999999998852        3.8032374323979642E-002
   7.4799999999998850        3.8028487561259559E-002
   7.4899999999998847        3.8024609594093102E-002
   7.4999999999998845        3.8020740370576997E-002
   7.5099999999998843        3.8016879839181471E-002
   7.5199999999998841        3.8013027948747773E-002
   7.5299999999998839        3.8009184648484906E-002
   7.5399999999998837        3.8005349887966729E-002
   7.5499999999998835        3.8001523617129218E-002
   7.5599999999998833        3.7997705786267474E-002
   7.5699999999998830        3.7993896346032785E-002
   7.5799999999998828        3.7990095247430085E-002
   7.5899999999998826        3.7986302441814890E-002
   7.5999999999998824        3.7982517880890562E-002
   7.6099999999998822        3.7978741516705862E-002
   7.6199999999998820        3.7974973301651706E-002
   7.6299999999998818        3.7971213188459030E-002
   7.6399999999998816        3.7967461130195640E-002
   7.6499999999998813        3.7963717080263797E-002
   7.6599999999998811        3.7959980992397661E-002
   7.6699999999998809        3.7956252820660473E-002
   7.6799999999998807        3.7952532519442195E-002
   7.6899999999998805        3.7948820043456760E-002
   7.6999999999998803        3.7945115347739526E-002
   7.7099999999998801        3.7941418387645170E-002
   7.7199999999998798        3.7937729118844493E-002
   7.7299999999998796        3.7934047497322612E-002
   7.7399999999998794        3.7930373479376125E-002
   7.7499999999998792        3.7926707021610849E-002
   7.7599999999998790        3.7923048080939270E-002
   7.7699999999998788        3.7919396614578472E-002
   7.7799999999998786        3.7915752580047188E-002
   7.7899999999998784        3.7912115935164158E-002
   7.7999999999998781        3.7908486638045254E-002
   7.8099999999998779        3.7904864647101584E-002
   7.8199999999998777        3.7901249921036759E-002
   7.8299999999998775        3.7897642418845121E-002
   7.8399999999998773        3.7894042099809136E-002
   7.8499999999998771        3.7890448923497341E-002
   7.8599999999998769        3.7886862849762025E-002
   7.8699999999998766        3.7883283838737243E-002
   7.8799999999998764        3.7879711850836315E-002
   7.8899999999998762        3.7876146846750065E-002
   7.8999999999998760        3.7872588787444400E-002
   7.9099999999998758        3.7869037634158331E-002
   7.9199999999998756        3.7865493348401801E-002
   7.9299999999998754        3.7861955891953722E-002
   7.9399999999998752        3.7858425226859740E-002
   7.9499999999998749        3.7854901315430359E-002
   7.9599999999998747        3.7851384120238925E-002
   7.9699999999998745        3.7847873604119363E-002
   7.9799999999998743        3.7844369730164536E-002
   7.9899999999998741        3.7840872461724004E-002
   7.9999999999998739        3.7837381762402186E-002
   8.0099999999998737        3.7833897596056473E-002
   8.0199999999998735        3.7830419926795200E-002
   8.0299999999998732        3.7826948718975642E-002
   8.0399999999998730        3.7823483937202383E-002
   8.0499999999998728        3.7820025546325298E-002
   8.0599999999998726        3.7816573511437669E-002
   8.0699999999998724        3.7813127797874324E-002
   8.0799999999998722        3.7809688371210022E-002
   8.0899999999998720        3.7806255197257187E-002
   8.0999999999998717        3.7802828242064636E-002
   8.1099999999998715        3.7799407471915528E-002
   8.1199999999998713        3.7795992853325383E-002
   8.1299999999998711        3.7792584353040878E-002
   8.1399999999998709        3.7789181938037701E-002
   8.1499999999998707        3.7785785575518684E-002
   8.1599999999998705        3.7782395232912651E-002
   8.1699999999998703        3.7779010877872138E-002
   8.1799999999998700        3.7775632478272085E-002
   8.1899999999998698        3.7772260002208076E-002
   8.1999999999998696        3.7768893417994588E-002
   8.2099999999998694        3.7765532694163453E-002
   8.2199999999998692        3.7762177799462116E-002
   8.2299999999998690        3.7758828702852132E-002
   8.2399999999998688        3.7755485373507612E-002
   8.2499999999998685        3.7752147780813400E-002
   8.2599999999998683        3.7748815894363782E-002
   8.2699999999998681        3.7745489683960701E-002
   8.2799999999998679        3.7742169119612347E-002
   8.2899999999998677        3.7738854171531507E-002
   8.2999999999998675        3.7735544810134192E-002
   8.3099999999998673        3.7732241006037899E-002
   8.3199999999998671        3.7728942730060361E-002
   8.3299999999998668        3.7725649953217907E-002
   8.3399999999998666        3.7722362646723955E-002
   8.3499999999998664        3.7719080781987747E-002
   8.3599999999998662        3.7715804330612675E-002
   8.3699999999998660        3.7712533264394901E-002
   8.3799999999998658        3.7709267555322022E-002
   8.3899999999998656        3.7706007175571613E-002
   8.3999999999998654        3.7702752097509735E-002
   8.4099999999998651        3.7699502293689541E-002
   8.4199999999998649        3.7696257736850140E-002
   8.4299999999998647        3.7693018399914895E-002
   8.4399999999998645        3.7689784255990205E-002
   8.4499999999998643        3.7686555278364252E-002
   8.4599999999998641        3.7683331440505487E-002
   8.4699999999998639        3.7680112716061365E-002
   8.4799999999998636        3.7676899078857122E-002
   8.4899999999998634        3.7673690502894382E-002
   8.4999999999998632        3.7670486962349772E-002
   8.5099999999998630        3.7667288431573812E-002
   8.5199999999998628        3.7664094885089511E-002
   8.5299999999998626        3.7660906297591223E-002
   8.5399999999998624        3.7657722643943237E-002
   8.5499999999998622        3.7654543899178584E-002
   8.5599999999998619        3.7651370038497910E-002
   8.5699999999998617        3.7648201037268146E-002
   8.5799999999998615        3.7645036871021241E-002
   8.5899999999998613        3.7641877515453129E-002
   8.5999999999998611        3.7638722946422398E-002
   8.6099999999998609        3.7635573139948968E-002
   8.6199999999998607        3.7632428072213349E-002
   8.6299999999998604        3.7629287719554975E-002
   8.6399999999998602        3.7626152058471356E-002
   8.6499999999998600        3.7623021065616859E-002
   8.6599999999998598        3.7619894717801548E-002
   8.6699999999998596        3.7616772991989927E-002
   8.6799999999998594        3.7613655865300057E-002
   8.6899999999998592        3.7610543315002277E-002
   8.6999999999998590        3.7607435318518095E-002
   8.7099999999998587        3.7604331853419326E-002
   8.7199999999998585        3.7601232897426486E-002
   8.7299999999998583        3.7598138428408319E-002
   8.7399999999998581        3.7595048424380342E-002
   8.7499999999998579        3.7591962863503796E-002
   8.7599999999998577        3.7588881724084852E-002
   8.7699999999998575        3.7585804984573229E-002
   8.7799999999998573        3.7582732623561391E-002
   8.7899999999998570        3.7579664619783348E-002
   8.7999999999998568        3.7576600952113841E-002
   8.8099999999998566        3.7573541599567196E-002
   8.8199999999998564        3.7570486541296182E-002
   8.8299999999998562        3.7567435756591286E-002
   8.8399999999998560        3.7564389224879542E-002
   8.8499999999998558        3.7561346925723681E-002
   8.8599999999998555        3.7558308838820935E-002
   8.8699999999998553        3.7555274944002237E-002
   8.8799999999998551        3.7552245221231267E-002
   8.8899999999998549        3.7549219650603406E-002
   8.8999999999998547        3.7546198212344867E-002
   8.9099999999998545        3.7543180886811724E-002
   8.9199999999998543        3.7540167654489004E-002
   8.9299999999998541        3.7537158495989625E-002
   8.9399999999998538        3.7534153392053703E-002
   8.9499999999998536        3.7531152323547562E-002
   8.9599999999998534        3.7528155271462540E-002
   8.9699999999998532        3.7525162216914702E-002
   8.9799999999998530        3.7522173141143297E-002
   8.9899999999998528        3.7519188025510387E-002
   8.9999999999998526        3.7516206851499603E-002
   9.0099999999998523        3.7513229600715473E-002
   9.0199999999998521        3.7510256254882531E-002
   9.0299999999998519        3.7507286795844440E-002
   9.0399999999998517        3.7504321205563074E-002
   9.0499999999998515        3.7501359466117823E-002
   9.0599999999998513        3.7498401559704658E-002
   9.0699999999998511        3.7495447468635236E-002
   9.0799999999998509        3.7492497175336238E-002
   9.0899999999998506        3.7489550662348430E-002
   9.0999999999998504        3.7486607912325838E-002
   9.1099999999998502        3.7483668908035145E-002
   9.1199999999998500        3.7480733632354567E-002
   9.1299999999998498        3.7477802068273260E-002
   9.1399999999998496        3.7474874198890569E-002
   9.1499999999998494        3.7471950007415072E-002
   9.1599999999998492        3.7469029477164018E-002
   9.1699999999998489        3.7466112591562364E-002
   9.1799999999998487        3.7463199334142064E-002
   9.1899999999998485        3.7460289688541350E-002
   9.1999999999998483        3.7457383638504059E-002
   9.2099999999998481        3.7454481167878674E-002
   9.2199999999998479        3.7451582260617795E-002
   9.2299999999998477        3.7448686900777198E-002
   9.2399999999998474        3.7445795072515206E-002
   9.2499999999998472        3.7442906760092147E-002
   9.2599999999998470        3.7440021947869155E-002
   9.2699999999998468        3.7437140620308083E-002
   9.2799999999998466        3.7434262761970205E-002
   9.2899999999998464        3.7431388357515909E-002
   9.2999999999998462        3.7428517391703789E-002
   9.3099999999998460        3.7425649849390119E-002
   9.3199999999998457        3.7422785715527880E-002
   9.3299999999998455        3.7419924975166420E-002
   9.3399999999998453        3.7417067613450657E-002
   9.3499999999998451        3.7414213615620244E-002
   9.3599999999998449        3.7411362967009046E-002
   9.3699999999998447        3.7408515653044434E-002
   9.3799999999998445        3.7405671659246749E-002
   9.3899999999998442        3.7402830971228485E-002
   9.3999999999998440        3.7399993574693667E-002
   9.4099999999998438        3.7397159455437305E-002
   9.4199999999998436        3.7394328599344627E-002
   9.4299999999998434        3.7391500992390518E-002
   9.4399999999998432        3.7388676620638987E-002
   9.4499999999998430        3.7385855470242244E-002
   9.4599999999998428        3.7383037527440433E-002
   9.4699999999998425        3.7380222778560845E-002
   9.4799999999998423        3.7377411210017135E-002
   9.4899999999998421        3.7374602808309100E-002
   9.4999999999998419        3.7371797560021770E-002
   9.5099999999998417        3.7368995451824996E-002
   9.5199999999998415        3.7366196470472589E-002
   9.5299999999998413        3.7363400602802167E-002
   9.5399999999998411        3.7360607835734104E-002
   9.5499999999998408        3.7357818156271219E-002
   9.5599999999998406        3.7355031551498198E-002
   9.5699999999998404        3.7352248008580891E-002
   9.5799999999998402        3.7349467514765880E-002
   9.5899999999998400        3.7346690057379762E-002
   9.5999999999998398        3.7343915623828855E-002
   9.6099999999998396        3.7341144201598314E-002
   9.6199999999998393        3.7338375778251713E-002
   9.6299999999998391        3.7335610341430625E-002
   9.6399999999998389        3.7332847878853902E-002
   9.6499999999998387        3.7330088378317236E-002
   9.6599999999998385        3.7327331827692566E-002
   9.6699999999998383        3.7324578214927635E-002
   9.6799999999998381        3.7321827528045297E-002
   9.6899999999998379        3.7319079755143147E-002
   9.6999999999998376        3.7316334884392899E-002
   9.7099999999998374        3.7313592904040072E-002
   9.7199999999998372        3.7310853802403086E-002
   9.7299999999998370        3.7308117567873229E-002
   9.7399999999998368        3.7305384188913722E-002
   9.7499999999998366        3.7302653654059499E-002
   9.7599999999998364        3.7299925951916620E-002
   9.7699999999998361        3.7297201071161759E-002
   9.7799999999998359        3.7294479000541683E-002
   9.7899999999998357        3.7291759728872984E-002
   9.7999999999998355        3.7289043245041106E-002
   9.8099999999998353        3.7286329538000540E-002
   9.8199999999998351        3.7283618596773684E-002
   9.8299999999998349        3.7280910410450847E-002
   9.8399999999998347        3.7278204968189572E-002
   9.8499999999998344        3.7275502259214138E-002
   9.8599999999998342        3.7272802272815334E-002
   9.8699999999998340        3.7270104998349526E-002
   9.8799999999998338        3.7267410425238873E-002
   9.8899999999998336        3.7264718542970088E-002
   9.8999999999998334        3.7262029341094786E-002
   9.9099999999998332        3.7259342809228428E-002
   9.9199999999998330        3.7256658937050116E-002
   9.9299999999998327        3.7253977714302257E-002
   9.9399999999998325        3.7251299130789846E-002
   9.9499999999998323        3.7248623176380342E-002
   9.9599999999998321        3.7245949841002955E-002
   9.9699999999998319        3.7243279114648448E-002
   9.9799999999998317        3.7240610987368555E-002
   9.9899999999998315        3.7237945449275674E-002
   9.9999999999998312        3.7235282490542407E-002
