  -3.0000000000000000       -1.6707251847944133     
  -2.9900000002235174       -1.6177992207648226     
  -2.9800000004470348       -1.5605315946204921     
  -2.9700000006705523       -1.4990378407082814     
  -2.9600000008940697       -1.4334445310152018     
  -2.9500000011175871       -1.3638890306056939     
  -2.9400000013411045       -1.2905192256132669     
  -2.9300000015646219       -1.2134932242925169     
  -2.9200000017881393       -1.1329790317042070     
  -2.9100000020116568       -1.0491541986720354     
  -2.9000000022351742      -0.96220544571444633     
  -2.8900000024586916      -0.87232826271800401     
  -2.8800000026822090      -0.77972648518074006     
  -2.8700000029057264      -0.68461184791413410     
  -2.8600000031292439      -0.58720351715041441     
  -2.8500000033527613      -0.48772760205858801     
  -2.8400000035762787      -0.38641664672657233     
  -2.8300000037997961      -0.28350910371903520     
  -2.8200000040233135      -0.17924879037007779     
  -2.8100000042468309       -7.3884329017123065E-002
  -2.8000000044703484        3.2331427573185190E-002
  -2.7900000046938658       0.13914198429433530     
  -2.7800000049173832       0.24628780397306310     
  -2.7700000051409006       0.35350691845859644     
  -2.7600000053644180       0.46053554912756345     
  -2.7500000055879354       0.56710873537431972     
  -2.7400000058114529       0.67296096962981267     
  -2.7300000060349703       0.77782683742902581     
  -2.7200000062584877       0.88144166102700983     
  -2.7100000064820051       0.98354214504720905     
  -2.7000000067055225        1.0838670226328804     
  -2.6900000069290400        1.1821577005629014     
  -2.6800000071525574        1.2781589017876234     
  -2.6700000073760748        1.3716193038381763     
  -2.6600000075995922        1.4622921715640071     
  -2.6500000078231096        1.5499359826587391     
  -2.6400000080466270        1.6343150444429506     
  -2.6300000082701445        1.7152001003850765     
  -2.6200000084936619        1.7923689248575616     
  -2.6100000087171793        1.8656069046450885     
  -2.6000000089406967        1.9347076057449901     
  -2.5900000091642141        1.9994733240267109     
  -2.5800000093877316        2.0597156183474876     
  -2.5700000096112490        2.1152558247552125     
  -2.5600000098347664        2.1659255504465782     
  -2.5500000100582838        2.2115671461890520     
  -2.5400000102818012        2.2520341559589276     
  -2.5300000105053186        2.2871917425946240     
  -2.5200000107288361        2.3169170883141477     
  -2.5100000109523535        2.3410997689987973     
  -2.5000000111758709        2.3596421012005084     
  -2.4900000113993883        2.3724594608891159     
  -2.4800000116229057        2.3794805730164672     
  -2.4700000118464231        2.3806477710380820     
  -2.4600000120699406        2.3759172255989540     
  -2.4500000122934580        2.3652591416579369     
  -2.4400000125169754        2.3486579233954803     
  -2.4300000127404928        2.3261123063213454     
  -2.4200000129640102        2.2976354560728955     
  -2.4100000131875277        2.2632550334695640     
  -2.4000000134110451        2.2230132254660910     
  -2.3900000136345625        2.1769667417250775     
  -2.3800000138580799        2.1251867766081514     
  -2.3700000140815973        2.0677589364654163     
  -2.3600000143051147        2.0047831321829799     
  -2.3500000145286322        1.9363734370298307     
  -2.3400000147521496        1.8626579099266145     
  -2.3300000149756670        1.7837783843405122     
  -2.3200000151991844        1.6998902230919881     
  -2.3100000154227018        1.6111620394404480     
  -2.3000000156462193        1.5177753848967575     
  -2.2900000158697367        1.4199244042909454     
  -2.2800000160932541        1.3178154587026565     
  -2.2700000163167715        1.2116667169407325     
  -2.2600000165402889        1.1017077163353248     
  -2.2500000167638063       0.98817889368201062     
  -2.2400000169873238       0.87133108725187125     
  -2.2300000172108412       0.75142501085396818     
  -2.2200000174343586       0.62873070100764616     
  -2.2100000176578760       0.50352693835071816     
  -2.2000000178813934       0.37610064447597169     
  -2.1900000181049109       0.24674625545271187     
  -2.1800000183284283       0.11576507335136790     
  -2.1700000185519457       -1.6535402851941702E-002
  -2.1600000187754631      -0.14984216555802007     
  -2.1500000189989805      -0.28383740452872824     
  -2.1400000192224979      -0.41819922903708912     
  -2.1300000194460154      -0.55260240460141175     
  -2.1200000196695328      -0.68671910267836478     
  -2.1100000198930502      -0.82021966165029536     
  -2.1000000201165676      -0.95277335740624036     
  -2.0900000203400850       -1.0840491817837230     
  -2.0800000205636024       -1.2137166271100792     
  -2.0700000207871199       -1.3414464750575270     
  -2.0600000210106373       -1.4669115880055865     
  -2.0500000212341547       -1.5897877010880179     
  -2.0400000214576721       -1.7097542130889569     
  -2.0300000216811895       -1.8264949743447374     
  -2.0200000219047070       -1.9396990698036605     
  -2.0100000221282244       -2.0490615953963367     
  -2.0000000223517418       -2.1542844258732430     
  -1.9900000225752592       -2.2550769722751389     
  -1.9800000227987766       -2.3511569272144635     
  -1.9700000230222940       -2.4422509961631613     
  -1.9600000232458115       -2.5280956129636283     
  -1.9500000234693289       -2.6084376378049305     
  -1.9400000236928463       -2.6830350359360358     
  -1.9300000239163637       -2.7516575354217720     
  -1.9200000241398811       -2.8140872622847546     
  -1.9100000243633986       -2.8701193514184529     
  -1.9000000245869160       -2.9195625317022857     
  -1.8900000248104334       -2.9622396837989751     
  -1.8800000250339508       -2.9979883691677958     
  -1.8700000252574682       -3.0266613288841411     
  -1.8600000254809856       -3.0481269509161284     
  -1.8500000257045031       -3.0622697045728926     
  -1.8400000259280205       -3.0689905409059985     
  -1.8300000261515379       -3.0682072579158541     
  -1.8200000263750553       -3.0598548294877852     
  -1.8100000265985727       -3.0438856970587715     
  -1.8000000268220901       -3.0202700230941750     
  -1.7900000270456076       -2.9889959055350990     
  -1.7800000272691250       -2.9500695524604326     
  -1.7700000274926424       -2.9035154162934007     
  -1.7600000277161598       -2.8493762869697910     
  -1.7500000279396772       -2.7877133435748309     
  -1.7400000281631947       -2.7186061640462604     
  -1.7300000283867121       -2.6421526926338910     
  -1.7200000286102295       -2.5584691648993654     
  -1.7100000288337469       -2.4676899901343767     
  -1.7000000290572643       -2.3699675911712244     
  -1.6900000292807817       -2.2654722016551045     
  -1.6800000295042992       -2.1543916209442617     
  -1.6700000297278166       -2.0369309269002711     
  -1.6600000299513340       -1.9133121469272438     
  -1.6500000301748514       -1.7837738877146661     
  -1.6400000303983688       -1.6485709242343567     
  -1.6300000306218863       -1.5079737486367075     
  -1.6200000308454037       -1.3622680797852778     
  -1.6100000310689211       -1.2117543342617463     
  -1.6000000312924385       -1.0567470597642963     
  -1.5900000315159559      -0.89757433191263092     
  -1.5800000317394733      -0.73457711556060046     
  -1.5700000319629908      -0.56810859180353612     
  -1.5600000321865082      -0.39853345195121909     
  -1.5500000324100256      -0.22622715981880115     
  -1.5400000326335430       -5.1575183766920010E-002
  -1.5300000328570604       0.12502780000183189     
  -1.5200000330805779       0.30317873130952772     
  -1.5100000333040953       0.48246701538239462     
  -1.5000000335276127       0.66247539602599292     
  -1.4900000337511301       0.84278085081586740     
  -1.4800000339746475        1.0229555064637199     
  -1.4700000341981649        1.2025675724634457     
  -1.4600000344216824        1.3811822910693485     
  -1.4500000346451998        1.5583629016110707     
  -1.4400000348687172        1.7336716171060793     
  -1.4300000350922346        1.9066706110909637     
  -1.4200000353157520        2.0769230125581406     
  -1.4100000355392694        2.2439939068535883     
  -1.4000000357627869        2.4074513403657272     
  -1.3900000359863043        2.5668673268139148     
  -1.3800000362098217        2.7218188529286698     
  -1.3700000364333391        2.8718888813039558     
  -1.3600000366568565        3.0166673481947370     
  -1.3500000368803740        3.1557521540311395     
  -1.3400000371038914        3.2887501444232634     
  -1.3300000373274088        3.4152780794383584     
  -1.3200000375509262        3.5349635889448559     
  -1.3100000377744436        3.6474461118350892     
  -1.3000000379979610        3.7523778169612352     
  -1.2900000382214785        3.8494245036460377     
  -1.2800000384449959        3.9382664796619915     
  -1.2700000386685133        4.0185994146099597     
  -1.2600000388920307        4.0901351666691719     
  -1.2500000391155481        4.1526025807373435     
  -1.2400000393390656        4.2057482560300556     
  -1.2300000395625830        4.2493372812641805     
  -1.2200000397861004        4.2831539356093229     
  -1.2100000400096178        4.3070023536557347     
  -1.2000000402331352        4.3207071527143839     
  -1.1900000404566526        4.3241140208378663     
  -1.1800000406801701        4.3170902640257305     
  -1.1700000409036875        4.2995253111581127     
  -1.1600000411272049        4.2713311752845078     
  -1.1500000413507223        4.2324428699806926     
  -1.1400000415742397        4.1828187795771807     
  -1.1300000417977571        4.1224409821548385     
  -1.1200000420212746        4.0513155242990280     
  -1.1100000422447920        3.9694726467020840     
  -1.1000000424683094        3.8769669598043470     
  -1.0900000426918268        3.7738775687669457     
  -1.0800000429153442        3.6603081471745638     
  -1.0700000431388617        3.5363869589730075     
  -1.0600000433623791        3.4022668282546320     
  -1.0500000435858965        3.2581250566145021     
  -1.0400000438094139        3.1041632879105592     
  -1.0300000440329313        2.9406073203729597     
  -1.0200000442564487        2.7677068661198776     
  -1.0100000444799662        2.5857352582493882     
  -1.0000000447034836        2.3949891057903190     
 -0.99000004492700100        2.1957878969071642     
 -0.98000004515051842        1.9884735508666735     
 -0.97000004537403584        1.7734099193854380     
 -0.96000004559755325        1.5509822380885518     
 -0.95000004582107067        1.3215965289195721     
 -0.94000004604458809        1.0856789544500862     
 -0.93000004626810551       0.84367512514448961     
 -0.92000004649162292       0.59604936074057602     
 -0.91000004671514034       0.34328390700973854     
 -0.90000004693865776        8.5878109261394261E-002
 -0.89000004716217518      -0.17565245594517878     
 -0.88000004738569260      -0.44077688932295278     
 -0.87000004760921001      -0.70894991596152646     
 -0.86000004783272743      -0.97961286927262914     
 -0.85000004805624485       -1.2521947099490833     
 -0.84000004827976227       -1.5261130780270094     
 -0.83000004850327969       -1.8007753760616836     
 -0.82000004872679710       -2.0755798813525144     
 -0.81000004895031452       -2.3499168850814089     
 -0.80000004917383194       -2.6231698561618733     
 -0.79000004939734936       -2.8947166275339296     
 -0.78000004962086678       -3.1639306025817748     
 -0.77000004984438419       -3.4301819792980766     
 -0.76000005006790161       -3.6928389897704226     
 -0.75000005029141903       -3.9512691525217924     
 -0.74000005051493645       -4.2048405351987448     
 -0.73000005073845387       -4.4529230250675669     
 -0.72000005096197128       -4.6948896047508706     
 -0.71000005118548870       -4.9301176306140713     
 -0.70000005140900612       -5.1579901111941124     
 -0.69000005163252354       -5.3778969830510670     
 -0.68000005185604095       -5.5892363814161445     
 -0.67000005207955837       -5.7914159030097121     
 -0.66000005230307579       -5.9838538584067811     
 -0.65000005252659321       -6.1659805113378665     
 -0.64000005275011063       -6.3372393023288796     
 -0.63000005297362804       -6.4970880541048048     
 -0.62000005319714546       -6.6450001562085799     
 -0.61000005342066288       -6.7804657263189476     
 -0.60000005364418030       -6.9029927457882287     
 -0.59000005386769772       -7.0121081669640946     
 -0.58000005409121513       -7.1073589899075760     
 -0.57000005431473255       -7.1883133061725166     
 -0.56000005453824997       -7.2545613073703805     
 -0.55000005476176739       -7.3057162563072859     
 -0.54000005498528481       -7.3414154185487011     
 -0.53000005520880222       -7.3613209523398568     
 -0.52000005543231964       -7.3651207548870374     
 -0.51000005565583706       -7.3525292630877024     
 -0.50000005587935448       -7.3232882068823564     
 -0.49000005610287189       -7.2771673134920833     
 -0.48000005632638931       -7.2139649608994665     
 -0.47000005654990673       -7.1335087790282437     
 -0.46000005677342415       -7.0356561971790921     
 -0.45000005699694157       -6.9202949363821888     
 -0.44000005722045898       -6.7873434454367532     
 -0.43000005744397640       -6.6367512795167940     
 -0.42000005766749382       -6.4684994203364834     
 -0.41000005789101124       -6.2826005369841216     
 -0.40000005811452866       -6.0790991866513453     
 -0.39000005833804607       -5.8580719546039157     
 -0.38000005856156349       -5.6196275328630882     
 -0.37000005878508091       -5.3639067371874471     
 -0.36000005900859833       -5.0910824620716433     
 -0.35000005923211575       -4.8013595736015100     
 -0.34000005945563316       -4.4949747401323119     
 -0.33000005967915058       -4.1721962008818290     
 -0.32000005990266800       -3.8333234726574026     
 -0.31000006012618542       -3.4786869950612238     
 -0.30000006034970284       -3.1086477146446265     
 -0.29000006057322025       -2.7235966086070391     
 -0.28000006079673767       -2.3239541487592761     
 -0.27000006102025509       -1.9101697065943164     
 -0.26000006124377251       -1.4827209004298136     
 -0.25000006146728992       -1.0421128857066615     
 -0.24000006169080734      -0.58887758964613279     
 -0.23000006191432476      -0.12357289158325487     
 -0.22000006213784218       0.35321824959215231     
 -0.21000006236135960       0.84088871934500409     
 -0.20000006258487701        1.3388082211056749     
 -0.19000006280839443        1.8463242978279597     
 -0.18000006303191185        2.3627633996393231     
 -0.17000006325542927        2.8874319956308714     
 -0.16000006347894669        3.4196177277412119     
 -0.15000006370246410        3.9585906045980921     
 -0.14000006392598152        4.5036042330968700     
 -0.13000006414949894        5.0538970854135883     
 -0.12000006437301636        5.6086937990738779     
 -0.11000006459653378        6.1672065076273519     
 -0.10000006482005119        6.7286361994104036     
  -9.0000065043568611E-002   7.2921741018182749     
  -8.0000065267086029E-002   7.8570030884509805     
  -7.0000065490603447E-002   8.4222991064461574     
  -6.0000065714120865E-002   8.9872326212662070     
  -5.0000065937638283E-002   9.5509700761667400     
  -4.0000066161155701E-002   10.112675363538509     
  -3.0000066384673119E-002   10.671511305286183     
  -2.0000066608190536E-002   11.226641139383801     
  -1.0000066831707954E-002   11.777230009729648     
  -6.7055225372314453E-008   12.322446456411580     
   9.9999327212572098E-003   12.861463903487842     
   1.9999932497739792E-002   13.393462141389296     
   2.9999932274222374E-002   13.917628801054525     
   3.9999932050704956E-002   14.433160816921925     
   4.9999931827187538E-002   14.939265875920183     
   5.9999931603670120E-002   15.435163849623105     
   6.9999931380152702E-002   15.920088206763820     
   7.9999931156635284E-002   16.393287403339365     
   8.9999930933117867E-002   16.854026247576943     
   9.9999930709600449E-002   17.301587237080938     
  0.10999993048608303        17.735271865531200     
  0.11999993026256561        18.154401896360806     
  0.12999993003904819        18.558320600905535     
  0.13999992981553078        18.946393958583307     
  0.14999992959201336        19.318011816738007     
  0.15999992936849594        19.672589007856910     
  0.16999992914497852        20.009566421956400     
  0.17999992892146111        20.328412032016598     
  0.18999992869794369        20.628621870437541     
  0.19999992847442627        20.909720954586085     
  0.20999992825090885        21.171264159601300     
  0.21999992802739143        21.412837036731798     
  0.22999992780387402        21.634056575583401     
  0.23999992758035660        21.834571908768805     
  0.24999992735683918        22.014064957562098     
  0.25999992713332176        22.172251017279933     
  0.26999992690980434        22.308879281228439     
  0.27999992668628693        22.423733302178857     
  0.28999992646276951        22.516631390456563     
  0.29999992623925209        22.587426947856098     
  0.30999992601573467        22.636008736719521     
  0.31999992579221725        22.662301083647627     
  0.32999992556869984        22.666264017440270     
  0.33999992534518242        22.647893340994514     
  0.34999992512166500        22.607220637020546     
  0.35999992489814758        22.544313207565637     
  0.36999992467463017        22.459273947469541     
  0.37999992445111275        22.352241152005504     
  0.38999992422759533        22.223388259090616     
  0.39999992400407791        22.072923526581807     
  0.40999992378056049        21.901089645299784     
  0.41999992355704308        21.708163288553248     
  0.42999992333352566        21.494454599060234     
  0.43999992311000824        21.260306614287700     
  0.44999992288649082        21.006094631352983     
  0.45999992266297340        20.732225512750404     
  0.46999992243945599        20.439136934282015     
  0.47999992221593857        20.127296576687499     
  0.48999992199242115        19.797201262578007     
  0.49999992176890373        19.449376040385935     
  0.50999992154538631        19.084373217148798     
  0.51999992132186890        18.702771342043619     
  0.52999992109835148        18.305174142685441     
  0.53999992087483406        17.892209416296332     
  0.54999992065131664        17.464527877938391     
  0.55999992042779922        17.022801968087293     
  0.56999992020428181        16.567724621903125     
  0.57999991998076439        16.100008002626829     
  0.58999991975724697        15.620382201601245     
  0.59999991953372955        15.129593907477673     
  0.60999991931021214        14.628405047228640     
  0.61999991908669472        14.117591401639348     
  0.62999991886317730        13.597941197997811     
  0.63999991863965988        13.070253682746356     
  0.64999991841614246        12.535337676891825     
  0.65999991819262505        11.994010117003080     
  0.66999991796910763        11.447094584649108     
  0.67999991774559021        10.895419827148519     
  0.68999991752207279        10.339818272515631     
  0.69999991729855537        9.7811245414935204     
  0.70999991707503796        9.2201739595668268     
  0.71999991685152054        8.6578010718410745     
  0.72999991662800312        8.0948381636648907     
  0.73999991640448570        7.5321137898552255     
  0.74999991618096828        6.9704513153615633     
  0.75999991595745087        6.4106674701790434     
  0.76999991573393345        5.8535709212844624     
  0.77999991551041603        5.2999608643305400     
  0.78999991528689861        4.7506256377883629     
  0.79999991506338120        4.2063413621773496     
  0.80999991483986378        3.6678706069662166     
  0.81999991461634636        3.1359610876671824     
  0.82999991439282894        2.6113443955797613     
  0.83999991416931152        2.0947347625691877     
  0.84999991394579411        1.5868278631887562     
  0.85999991372227669        1.0882996563750147     
  0.86999991349875927       0.59980526885993468     
  0.87999991327524185       0.12197792235501881     
  0.88999991305172443      -0.34457209353065493     
  0.89999991282820702      -0.79925840077343557     
  0.90999991260468960       -1.2415194630546189     
  0.91999991238117218       -1.6708194648560357     
  0.92999991215765476       -2.0866491379780796     
  0.93999991193413734       -2.4885265340371610     
  0.94999991171061993       -2.8759977416117355     
  0.95999991148710251       -3.2486375468219104     
  0.96999991126358509       -3.6060500362447061     
  0.97999991104006767       -3.9478691411869433     
  0.98999991081655025       -4.2737591224585056     
  0.99999991059303284       -4.5834149949118173     
   1.0099999103695154       -4.8765628911369125     
   1.0199999101459980       -5.1529603638269181     
   1.0299999099224806       -5.4123966264531358     
   1.0399999096989632       -5.6546927320163602     
   1.0499999094754457       -5.8797016897660139     
   1.0599999092519283       -6.0873085199049237     
   1.0699999090284109       -6.2774302464237257     
   1.0799999088048935       -6.4500158283329867     
   1.0899999085813761       -6.6050460296858580     
   1.0999999083578587       -6.7425332289066953     
   1.1099999081343412       -6.8625211680627496     
   1.1199999079108238       -6.9650846428354978     
   1.1299999076873064       -7.0503291340666054     
   1.1399999074637890       -7.1183903818689869     
   1.1499999072402716       -7.1694339034064649     
   1.1599999070167542       -7.2036544555572100     
   1.1699999067932367       -7.2212754437829378     
   1.1799999065697193       -7.2225482786312414     
   1.1899999063462019       -7.2077516813998956     
   1.1999999061226845       -7.1771909405901537     
   1.2099999058991671       -7.1311971208694480     
   1.2199999056756496       -7.0701262263559705     
   1.2299999054521322       -6.9943583201224566     
   1.2399999052286148       -6.9042966018995910     
   1.2499999050050974       -6.8003664460366950     
   1.2599999047815800       -6.6830144018512190     
   1.2699999045580626       -6.5527071585661716     
   1.2799999043345451       -6.4099304770991825     
   1.2899999041110277       -6.2551880910252278     
   1.2999999038875103       -6.0890005790888040     
   1.3099999036639929       -5.9119042116902012     
   1.3199999034404755       -5.7244497738132614     
   1.3299999032169580       -5.5272013669007842     
   1.3399999029934406       -5.3207351922157686     
   1.3499999027699232       -5.1056383182543117     
   1.3599999025464058       -4.8825074347973567     
   1.3699999023228884       -4.6519475962052104     
   1.3799999020993710       -4.4145709565689240     
   1.3899999018758535       -4.1709954993382459     
   1.3999999016523361       -3.9218437640453794     
   1.4099999014288187       -3.6677415727380027     
   1.4199999012053013       -3.4093167587236444     
   1.4299999009817839       -3.1471979002108519     
   1.4399999007582664       -2.8820130614106412     
   1.4499999005347490       -2.6143885436339711     
   1.4599999003112316       -2.3449476488887093     
   1.4699999000877142       -2.0743094584416188     
   1.4799998998641968       -1.8030876287680673     
   1.4899998996406794       -1.5318892072643280     
   1.4999998994171619       -1.2613134700450257     
   1.5099998991936445      -0.99195078409060145     
   1.5199998989701271      -0.72438149594814938     
   1.5299998987466097      -0.45917484912257123     
   1.5399998985230923      -0.19688793222459339     
   1.5499998982995749        6.1935340132509349E-002
   1.5599998980760574       0.31676521177399519     
   1.5699998978525400       0.56708703291135043     
   1.5799998976290226       0.81240216985114078     
   1.5899998974055052        1.0522288748087048     
   1.5999998971819878        1.2861031142624781     
   1.6099998969584703        1.5135793543800753     
   1.6199998967349529        1.7342313021450662     
   1.6299998965114355        1.9476526009136699     
   1.6399998962879181        2.1534574792333778     
   1.6499998960644007        2.3512813518601301     
   1.6599998958408833        2.5407813720171846     
   1.6699998956173658        2.7216369340467752     
   1.6799998953938484        2.8935501257153144     
   1.6899998951703310        3.0562461295430481     
   1.6999998949468136        3.2094735726406500     
   1.7099998947232962        3.3530048246471260     
   1.7199998944997787        3.4866362434756626     
   1.7299998942762613        3.6101883686864960     
   1.7399998940527439        3.7235060624182195     
   1.7499998938292265        3.8264585979208672     
   1.7599998936057091        3.9189396958453808     
   1.7699998933821917        4.0008675085545597     
   1.7799998931586742        4.0721845528301834     
   1.7899998929351568        4.1328575914587065     
   1.7999998927116394        4.1828774642848678     
   1.8099998924881220        4.2222588694270025     
   1.8199998922646046        4.2510400954509304     
   1.8299998920410872        4.2692827053994895     
   1.8399998918175697        4.2770711736734990     
   1.8499998915940523        4.2745124768549081     
   1.8599998913705349        4.2617356396560098     
   1.8699998911470175        4.2388912372682945     
   1.8799998909235001        4.2061508554708853     
   1.8899998906999826        4.1637065099419424     
   1.8999998904764652        4.1117700262957992     
   1.9099998902529478        4.0505723824450444     
   1.9199998900294304        3.9803630149581788     
   1.9299998898059130        3.9014090911524217     
   1.9399998895823956        3.8139947487248520     
   1.9499998893588781        3.7184203047848428     
   1.9599998891353607        3.6150014362065281     
   1.9699998889118433        3.5040683332708658     
   1.9799998886883259        3.3859648286133384     
   1.9899998884648085        3.2610475035353690     
   1.9999998882412910        3.1296847737744478     
   2.0099998880177736        2.9922559568606943     
   2.0199998877942562        2.8491503232149058     
   2.0299998875707388        2.7007661331660757     
   2.0399998873472214        2.5475096620842472     
   2.0499998871237040        2.3897942158374779     
   2.0599998869001865        2.2280391387899701     
   2.0699998866766691        2.0626688165613403     
   2.0799998864531517        1.8941116757657410     
   2.0899998862296343        1.7227991829425600     
   2.0999998860061169        1.5491648448794724     
   2.1099998857825994        1.3736432125122613     
   2.1199998855590820        1.1966688905650393     
   2.1299998853355646        1.0186755550691224     
   2.1399998851120472       0.84009498086859835     
   2.1499998848885298       0.66135608118618572     
   2.1599998846650124       0.48288396128406452     
   2.1699998844414949       0.30509898821106990     
   2.1799998842179775       0.12841587858032005     
   2.1899998839944601       -4.6757193730029373E-002
   2.1999998837709427      -0.22001946811568843     
   2.2099998835474253      -0.39097844424650741     
   2.2199998833239079      -0.55925070381267339     
   2.2299998831003904      -0.72446270536757984     
   2.2399998828768730      -0.88625155068750894     
   2.2499998826533556       -1.0442657211410205     
   2.2599998824298382       -1.1981657826364571     
   2.2699998822063208       -1.3476250577943945     
   2.2799998819828033       -1.4923302640727607     
   2.2899998817592859       -1.6319821166557378     
   2.2999998815357685       -1.7662958950031886     
   2.3099998813122511       -1.8950019720447424     
   2.3199998810887337       -2.0178463050921844     
   2.3299998808652163       -2.1345908876346922     
   2.3399998806416988       -2.2450141612737351     
   2.3499998804181814       -2.3489113871480098     
   2.3599998801946640       -2.4460949762931432     
   2.3699998799711466       -2.5363947784762084     
   2.3799998797476292       -2.6196583291406901     
   2.3899998795241117       -2.6957510541934311     
   2.3999998793005943       -2.7645564324615330     
   2.4099998790770769       -2.8259761157427072     
   2.4199998788535595       -2.8799300064685980     
   2.4299998786300421       -2.9263562930952443     
   2.4399998784065247       -2.9652114434296117     
   2.4499998781830072       -2.9964701561940652     
   2.4599998779594898       -3.0201252712229287     
   2.4699998777359724       -3.0361876387762305     
   2.4799998775124550       -3.0446859485445126     
   2.4899998772889376       -3.0456665190065033     
   2.4999998770654202       -3.0391930478864926     
   2.5099998768419027       -3.0253463245417715     
   2.5199998766183853       -3.0042239051916089     
   2.5299998763948679       -2.9759397519773501     
   2.5399998761713505       -2.9406238369196940     
   2.5499998759478331       -2.8984217119116233     
   2.5599998757243156       -2.8494940459559843     
   2.5699998755007982       -2.7940161309235045     
   2.5799998752772808       -2.7321773571708752     
   2.5899998750537634       -2.6641806604186331     
   2.5999998748302460       -2.5902419413458504     
   2.6099998746067286       -2.5105894594115172     
   2.6199998743832111       -2.4254632024622840     
   2.6299998741596937       -2.3351142337318773     
   2.6399998739361763       -2.2398040178794458     
   2.6499998737126589       -2.1398037277519437     
   2.6599998734891415       -2.0353935335894011     
   2.6699998732656240       -1.9268618764221634     
   2.6799998730421066       -1.8145047274340687     
   2.6899998728185892       -1.6986248350878927     
   2.6999998725950718       -1.5795309618258562     
   2.7099998723715544       -1.4575371121716343     
   2.7199998721480370       -1.3329617540687773     
   2.7299998719245195       -1.2061270352951492     
   2.7399998717010021       -1.0773579967934088     
   2.7499998714774847      -0.94698178475363193     
   2.7599998712539673      -0.81532686327626269     
   2.7699998710304499      -0.68272222943129679     
   2.7799998708069324      -0.54949663251360004     
   2.7899998705834150      -0.41597779927377065     
   2.7999998703598976      -0.28249166687993182     
   2.8099998701363802      -0.14936162533762093     
   2.8199998699128628       -1.6907771063088876E-002
   2.8299998696893454       0.11455382673033494     
   2.8399998694658279       0.24471184521234932     
   2.8499998692423105       0.37326041110458641     
   2.8599998690187931       0.49989978630676268     
   2.8699998687952757       0.62433703449791222     
   2.8799998685717583       0.74628666728313109     
   2.8899998683482409       0.86547126851176515     
   2.8999998681247234       0.98162209545143275     
   2.9099998679012060        1.0944796555634140     
   2.9199998676776886        1.2037942576885505     
   2.9299998674541712        1.3093265365190838     
   2.9399998672306538        1.4108479492999548     
   2.9499998670071363        1.5081412437737540     
   2.9599998667836189        1.6010008964556410     
   2.9699998665601015        1.6892335203986739     
   2.9799998663365841        1.7726582416855985     
   2.9899998661130667        1.8511070439600317     
   2.9999998658895493        1.9244250803881842     
