  -4.0000000000000000        1.3915264507599898E-005 -0.23127290354063743       0.23127290395926534     
  -3.9900000000000002        1.5098133424064516E-005 -0.23210365329592758       0.23210365378698755     
  -3.9800000000000004        1.6133302219920584E-005 -0.23293879310839857       0.23293879366709350     
  -3.9700000000000006        1.7010018868099684E-005 -0.23377838382938823       0.23377838444822377     
  -3.9600000000000009        1.7719124039344176E-005 -0.23462248805145305       0.23462248872054356     
  -3.9500000000000011        1.8253156422341930E-005 -0.23547116996219192       0.23547117066966222     
  -3.9400000000000013        1.8606441893709109E-005 -0.23632449518839155       0.23632449592085833     
  -3.9300000000000015        1.8775165569899837E-005 -0.23718253063215547       0.23718253137526846     
  -3.9200000000000017        1.8757425952966919E-005 -0.23804534430076840       0.23804534503978941     
  -3.9100000000000019        1.8553270543702323E-005 -0.23891300513213082       0.23891300585252662     
  -3.9000000000000021        1.8164712494707565E-005 -0.23978558281764792       0.23978558350567256     
  -3.8900000000000023        1.7595728052965683E-005 -0.24066314762450769       0.24066314826775043     
  -3.8800000000000026        1.6852234741800505E-005 -0.24154577021929793       0.24154577080717371     
  -3.8700000000000028        1.5942050424955031E-005 -0.24243352149491731       0.24243352201907950     
  -3.8600000000000030        1.4874833587333864E-005 -0.24332647240271749       0.24332647285737552     
  -3.8500000000000032        1.3662005365492627E-005 -0.24422469379177603       0.24422469417390444     
  -3.8400000000000034        1.2316654042081299E-005 -0.24512825625714552       0.24512825656657530     
  -3.8300000000000036        1.0853422907407438E-005 -0.24603722999885241       0.24603723023824056     
  -3.8200000000000038        9.2883825612481049E-006 -0.24695168469331871       0.24695168486799671     
  -3.8100000000000041        7.6388888961814846E-006 -0.24787168937877935       0.24787168949648666     
  -3.8000000000000043        5.9234281556909786E-006 -0.24879731235613936       0.24879731242665259     
  -3.7900000000000045        4.1614506029284693E-006 -0.24972862110656749       0.24972862114124048     
  -3.7800000000000047        2.3731944608931939E-006 -0.25066568222698216       0.25066568223821634     
  -3.7700000000000049        5.7950189544361150E-007 -0.25160856138440257       0.25160856138506993     
  -3.7600000000000051       -1.1983710886726445E-006 -0.25255732328997454       0.25255732329281766     
  -3.7500000000000053       -2.9389489018690602E-006 -0.25351203169328451       0.25351203171032005     
  -3.7400000000000055       -4.6207327679878467E-006 -0.25447274939738346       0.25447274943933523     
  -3.7300000000000058       -6.2223972354491097E-006 -0.25543953829475080       0.25543953837053829     
  -3.7200000000000060       -7.7229847396087052E-006 -0.25641245942421143       0.25641245954051717     
  -3.7100000000000062       -9.1020961693014637E-006 -0.25739157304863231       0.25739157320957029     
  -3.7000000000000064       -1.0340075402047161E-005 -0.25837693875300577       0.25837693895990727     
  -3.6900000000000066       -1.1418185825338815E-005 -0.25936861556234120       0.25936861581367265     
  -3.6800000000000068       -1.2318776916648556E-005 -0.26036666207858061       0.26036666237000089     
  -3.6700000000000070       -1.3025439041282088E-005 -0.26137113663556794       0.26137113696012954     
  -3.6600000000000072       -1.3523144728101515E-005 -0.26238209747092739       0.26238209781941807     
  -3.6500000000000075       -1.3798374799179799E-005 -0.26339960291352765       0.26339960327494644     
  -3.6400000000000077       -1.3839227869483681E-005 -0.26442371158505701       0.26442371194721104     
  -3.6300000000000079       -1.3635511878793308E-005 -0.26545448261409138       0.26545448296429680     
  -3.6200000000000081       -1.3178816486903134E-005 -0.26649197586090856       0.26649197618677428     
  -3.6100000000000083       -1.2462565338469196E-005 -0.26753625215118754       0.26753625244145762     
  -3.6000000000000085       -1.1482047393722906E-005 -0.26858737351664741       0.26858737376207481     
  -3.5900000000000087       -1.0234426715899659E-005 -0.26964540344059529       0.26964540363481981     
  -3.5800000000000090       -8.7187303127847768E-006 -0.27071040710631261       0.27071040724671402     
  -3.5700000000000092       -6.9358138389077950E-006 -0.27178245164616099       0.27178245173466103     
  -3.5600000000000094       -4.8883051724555487E-006 -0.27286160638928880       0.27286160643307567     
  -3.5500000000000096       -2.5805261022156967E-006 -0.27394794310582460       0.27394794311797860     
  -3.5400000000000098       -1.8392560258900507E-008 -0.27504153624547201       0.27504153624547262     
  -3.5300000000000100        2.7907059449153353E-006 -0.27614246316847801       0.27614246318257951     
  -3.5200000000000102        5.8380468483828449E-006 -0.27725080436701099       0.27725080442847660     
  -3.5100000000000104        9.1137339510409165E-006 -0.27836664367509345       0.27836664382428544     
  -3.5000000000000107        1.2606874517897694E-005 -0.27949006846532343       0.27949006874965066     
  -3.4900000000000109        1.6305772646503388E-005 -0.28062116983077728       0.28062117030450889     
  -3.4800000000000111        2.0198137341995539E-005 -0.28176004275060867       0.28176004347456646     
  -3.4700000000000113        2.4271303594264964E-005 -0.28290678623804211       0.28290678727919100     
  -3.4600000000000115        2.8512464619135612E-005 -0.28406150346962994       0.28406150490058879     
  -3.4500000000000117        3.2908913322512533E-005 -0.28522430189482961       0.28522430379332941     
  -3.4400000000000119        3.7448290951821641E-005 -0.28639529332516916       0.28639529577348888     
  -3.4300000000000122        4.2118840833660781E-005 -0.28757459400247021       0.28757459708688166     
  -3.4200000000000124        4.6909665046229418E-005 -0.28876232464582219       0.28876232845607802     
  -3.4100000000000126        5.1810981850343190E-005 -0.28995861047721960       0.28995861510611787     
  -3.4000000000000128        5.6814381700288329E-005 -0.29116358122600444       0.29116358676906362     
  -3.3900000000000130        6.1913079673415192E-005 -0.29237737111246609       0.29237737766774324     
  -3.3800000000000132        6.7102162203168901E-005 -0.29360011881119963       0.29360012647928252     
  -3.3700000000000134        7.2378826058607507E-005 -0.29483196739500850       0.29483197627921198     
  -3.3600000000000136        7.7742607610178726E-005 -0.29607306426038360       0.29607307446717657     
  -3.3500000000000139        8.3195600516653472E-005 -0.29732356103576280       0.29732357267545223     
  -3.3400000000000141        8.8742660110704188E-005 -0.29858361347398776       0.29858362666168325     
  -3.3300000000000143        9.4391592895946638E-005 -0.29985338133054695       0.29985339618742890     
  -3.3200000000000145        1.0015332974413636E-004 -0.30113302822935051       0.30113304488426418     
  -3.3100000000000147        1.0604208155517932E-004 -0.30242272151794591       0.30242274010934450     
  -3.3000000000000149        1.1207547634904410E-004 -0.30372263211419243       0.30372265279245386     
  -3.2900000000000151        1.1827467695904703E-004 -0.30503293434653844       0.30503295727668323     
  -3.2800000000000153        1.2466447872593704E-004 -0.30635380579012500       0.30635383115496678     
  -3.2700000000000156        1.3127338681663650E-004 -0.30768542710100283       0.30768545510476863     
  -3.2600000000000158        1.3813367303226097E-004 -0.30902798185079966       0.30902801272326397     
  -3.2500000000000160        1.4528141220810571E-004 -0.31038165636418918       0.31038169036537311     
  -3.2400000000000162        1.5275649855465645E-004 -0.31174663956150406       0.31174667698700204     
  -3.2300000000000164        1.6060264252895087E-004 -0.31312312280881843       0.31312316399582318     
  -3.2200000000000166        1.6886734906906541E-004 -0.31451129977775250       0.31451134511186218     
  -3.2100000000000168        1.7760187825495091E-004 -0.31591136631719169       0.31591141624009417     
  -3.2000000000000171        1.8686118969079405E-004 -0.31732352033900535       0.31732357535714767     
  -3.1900000000000173        1.9670387211992335E-004 -0.31874796171971681       0.31874802241408079     
  -3.1800000000000175        2.0719205998618952E-004 -0.32018489221994650       0.32018495925706519     
  -3.1700000000000177        2.1839133885119216E-004 -0.32163451542327415       0.32163458956763535     
  -3.1600000000000179        2.3037064174796616E-004 -0.32309703669598133       0.32309711882397973     
  -3.1500000000000181        2.4320213871060868E-004 -0.32457266316893768       0.32457275428454707     
  -3.1400000000000183        2.5696112185313836E-004 -0.32606160374267018       0.32606170499502118     
  -3.1300000000000185        2.7172588849107580E-004 -0.32756406911642721       0.32756418181948704     
  -3.1200000000000188        2.8757762488493645E-004 -0.32908027184180977       0.32908039749637130     
  -3.1100000000000190        3.0460029326059336E-004 -0.33061042640127369       0.33061056671947231     
  -3.1000000000000192        3.2288052479984009E-004 -0.33215474931157446       0.33215490624416216     
  -3.0900000000000194        3.4250752131691198E-004 -0.33371345925193596       0.33371363501855250     
  -3.0800000000000196        3.6357296832668147E-004 -0.33528677721647454       0.33528697433916688     
  -3.0700000000000198        3.8617096217984743E-004 -0.33687492669014601       0.33687514803039909     
  -3.0600000000000200        4.1039795387941774E-004 -0.33847813384721276       0.33847838264676849     
  -3.0500000000000203        4.3635271210940170E-004 -0.34009662777097943       0.34009690769673501     
  -3.0400000000000205        4.6413630789857190E-004 -0.34173064069330095       0.34173095588659547     
  -3.0300000000000207        4.9385212320684374E-004 -0.34338040825212390       0.34338076338274232     
  -3.0200000000000209        5.2560588556880043E-004 -0.34504616976510555       0.34504657009035311     
  -3.0100000000000211        5.5950573074967753E-004 -0.34672816851714133       0.34672861994636944     
  -3.0000000000000213        5.9566229517309555E-004 -0.34842665205945267       0.34842716122444989     
  -2.9900000000000215        6.3418883966393825E-004 -0.35014187251770096       0.35014244684940199     
  -2.9800000000000217        6.7520140582080237E-004 -0.35187408690646121       0.35187473471847086     
  -2.9700000000000220        7.1881900608385596E-004 -0.35362355744724822       0.35362428802672868     
  -2.9600000000000222        7.6516384831035601E-004 -0.35539055188719676       0.35539137559372630     
  -2.9500000000000224        8.1436159540299491E-004 -0.35717534381541610       0.35717627218849346     
  -2.9400000000000226        8.6654166026450612E-004 -0.35897821297398519       0.35897925884992971     
  -2.9300000000000228        9.2183753607285278E-004 -0.36079944556053811       0.36080062319962064     
  -2.9200000000000230        9.8038716160016694E-004 -0.36263933451938829       0.36264065974412113     
  -2.9100000000000232        1.0423333210135477E-003 -0.36449817981816529       0.36449967016378448     
  -2.9000000000000234        1.1078240773323912E-003 -0.36637628870700994       0.36637796358529623     
  -2.8900000000000237        1.1770132384463800E-003 -0.36827397595743810       0.36827585683514902     
  -2.8800000000000239        1.2500608543447888E-003 -0.37019156407810416       0.37019367467142472     
  -2.8700000000000241        1.3271337439648761E-003 -0.37212938350482994       0.37213174999139642     
  -2.8600000000000243        1.4084060498381870E-003 -0.37408777276241295       0.37409042401262282     
  -2.8500000000000245        1.4940598185005946E-003 -0.37606707859591276       0.37607004642540420     
  -2.8400000000000247        1.5842856044418633E-003 -0.37806765606931125       0.37807097551467694     
  -2.8300000000000249        1.6792830951972613E-003 -0.38008986862966043       0.38009357824965462     
  -2.8200000000000252        1.7792617550357454E-003 -0.38213408813505639       0.38213823033976069     
  -2.8100000000000254        1.8844414845760622E-003 -0.38420069484503355       0.38420531625566479     
  -2.8000000000000256        1.9950532935616235E-003 -0.38629007737222099       0.38629522921449677     
  -2.7900000000000258        2.1113399839582450E-003 -0.38840263259437102       0.38840837112859167     
  -2.7800000000000260        2.2335568404892071E-003 -0.39053876552613498       0.39054515251739735     
  -2.7700000000000262        2.3619723257125723E-003 -0.39269888915023737       0.39270599238246651     
  -2.7600000000000264        2.4968687767534217E-003 -0.39488342420796663       0.39489131804573424     
  -2.7500000000000266        2.6385431008482817E-003 -0.39709279894916710       0.39710156495156079     
  -2.7400000000000269        2.7873074669265015E-003 -0.39932744884218407       0.39933717643330219     
  -2.7300000000000271        2.9434899905487763E-003 -0.40158781624444673       0.40159860344541531     
  -2.7200000000000273        3.1074354096450657E-003 -0.40387435003464178       0.40388630426238703     
  -2.7100000000000275        3.2795057486430836E-003 -0.40618750520761715       0.40620074414597446     
  -2.7000000000000277        3.4600809687441109E-003 -0.40852774243339379       0.40854239498249828     
  -2.6900000000000279        3.6495596022972816E-003 -0.41089552758182624       0.41091173489210314     
  -2.6800000000000281        3.8483593694336390E-003 -0.41329133121462169       0.41330924781208372     
  -2.6700000000000284        4.0569177753439949E-003 -0.41571562804656975       0.41573542305652744     
  -2.6600000000000286        4.2756926868309543E-003 -0.41816889637793869       0.41819075485464219     
  -2.6500000000000288        4.5051628870131947E-003 -0.42065161750008057       0.42067574187023504     
  -2.6400000000000290        4.7458286073224195E-003 -0.42316427507633902       0.42319088670486937     
  -2.6300000000000292        4.9982120361978010E-003 -0.42570735450038094       0.42573669538726844     
  -2.6200000000000294        5.2628578041508303E-003 -0.42828134223405911       0.42831367685152666     
  -2.6100000000000296        5.5403334451374943E-003 -0.43088672512687665       0.43092234240666599     
  -2.6000000000000298        5.8312298344375098E-003 -0.43352398971905548       0.43356320520001435     
  -2.5900000000000301        6.1361616034919884E-003 -0.43619362153010471       0.43623677967678559     
  -2.5800000000000303        6.4557675323893369E-003 -0.43889610433465415       0.43894358103811915     
  -2.5700000000000305        6.7907109209198787E-003 -0.44163191942715763       0.44168412469968504     
  -2.5600000000000307        7.1416799393209229E-003 -0.44440154487688172       0.44445892575277957     
  -2.5500000000000309        7.5093879600248905E-003 -0.44720545477437440       0.44726849842962246     
  -2.5400000000000311        7.8945738718801152E-003 -0.45004411847037695       0.45011335557434556     
  -2.5300000000000313        8.2980023784524973E-003 -0.45291799980787062       0.45299400812089680     
  -2.5200000000000315        8.7204642821144748E-003 -0.45582755634768501       0.45591096457882824     
  -2.5100000000000318        9.1627767557055113E-003 -0.45877323858776831       0.45886473052761884     
  -2.5000000000000320        9.6257836035811336E-003 -0.46175548917595310       0.46185580811992255     
  -2.4900000000000322        1.0110355513872106E-002 -0.46477474211568942       0.46488469559378109     
  -2.4800000000000324        1.0617390303736937E-002 -0.46783142196392485       0.46795188679355681     
  -2.4700000000000326        1.1147813159319018E-002 -0.47092594301996299       0.47105787069900079     
  -2.4600000000000328        1.1702576872003123E-002 -0.47405870850382131       0.47420313096157030     
  -2.4500000000000330        1.2282662072416435E-002 -0.47723010972228513       0.47738814544679414     
  -2.4400000000000333        1.2889077463422204E-002 -0.48044052522055197       0.48061338578118890     
  -2.4300000000000335        1.3522860053126712E-002 -0.48369031991705347       0.48387931690192953     
  -2.4200000000000337        1.4185075388649097E-002 -0.48697984421879370       0.48718639660723517     
  -2.4100000000000339        1.4876817791097343E-002 -0.49030943311426434       0.49053507510515570     
  -2.4000000000000341        1.5599210591853728E-002 -0.49367940524078968       0.49392579455824015     
  -2.3900000000000343        1.6353406369899792E-002 -0.49709006192295901       0.49735898862136824     
  -2.3800000000000345        1.7140587189506621E-002 -0.50054168617863670       0.50083508196985749     
  -2.3700000000000347        1.7961964837187136E-002 -0.50403454168893436       0.50435448981483888     
  -2.3600000000000350        1.8818781056350615E-002 -0.50756887172842891       0.50791761740278041     
  -2.3500000000000352        1.9712307777628911E-002 -0.51114489805190955       0.51152485949601412     
  -2.3400000000000354        2.0643847342350221E-002 -0.51476281973390081       0.51517659983105868     
  -2.3300000000000356        2.1614732716136977E-002 -0.51842281195732476       0.51887321055160462     
  -2.3200000000000358        2.2626327689093641E-002 -0.52212502474773270       0.52261505161305366     
  -2.3100000000000360        2.3680027058540103E-002 -0.52586958164972797       0.52640247015563391     
  -2.3000000000000362        2.4777256789737811E-002 -0.52965657834241919       0.53023579984326208     
  -2.2900000000000365        2.5919474149554280E-002 -0.53348608119100405       0.53411536016550210     
  -2.2800000000000367        2.7108167807524414E-002 -0.53735812573192687       0.53804145570021855     
  -2.2700000000000369        2.8344857898299887E-002 -0.54127271508943153       0.54201437533478736     
  -2.2600000000000371        2.9631096039028654E-002 -0.54522981832176276       0.54603439144403398     
  -2.2500000000000373        3.0968465294796150E-002 -0.54922936869576355       0.55010175902342107     
  -2.2400000000000375        3.2358580084872142E-002 -0.55327126188915687       0.55421671477638523     
  -2.2300000000000377        3.3803086022171518E-002 -0.55735535412037540       0.55837947615512462     
  -2.2200000000000379        3.5303659678034914E-002 -0.56148146020644718       0.56259024035458227     
  -2.2100000000000382        3.6862008264190796E-002 -0.56564935155011220       0.56684918325982592     
  -2.2000000000000384        3.8479869223564570E-002 -0.56985875405804942       0.57115645834749618     
  -2.1900000000000386        4.0159009721465522E-002 -0.57410934599285246       0.57551219554250066     
  -2.1800000000000388        4.1901226028608768E-002 -0.57840075576215000       0.57991650003162254     
  -2.1700000000000390        4.3708342787419155E-002 -0.58273255964907700       0.58436945103623239     
  -2.1600000000000392        4.5582212153128555E-002 -0.58710427948909572       0.58887110054678604     
  -2.1500000000000394        4.7524712801302965E-002 -0.59151538029902750       0.59342147202233042     
  -2.1400000000000396        4.9537748793648050E-002 -0.59596526786494752       0.59802055905870088     
  -2.1300000000000399        5.1623248294213706E-002 -0.60045328629646355       0.60266832402961823     
  -2.1200000000000401        5.3783162128480277E-002 -0.60497871555570437       0.60736469670533888     
  -2.1100000000000403        5.6019462178234974E-002 -0.60954076897016485       0.61210957285397727     
  -2.1000000000000405        5.8334139605659918E-002 -0.61413859073934429       0.61690281283103299     
  -2.0900000000000407        6.0729202900632370E-002 -0.61877125344588535       0.62174424016305796     
  -2.0800000000000409        6.3206675745898180E-002 -0.62343775558264924       0.62663364013175848     
  -2.0700000000000411        6.5768594695508983E-002 -0.62813701910785547       0.63157075836514509     
  -2.0600000000000414        6.8417006662709598E-002 -0.63286788704105335       0.63655529944262712     
  -2.0500000000000416        7.1153966214335201E-002 -0.63762912111329961       0.64158692552120300     
  -2.0400000000000418        7.3981532669697092E-002 -0.64241939948542581       0.64666525499007022     
  -2.0300000000000420        7.6901767002933510E-002 -0.64723731454876021       0.65178986116114468     
  -2.0200000000000422        7.9916728548832985E-002 -0.65208137082304862       0.65696027100306009     
  -2.0100000000000424        8.3028471513233726E-002 -0.65694998296665463       0.66217596392629030     
  -2.0000000000000426        8.6239041290231230E-002 -0.66184147391432058       0.66743637062699723     
  -1.9900000000000426        8.9550470589592160E-002 -0.66675407315795843       0.67274087199719446     
  -1.9800000000000426        9.2964775378971687E-002 -0.67168591518595899       0.67808879810867095     
  -1.9700000000000426        9.6483950646747710E-002 -0.67663503809650360       0.68347942727799860     
  -1.9600000000000426       0.10010996599251924      -0.68159938240020390       0.68891198521971053     
  -1.9500000000000426       0.10384476105355524      -0.68657679002718019       0.69438564429450633     
  -1.9400000000000426       0.10769024077671704      -0.69156500355335304       0.69989952285902901     
  -1.9300000000000426       0.11164827054661056      -0.69656166566028865       0.70545268472342271     
  -1.9200000000000426       0.11572067118192733      -0.70156431884241022       0.71104413872249228     
  -1.9100000000000426       0.11990921381312727      -0.70657040537474070       0.71667283840585705     
  -1.9000000000000425       0.12421561465575517      -0.71157726755363826       0.72233768185206093     
  -1.8900000000000425       0.12864152969480214      -0.71658214822211197       0.72803751161106767     
  -1.8800000000000425       0.13318854929656496      -0.72158219159043324       0.73377111477910895     
  -1.8700000000000425       0.13785819276546321      -0.72657444436168861       0.73953722320925552     
  -1.8600000000000425       0.14265190286420051      -0.73155585717086524       0.74533451386057292     
  -1.8500000000000425       0.14757104031650453      -0.73652328634483899       0.75116160928810594     
  -1.8400000000000425       0.15261687831246434      -0.74147349598939183       0.75701707827536646     
  -1.8300000000000425       0.15779059703716083      -0.74640316040805099       0.76289943661040305     
  -1.8200000000000425       0.16309327824387385      -0.75130886685613529       0.76880714800591166     
  -1.8100000000000425       0.16852589989364908      -0.75618711863195087       0.77473862516325875     
  -1.8000000000000425       0.17408933088338210      -0.76103433850556368       0.78069223097967655     
  -1.7900000000000424       0.17978432588485527      -0.76584687248403760       0.78666627989729776     
  -1.7800000000000424       0.18561152031732142      -0.77062099391045180       0.79265903939212101     
  -1.7700000000000424       0.19157142547627592      -0.77535290789238309       0.79866873160039675     
  -1.7600000000000424       0.19766442384097313      -0.78003875605396833       0.80469353507941532     
  -1.7500000000000424       0.20389076458305092      -0.78467462160397650       0.81073158669907808     
  -1.7400000000000424       0.21025055929830613      -0.78925653471075619       0.81678098366017415     
  -1.7300000000000424       0.21674377798321545      -0.79378047817328456       0.82283978563475269     
  -1.7200000000000424       0.22337024527723404      -0.79824239337596459       0.82890601702352240     
  -1.7100000000000424       0.23012963699121500      -0.80263818651327445       0.83497766932477091     
  -1.7000000000000424       0.23702147694148898      -0.80696373506886698       0.84105270360888873     
  -1.6900000000000424       0.24404513410821793      -0.81121489453223317       0.84712905309217212     
  -1.6800000000000423       0.25119982013560899      -0.81538750533469251       0.85320462580326850     
  -1.6700000000000423       0.25848458719042466      -0.81947739998510127       0.85927730733526642     
  -1.6600000000000423       0.26589832619398990      -0.82348041038445163       0.86534496367616909     
  -1.6500000000000423       0.27343976544154708      -0.82739237529736265       0.87140544411022591     
  -1.6400000000000423       0.28110746962138389      -0.83120914795739576       0.87745658418237260     
  -1.6300000000000423       0.28889983924464474      -0.83492660378216499       0.88349620871784273     
  -1.6200000000000423       0.29681511049513742      -0.83854064817334695       0.88952213488885001     
  -1.6100000000000423       0.30485135550680154      -0.84204722437596746       0.89553217532013063     
  -1.6000000000000423       0.31300648307477913      -0.84544232137069797       0.90152414122502378     
  -1.5900000000000423       0.32127823980426601      -0.84872198177240010       0.90749584556371266     
  -1.5800000000000423       0.32966421169951543      -0.85188230970779721       0.91344510621523078     
  -1.5700000000000423       0.33816182619352964      -0.85491947864488660       0.91936974915481506     
  -1.5600000000000422       0.34676835461712319      -0.85782973914660987       0.92526761162822924     
  -1.5500000000000422       0.35548091510416036      -0.86060942652132943       0.93113654531473677     
  -1.5400000000000422       0.36429647592792885      -0.86325496834280480       0.93697441947048099     
  -1.5300000000000422       0.37321185926172762      -0.86576289181267552       0.94277912404414332     
  -1.5200000000000422       0.38222374535493625      -0.86812983093886897       0.94854857275687487     
  -1.5100000000000422       0.39132867711401603      -0.87035253350393937       0.95428070613867688     
  -1.5000000000000422       0.40052306507613394      -0.87242786779801318       0.95997349451355607     
  -1.4900000000000422       0.40980319276140004      -0.87435282909185064       0.96562494092600992     
  -1.4800000000000422       0.41916522238803750      -0.87612454582648391       0.97123308400160857     
  -1.4700000000000422       0.42860520093325155      -0.87774028549691829       0.97679600073466955     
  -1.4600000000000422       0.43811906652103572      -0.87919746020860556       0.98231180919630923     
  -1.4500000000000421       0.44770265511676433      -0.88049363188663676       0.98777867115640872     
  -1.4400000000000421       0.45735170750707604      -0.88162651711899631       0.99319479461332760     
  -1.4300000000000421       0.46706187654235981      -0.88259399161669472       0.99855843622552243     
  -1.4200000000000421       0.47682873461802333      -0.88339409427513471        1.0038679036395233     
  -1.4100000000000421       0.48664778136974890      -0.88402503082270090        1.0091215577090682     
  -1.4000000000000421       0.49651445155705171      -0.88448517704427077        1.0143178146005496     
  -1.3900000000000421       0.50642412310871832      -0.88477308156906875        1.0194551477802543     
  -1.3800000000000421       0.51637212530306387      -0.88488746821410480        1.0245320898792636     
  -1.3700000000000421       0.52635374705547933      -0.88482723787626816        1.0295472344322476     
  -1.3600000000000421       0.53636424528535476      -0.88459146996801008        1.0344992374867625     
  -1.3500000000000421       0.54639885333426608      -0.88417942339342126        1.0393868190800399     
  -1.3400000000000420       0.55645278940719878      -0.88359053706341284        1.0442087645806575     
  -1.3300000000000420       0.56652126500865996      -0.88282442995057941        1.0489639258928678     
  -1.3200000000000420       0.57659949334567884      -0.88188090068619729        1.0536512225217565     
  -1.3100000000000420       0.58668269767002645      -0.88075992670365522        1.0582696424977935     
  -1.3000000000000420       0.59676611953242942      -0.87946166293443839        1.0628182431597613     
  -1.2900000000000420       0.60684502692211184      -0.87798644006454019        1.0672961517954158     
  -1.2800000000000420       0.61691472226568345      -0.87633476236090535        1.0717025661396402     
  -1.2700000000000420       0.62697055026023263      -0.87450730507917229        1.0760367547302718     
  -1.2600000000000420       0.63700790551635511      -0.87250491146555176        1.0802980571221277     
  -1.2500000000000420       0.64702223998791819      -0.87032858936721491        1.0844858839601874     
  -1.2400000000000420       0.65700907016645782      -0.86797950746696240        1.0885997169132391     
  -1.2300000000000419       0.66696398401933499      -0.86545899115932534        1.0926391084697000     
  -1.2200000000000419       0.67688264765208073      -0.86276851808643162        1.0966036815976627     
  -1.2100000000000419       0.68676081167673608      -0.85990971335316657        1.1004931292716071     
  -1.2000000000000419       0.69659431726943433      -0.85688434444213568        1.1043072138685404     
  -1.1900000000000419       0.70637910190199305      -0.85369431584989619        1.1080457664366976     
  -1.1800000000000419       0.71611120473383227      -0.85034166346669260        1.1117086858402441     
  -1.1700000000000419       0.72578677165214167      -0.84682854872263369        1.1152959377837437     
  -1.1600000000000419       0.73540205994983532      -0.84315725252381246        1.1188075537204623     
  -1.1500000000000419       0.74495344263252472      -0.83933016900231139        1.1222436296488829     
  -1.1400000000000419       0.75443741234735862      -0.83534979910434515        1.1256043248020364     
  -1.1300000000000419       0.76385058492830726      -0.83121874404101936        1.1288898602345787     
  -1.1200000000000419       0.77318970255409802      -0.82693969862623329        1.1321005173127252     
  -1.1100000000000418       0.78245163651668304      -0.82251544452624237        1.1352366361124175     
  -1.1000000000000418       0.79163338959976104      -0.81794884344522190        1.1382986137312929     
  -1.0900000000000418       0.80073209806846679      -0.81324283027091182        1.1412869025202084     
  -1.0800000000000418       0.80974503327290992      -0.80840040620404352        1.1442020082402444     
  -1.0700000000000418       0.81866960286977852      -0.80342463189476432        1.1470444881512654     
  -1.0600000000000418       0.82750335166767219      -0.79831862060868697        1.1498149490382301     
  -1.0500000000000418       0.83624396210323981      -0.79308553144451233        1.1525140451815541     
  -1.0400000000000418       0.84488925435655460      -0.78772856262440460        1.1551424762779201     
  -1.0300000000000418       0.85343718611538566      -0.78225094487742752        1.1577009853179601     
  -1.0200000000000418       0.86188585199926415      -0.77665593493544571        1.1601903564273186     
  -1.0100000000000418       0.87023348265530220      -0.77094680915985558        1.1626114126775717     
  -1.0000000000000417       0.87847844353877635      -0.76512685731648367        1.1649650138735110     
 -0.99000000000004174       0.88661923339239201      -0.75919937651481528        1.1672520543232285     
 -0.98000000000004173       0.89465448243900014      -0.75316766532660917        1.1694734605974306     
 -0.97000000000004172       0.90258295030326086      -0.74703501809767781        1.1716301892842880     
 -0.96000000000004171       0.91040352367840127      -0.74080471946541004        1.1737232247460532     
 -0.95000000000004170       0.91811521375476735      -0.73448003909332615        1.1757535768835645     
 -0.94000000000004169       0.92571715342729044      -0.72806422663266357        1.1777222789145767     
 -0.93000000000004168       0.93320859429936864      -0.72156050691969364        1.1796303851717320     
 -0.92000000000004167       0.94058890350089197      -0.71497207541618146        1.1814789689257834     
 -0.91000000000004166       0.94785756033829793      -0.70830209389907817        1.1832691202394698     
 -0.90000000000004166       0.95501415279461943      -0.70155368640427018        1.1850019438572437     
 -0.89000000000004165       0.96205837389742999      -0.69472993542794081        1.1866785571357890     
 -0.88000000000004164       0.96899001797249096      -0.68783387838784338        1.1883000880200216     
 -0.87000000000004163       0.97580897680069478      -0.68086850434559243        1.1898676730689943     
 -0.86000000000004162       0.98251523569560073      -0.67383675098989471        1.1913824555358365     
 -0.85000000000004161       0.98910886951850641      -0.66674150187951775        1.1928455835055654     
 -0.84000000000004160       0.99559003864755247      -0.65958558394370526        1.1942582080942938     
 -0.83000000000004159        1.0019589849168591      -0.65237176523672213        1.1956214817130459     
 -0.82000000000004158        1.0082160275411050      -0.64510275294223896        1.1969365563990522     
 -0.81000000000004158        1.0143615590403638      -0.63778119162234137        1.1982045822170817     
 -0.80000000000004157        1.0203960411793040      -0.63040966170511481        1.1994267057330152     
 -0.79000000000004156        1.0263200009341495      -0.62299067820396159        1.2006040685615325     
 -0.78000000000004155        1.0321340265000203      -0.61552668966107937        1.2017378059894226     
 -0.77000000000004154        1.0378387633505082      -0.60802007730690821        1.2028290456757398     
 -0.76000000000004153        1.0434349103604428      -0.60047315442675753        1.2038789064295985     
 -0.75000000000004152        1.0489232160020423      -0.59288816592531834        1.2048884970661622     
 -0.74000000000004151        1.0543044746236891      -0.58526728807935657        1.2058589153409689     
 -0.73000000000004150        1.0595795228197680      -0.57761262846849160        1.2067912469624755     
 -0.72000000000004150        1.0647492358990442      -0.56992622607369814        1.2076865646823296     
 -0.71000000000004149        1.0698145244582455      -0.56221005153293957        1.2085459274626233     
 -0.70000000000004148        1.0747763310665892      -0.55446600754319131        1.2093703797190689     
 -0.69000000000004147        1.0796356270661207      -0.54669592939803002        1.2101609506387287     
 -0.68000000000004146        1.0843934094919214      -0.53890158564994317        1.2109186535707248     
 -0.67000000000004145        1.0890506981153623      -0.53108467888655297        1.2116444854880457     
 -0.66000000000004144        1.0936085326127791      -0.52324684661005438        1.2123394265183500     
 -0.65000000000004143        1.0980679698611964      -0.51538966220931692        1.2130044395414730     
 -0.64000000000004142        1.1024300813619226      -0.50751463601432378        1.2136404698511032     
 -0.63000000000004142        1.1066959507921650      -0.49962321642284857        1.2142484448779363     
 -0.62000000000004141        1.1108666716841085      -0.49171679108961874        1.2148292739714501     
 -0.61000000000004140        1.1149433452302793      -0.48379668816851218        1.2153838482372992     
 -0.60000000000004139        1.1189270782134004      -0.47586417759874861        1.2159130404271972     
 -0.59000000000004138        1.1228189810584093      -0.46792047242643825        1.2164177048780676     
 -0.58000000000004137        1.1266201660037884      -0.45996673015329165        1.2168986774971509     
 -0.57000000000004136        1.1303317453889055      -0.45200405410477601        1.2173567757896953     
 -0.56000000000004135        1.1339548300536419      -0.44403349481047077        1.2177927989258206     
 -0.55000000000004134        1.1374905278462237      -0.43605605138990894        1.2182075278431173     
 -0.54000000000004134        1.1409399422348450      -0.42807267293768159        1.2186017253815387     
 -0.53000000000004133        1.1443041710184196      -0.42008425990212817        1.2189761364471707     
 -0.52000000000004132        1.1475843051315535      -0.41209166545245851        1.2193314882014863     
 -0.51000000000004131        1.1507814275386603      -0.40409569682968438        1.2196684902727402     
 -0.50000000000004130        1.1538966122120118      -0.39609711667727526        1.2199878349862383     
 -0.49000000000004129        1.1569309231884315      -0.38809664434796237        1.2202901976103000     
 -0.48000000000004128        1.1598854136992662      -0.38009495718364750        1.2205762366148034     
 -0.47000000000004127        1.1627611253682999      -0.37209269176585685        1.2208465939393516     
 -0.46000000000004126        1.1655590874722881      -0.36409044513468214        1.2211018952682056     
 -0.45000000000004126        1.1682803162588367      -0.35608877597461230        1.2213427503092427     
 -0.44000000000004125        1.1709258143164949      -0.34808820576610588        1.2215697530743848     
 -0.43000000000004124        1.1734965699920310      -0.34008921990219482        1.2217834821590712     
 -0.42000000000004123        1.1759935568500195      -0.33209226876979914        1.2219845010185000     
 -0.41000000000004122        1.1784177331700836      -0.32409776879581575        1.2221733582385701     
 -0.40000000000004121        1.1807700414773117      -0.31610610345840340        1.2223505877995835     
 -0.39000000000004120        1.1830514081016197      -0.30811762426419409        1.2225167093309752     
 -0.38000000000004119        1.1852627427620765      -0.30013265169247377        1.2226722283555131     
 -0.37000000000004118        1.1874049381724572      -0.29215147610762221        1.2228176365215704     
 -0.36000000000004118        1.1894788696645906      -0.28417435864135510        1.2229534118222891     
 -0.35000000000004117        1.1914853948263309      -0.27620153204650993        1.2230800188006086     
 -0.34000000000004116        1.1934253531512853      -0.26823320152428215        1.2231979087393161     
 -0.33000000000004115        1.1952995656977237      -0.26026954552699361        1.2233075198354642     
 -0.32000000000004114        1.1971088347543943      -0.25231071653855897        1.2234092773586545     
 -0.31000000000004113        1.1988539435112713      -0.24435684183493117        1.2235035937928698     
 -0.30000000000004112        1.2005356557335509      -0.23640802422685467        1.2235908689616934     
 -0.29000000000004111        1.2021547154375056      -0.22846434278729608        1.2236714901368999     
 -0.28000000000004110        1.2037118465670915      -0.22052585356592902        1.2237458321305690     
 -0.27000000000004110        1.2052077526704628      -0.21259259029303498        1.2238142573709825     
 -0.26000000000004109        1.2066431165758513      -0.20466456507514832        1.2238771159627437     
 -0.25000000000004108        1.2080186000664677      -0.19674176908470806        1.2239347457316214     
 -0.24000000000004107        1.2093348435543572      -0.18882417324590756        1.2239874722547786     
 -0.23000000000004106        1.2105924657533638      -0.18091172891883023        1.2240356088771314     
 -0.22000000000004105        1.2117920633515384      -0.17300436858385071        1.2240794567146676     
 -0.21000000000004104        1.2129342106835543      -0.16510200652814924        1.2241193046456533     
 -0.20000000000004103        1.2140194594038349      -0.15720453953604893        1.2241554292907093     
 -0.19000000000004102        1.2150483381612691      -0.14931184758473187        1.2241880949828046     
 -0.18000000000004102        1.2160213522765217      -0.14142379454672907        1.2242175537282645     
 -0.17000000000004101        1.2169389834230686      -0.13354022890041059        1.2242440451599288     
 -0.16000000000004100        1.2178016893131756      -0.12566098444952803        1.2242677964836159     
 -0.15000000000004099        1.2186099033901188      -0.11778588105268287        1.2242890224190657     
 -0.14000000000004098        1.2193640345280119      -0.10991472536341364        1.2243079251365423     
 -0.13000000000004097        1.2200644667406295      -0.10204731158141485        1.2243246941902670     
 -0.12000000000004098        1.2207115589006619       -9.4183422215220650E-002   1.2243395064498468     
 -0.11000000000004098        1.2213056444708170       -8.6322828856509604E-002   1.2243525260308274     
 -0.10000000000004099        1.2218470312481655       -7.8465292966014330E-002   1.2243639042254546     
  -9.0000000000040992E-002   1.2223360011231310       -7.0610566670855121E-002   1.2243737794347225     
  -8.0000000000040997E-002   1.2227728098544364       -6.2758393572954582E-002   1.2243822771026913     
  -7.0000000000041002E-002   1.2231576868612883       -5.4908509568043273E-002   1.2243895096540323     
  -6.0000000000041000E-002   1.2234908350339693       -4.7060643674622392E-002   1.2243955764356507     
  -5.0000000000040998E-002   1.2237724305639746       -3.9214518872121663E-002   1.2244005636632278     
  -4.0000000000040996E-002   1.2240026227946574       -3.1369852947371407E-002   1.2244045443733620     
  -3.0000000000040994E-002   1.2241815340932987       -2.3526359348403112E-002   1.2244075783819750     
  -2.0000000000040992E-002   1.2243092597453575       -1.5683748044500061E-002   1.2244097122495186     
  -1.0000000000040992E-002   1.2243858678715478       -7.8417263913429132E-003   1.2244109792534368     
  -4.0991515737331952E-014   1.2244113993682371       -3.2144223237899660E-014   1.2244113993682371     
   9.9999999999590087E-003   1.2243858678715487        7.8417263912786191E-003   1.2244109792534372     
   1.9999999999959009E-002   1.2243092597453580        1.5683748044435758E-002   1.2244097122495181     
   2.9999999999959011E-002   1.2241815340932998        2.3526359348338837E-002   1.2244075783819750     
   3.9999999999959013E-002   1.2240026227946590        3.1369852947307098E-002   1.2244045443733618     
   4.9999999999959015E-002   1.2237724305639763        3.9214518872057368E-002   1.2244005636632276     
   5.9999999999959017E-002   1.2234908350339719        4.7060643674558054E-002   1.2243955764356509     
   6.9999999999959012E-002   1.2231576868612910        5.4908509567978936E-002   1.2243895096540320     
   7.9999999999959007E-002   1.2227728098544401        6.2758393572890189E-002   1.2243822771026918     
   8.9999999999959002E-002   1.2223360011231352        7.0610566670790714E-002   1.2243737794347229     
   9.9999999999958997E-002   1.2218470312481700        7.8465292965949909E-002   1.2243639042254548     
  0.10999999999995899        1.2213056444708219        8.6322828856445155E-002   1.2243525260308277     
  0.11999999999995899        1.2207115589006670        9.4183422215156215E-002   1.2243395064498470     
  0.12999999999995898        1.2200644667406346       0.10204731158135036        1.2243246941902668     
  0.13999999999995899        1.2193640345280179       0.10991472536334919        1.2243079251365425     
  0.14999999999995900        1.2186099033901254       0.11778588105261838        1.2242890224190659     
  0.15999999999995901        1.2178016893131831       0.12566098444946339        1.2242677964836168     
  0.16999999999995902        1.2169389834230757       0.13354022890034595        1.2242440451599288     
  0.17999999999995903        1.2160213522765289       0.14142379454666443        1.2242175537282640     
  0.18999999999995903        1.2150483381612773       0.14931184758466706        1.2241880949828048     
  0.19999999999995904        1.2140194594038438       0.15720453953598429        1.2241554292907098     
  0.20999999999995905        1.2129342106835637       0.16510200652808449        1.2241193046456538     
  0.21999999999995906        1.2117920633515482       0.17300436858378596        1.2240794567146682     
  0.22999999999995907        1.2105924657533738       0.18091172891876536        1.2240356088771316     
  0.23999999999995908        1.2093348435543678       0.18882417324584269        1.2239874722547790     
  0.24999999999995909        1.2080186000664792       0.19674176908464308        1.2239347457316225     
  0.25999999999995910        1.2066431165758631       0.20466456507508340        1.2238771159627444     
  0.26999999999995911        1.2052077526704752       0.21259259029296995        1.2238142573709836     
  0.27999999999995911        1.2037118465671037       0.22052585356586391        1.2237458321305692     
  0.28999999999995912        1.2021547154375190       0.22846434278723107        1.2236714901369010     
  0.29999999999995913        1.2005356557335645       0.23640802422678947        1.2235908689616943     
  0.30999999999995914        1.1988539435112859       0.24435684183486606        1.2235035937928713     
  0.31999999999995915        1.1971088347544088       0.25231071653849374        1.2234092773586551     
  0.32999999999995916        1.1952995656977388       0.26026954552692844        1.2233075198354650     
  0.33999999999995917        1.1934253531513006       0.26823320152421681        1.2231979087393166     
  0.34999999999995918        1.1914853948263469       0.27620153204644471        1.2230800188006092     
  0.35999999999995919        1.1894788696646068       0.28417435864128970        1.2229534118222898     
  0.36999999999995919        1.1874049381724752       0.29215147610755676        1.2228176365215722     
  0.37999999999995920        1.1852627427620945       0.30013265169240855        1.2226722283555147     
  0.38999999999995921        1.1830514081016383       0.30811762426412881        1.2225167093309768     
  0.39999999999995922        1.1807700414773312       0.31610610345833784        1.2223505877995853     
  0.40999999999995923        1.1784177331701042       0.32409776879575009        1.2221733582385725     
  0.41999999999995924        1.1759935568500395       0.33209226876973347        1.2219845010185013     
  0.42999999999995925        1.1734965699920514       0.34008921990212920        1.2217834821590725     
  0.43999999999995926        1.1709258143165164       0.34808820576604016        1.2215697530743868     
  0.44999999999995927        1.1682803162588580       0.35608877597454641        1.2213427503092438     
  0.45999999999995927        1.1655590874723107       0.36409044513461686        1.2211018952682078     
  0.46999999999995928        1.1627611253683225       0.37209269176579113        1.2208465939393531     
  0.47999999999995929        1.1598854136992898       0.38009495718358177        1.2205762366148054     
  0.48999999999995930        1.1569309231884559       0.38809664434789698        1.2202901976103024     
  0.49999999999995931        1.1538966122120371       0.39609711667720959        1.2199878349862410     
  0.50999999999995926        1.1507814275386856       0.40409569682961888        1.2196684902727422     
  0.51999999999995927        1.1475843051315797       0.41209166545239273        1.2193314882014887     
  0.52999999999995928        1.1443041710184463       0.42008425990206266        1.2189761364471732     
  0.53999999999995929        1.1409399422348732       0.42807267293761614        1.2186017253815420     
  0.54999999999995930        1.1374905278462519       0.43605605138984344        1.2182075278431201     
  0.55999999999995931        1.1339548300536717       0.44403349481040527        1.2177927989258246     
  0.56999999999995932        1.1303317453889352       0.45200405410471062        1.2173567757896988     
  0.57999999999995933        1.1266201660038189       0.45996673015322659        1.2168986774971544     
  0.58999999999995933        1.1228189810584412       0.46792047242637297        1.2164177048780720     
  0.59999999999995934        1.1189270782134340       0.47586417759868360        1.2159130404272025     
  0.60999999999995935        1.1149433452303137       0.48379668816844712        1.2153838482373049     
  0.61999999999995936        1.1108666716841422       0.49171679108955380        1.2148292739714548     
  0.62999999999995937        1.1066959507921994       0.49962321642278384        1.2142484448779411     
  0.63999999999995938        1.1024300813619576       0.50751463601425895        1.2136404698511081     
  0.64999999999995939        1.0980679698612319       0.51538966220925231        1.2130044395414779     
  0.65999999999995940        1.0936085326128158       0.52324684660999010        1.2123394265183554     
  0.66999999999995941        1.0890506981154002       0.53108467888648847        1.2116444854880515     
  0.67999999999995941        1.0843934094919601       0.53890158564987878        1.2109186535707308     
  0.68999999999995942        1.0796356270661596       0.54669592939796618        1.2101609506387345     
  0.69999999999995943        1.0747763310666298       0.55446600754312714        1.2093703797190756     
  0.70999999999995944        1.0698145244582862       0.56221005153287618        1.2085459274626300     
  0.71999999999995945        1.0647492358990869       0.56992622607363486        1.2076865646823374     
  0.72999999999995946        1.0595795228198115       0.57761262846842865        1.2067912469624837     
  0.73999999999995947        1.0543044746237333       0.58526728807929407        1.2058589153409771     
  0.74999999999995948        1.0489232160020865       0.59288816592525584        1.2048884970661697     
  0.75999999999995949        1.0434349103604887       0.60047315442669524        1.2038789064296072     
  0.76999999999995949        1.0378387633505544       0.60802007730684704        1.2028290456757487     
  0.77999999999995950        1.0321340265000678       0.61552668966101787        1.2017378059894319     
  0.78999999999995951        1.0263200009341975       0.62299067820390075        1.2006040685615418     
  0.79999999999995952        1.0203960411793531       0.63040966170505452        1.1994267057330255     
  0.80999999999995953        1.0143615590404140       0.63778119162228075        1.1982045822170919     
  0.81999999999995954        1.0082160275411556       0.64510275294217923        1.1969365563990626     
  0.82999999999995955        1.0019589849169110       0.65237176523666307        1.1956214817130573     
  0.83999999999995956       0.99559003864760465       0.65958558394364653        1.1942582080943049     
  0.84999999999995957       0.98910886951855992       0.66674150187945935        1.1928455835055771     
  0.85999999999995957       0.98251523569565480       0.67383675098983686        1.1913824555358483     
  0.86999999999995958       0.97580897680075074       0.68086850434553492        1.1898676730690072     
  0.87999999999995959       0.96899001797254714       0.68783387838778665        1.1883000880200345     
  0.88999999999995960       0.96205837389748750       0.69472993542788442        1.1866785571358025     
  0.89999999999995961       0.95501415279467761       0.70155368640421478        1.1850019438572577     
  0.90999999999995962       0.94785756033835666       0.70830209389902288        1.1832691202394836     
  0.91999999999995963       0.94058890350095226       0.71497207541612740        1.1814789689257985     
  0.92999999999995964       0.93320859429942971       0.72156050691964002        1.1796303851717476     
  0.93999999999995965       0.92571715342735261       0.72806422663261083        1.1777222789145929     
  0.94999999999995965       0.91811521375483029       0.73448003909327442        1.1757535768835814     
  0.95999999999995966       0.91040352367846489       0.74080471946535853        1.1737232247460700     
  0.96999999999995967       0.90258295030332569       0.74703501809762707        1.1716301892843055     
  0.97999999999995968       0.89465448243906542       0.75316766532655932        1.1694734605974486     
  0.98999999999995969       0.88661923339245841       0.75919937651476610        1.1672520543232470     
  0.99999999999995970       0.87847844353884341       0.76512685731643526        1.1649650138735299     
   1.0099999999999596       0.87023348265537059       0.77094680915980873        1.1626114126775917     
   1.0199999999999596       0.86188585199933343       0.77665593493539919        1.1601903564273390     
   1.0299999999999596       0.85343718611545571       0.78225094487738200        1.1577009853179809     
   1.0399999999999596       0.84488925435662565       0.78772856262436020        1.1551424762779419     
   1.0499999999999596       0.83624396210331176       0.79308553144446914        1.1525140451815765     
   1.0599999999999596       0.82750335166774436       0.79831862060864434        1.1498149490382525     
   1.0699999999999597       0.81866960286985169       0.80342463189472280        1.1470444881512887     
   1.0799999999999597       0.80974503327298353       0.80840040620400300        1.1442020082402680     
   1.0899999999999597       0.80073209806854106       0.81324283027087285        1.1412869025202328     
   1.0999999999999597       0.79163338959983631       0.81794884344518393        1.1382986137313180     
   1.1099999999999597       0.78245163651675864       0.82251544452620529        1.1352366361124429     
   1.1199999999999597       0.77318970255417452       0.82693969862619709        1.1321005173127512     
   1.1299999999999597       0.76385058492838487       0.83121874404098506        1.1288898602346060     
   1.1399999999999597       0.75443741234743644       0.83534979910431217        1.1256043248020642     
   1.1499999999999597       0.74495344263260288       0.83933016900227919        1.1222436296489107     
   1.1599999999999597       0.73540205994991381       0.84315725252378160        1.1188075537204907     
   1.1699999999999597       0.72578677165222039       0.84682854872260449        1.1152959377837728     
   1.1799999999999597       0.71611120473391221       0.85034166346666440        1.1117086858402740     
   1.1899999999999598       0.70637910190207298       0.85369431584986943        1.1080457664367280     
   1.1999999999999598       0.69659431726951493       0.85688434444210992        1.1043072138685710     
   1.2099999999999598       0.68676081167681713       0.85990971335314215        1.1004931292716387     
   1.2199999999999598       0.67688264765216222       0.86276851808640886        1.0966036815976952     
   1.2299999999999598       0.66696398401941670       0.86545899115930380        1.0926391084697329     
   1.2399999999999598       0.65700907016654009       0.86797950746694197        1.0885997169132724     
   1.2499999999999598       0.64702223998800068       0.87032858936719604        1.0844858839602216     
   1.2599999999999598       0.63700790551643738       0.87250491146553466        1.0802980571221623     
   1.2699999999999598       0.62697055026031512       0.87450730507915664        1.0760367547303074     
   1.2799999999999598       0.61691472226576616       0.87633476236089114        1.0717025661396762     
   1.2899999999999598       0.60684502692219477       0.87798644006452753        1.0672961517954525     
   1.2999999999999599       0.59676611953251268       0.87946166293442729        1.0628182431597990     
   1.3099999999999599       0.58668269767010950       0.88075992670364522        1.0582696424978313     
   1.3199999999999599       0.57659949334576177       0.88188090068618885        1.0536512225217949     
   1.3299999999999599       0.56652126500874289       0.88282442995057242        1.0489639258929067     
   1.3399999999999599       0.55645278940728116       0.88359053706340729        1.0442087645806966     
   1.3499999999999599       0.54639885333434879       0.88417942339341715        1.0393868190800799     
   1.3599999999999599       0.53636424528543691       0.88459146996800697        1.0344992374868025     
   1.3699999999999599       0.52635374705556093       0.88482723787626727        1.0295472344322887     
   1.3799999999999599       0.51637212530314558       0.88488746821410491        1.0245320898793049     
   1.3899999999999599       0.50642412310879981       0.88477308156907053        1.0194551477802964     
   1.3999999999999599       0.49651445155713320       0.88448517704427398        1.0143178146005922     
   1.4099999999999600       0.48664778136982972       0.88402503082270556        1.0091215577091113     
   1.4199999999999600       0.47682873461810360       0.88339409427514104        1.0038679036395668     
   1.4299999999999600       0.46706187654243964       0.88259399161670271       0.99855843622556684     
   1.4399999999999600       0.45735170750715548       0.88162651711900497       0.99319479461337190     
   1.4499999999999600       0.44770265511684321       0.88049363188664675       0.98777867115645335     
   1.4599999999999600       0.43811906652111432       0.87919746020861689       0.98231180919635452     
   1.4699999999999600       0.42860520093332949       0.87774028549693073       0.97679600073471495     
   1.4799999999999600       0.41916522238811499       0.87612454582649790       0.97123308400165465     
   1.4899999999999600       0.40980319276147653       0.87435282909186585       0.96562494092605622     
   1.4999999999999600       0.40052306507620977       0.87242786779802928       0.95997349451360248     
   1.5099999999999600       0.39132867711409097       0.87035253350395747       0.95428070613872407     
   1.5199999999999600       0.38222374535501080       0.86812983093888818       0.94854857275692250     
   1.5299999999999601       0.37321185926180112       0.86576289181269594       0.94277912404419106     
   1.5399999999999601       0.36429647592800168       0.86325496834282611       0.93697441947052895     
   1.5499999999999601       0.35548091510423246       0.86060942652135186       0.93113654531478496     
   1.5599999999999601       0.34676835461719435       0.85782973914663341       0.92526761162827775     
   1.5699999999999601       0.33816182619360002       0.85491947864491091       0.91936974915486358     
   1.5799999999999601       0.32966421169958465       0.85188230970782286       0.91344510621527963     
   1.5899999999999601       0.32127823980433462       0.84872198177242653       0.90749584556376162     
   1.5999999999999601       0.31300648307484658       0.84544232137072550       0.90152414122507296     
   1.6099999999999601       0.30485135550686820       0.84204722437599600       0.89553217532018015     
   1.6199999999999601       0.29681511049520287       0.83854064817337637       0.88952213488889953     
   1.6299999999999601       0.28889983924470919       0.83492660378219474       0.88349620871789192     
   1.6399999999999602       0.28110746962144745       0.83120914795742706       0.87745658418242256     
   1.6499999999999602       0.27343976544160947       0.82739237529739462       0.87140544411027587     
   1.6599999999999602       0.26589832619405152       0.82348041038448372       0.86534496367621849     
   1.6699999999999602       0.25848458719048489       0.81947739998513447       0.85927730733531615     
   1.6799999999999602       0.25119982013566827       0.81538750533472670       0.85320462580331868     
   1.6899999999999602       0.24404513410827622       0.81121489453226758       0.84712905309222186     
   1.6999999999999602       0.23702147694154624       0.80696373506890240       0.84105270360893891     
   1.7099999999999602       0.23012963699127126       0.80263818651331020       0.83497766932482076     
   1.7199999999999602       0.22337024527728910       0.79824239337600078       0.82890601702357203     
   1.7299999999999602       0.21674377798326930       0.79378047817332131       0.82283978563480231     
   1.7399999999999602       0.21025055929835887       0.78925653471079382       0.81678098366022411     
   1.7499999999999603       0.20389076458310251       0.78467462160401413       0.81073158669912748     
   1.7599999999999603       0.19766442384102362       0.78003875605400674       0.80469353507946495     
   1.7699999999999603       0.19157142547632550       0.77535290789242173       0.79866873160044616     
   1.7799999999999603       0.18561152031736991       0.77062099391049066       0.79265903939217008     
   1.7899999999999603       0.17978432588490242       0.76584687248407690       0.78666627989734683     
   1.7999999999999603       0.17408933088342837       0.76103433850560342       0.78069223097972562     
   1.8099999999999603       0.16852589989369418       0.75618711863199084       0.77473862516330760     
   1.8199999999999603       0.16309327824391787       0.75130886685617515       0.76880714800595984     
   1.8299999999999603       0.15779059703720391       0.74640316040809163       0.76289943661045168     
   1.8399999999999603       0.15261687831250631       0.74147349598943268       0.75701707827541487     
   1.8499999999999603       0.14757104031654544       0.73652328634487985       0.75116160928815401     
   1.8599999999999604       0.14265190286424037       0.73155585717090599       0.74533451386062066     
   1.8699999999999604       0.13785819276550212       0.72657444436172947       0.73953722320930282     
   1.8799999999999604       0.13318854929660293       0.72158219159047376       0.73377111477915558     
   1.8899999999999604       0.12864152969483911       0.71658214822215360       0.72803751161111518     
   1.8999999999999604       0.12421561465579110       0.71157726755367934       0.72233768185210756     
   1.9099999999999604       0.11990921381316216       0.70657040537478211       0.71667283840590368     
   1.9199999999999604       0.11572067118196142       0.70156431884245107       0.71104413872253802     
   1.9299999999999604       0.11164827054664365       0.69656166566032973       0.70545268472346856     
   1.9399999999999604       0.10769024077674914       0.69156500355339423       0.69989952285907464     
   1.9499999999999604       0.10384476105358635       0.68657679002722127       0.69438564429455163     
   1.9599999999999604       0.10010996599254951       0.68159938240024454       0.68891198521975516     
   1.9699999999999604        9.6483950646777006E-002  0.67663503809654468       0.68347942727804334     
   1.9799999999999605        9.2964775379000122E-002  0.67168591518599940       0.67808879810871492     
   1.9899999999999605        8.9550470589619832E-002  0.66675407315799906       0.67274087199723842     
   1.9999999999999605        8.6239041290258056E-002  0.66184147391436099       0.66743637062704086     
   2.0099999999999603        8.3028471513259691E-002  0.65694998296669471       0.66217596392633327     
   2.0199999999999600        7.9916728548858118E-002  0.65208137082308837       0.65696027100310261     
   2.0299999999999598        7.6901767002957852E-002  0.64723731454879951       0.65178986116118653     
   2.0399999999999596        7.3981532669720795E-002  0.64241939948546534       0.64666525499011218     
   2.0499999999999594        7.1153966214357989E-002  0.63762912111333880       0.64158692552124441     
   2.0599999999999592        6.8417006662731747E-002  0.63286788704109231       0.63655529944266820     
   2.0699999999999590        6.5768594695530327E-002  0.62813701910789399       0.63157075836518561     
   2.0799999999999588        6.3206675745918900E-002  0.62343775558268766       0.62663364013179879     
   2.0899999999999586        6.0729202900652320E-002  0.61877125344592332       0.62174424016309771     
   2.0999999999999583        5.8334139605679299E-002  0.61413859073938204       0.61690281283107229     
   2.1099999999999581        5.6019462178253703E-002  0.60954076897020260       0.61210957285401668     
   2.1199999999999579        5.3783162128498339E-002  0.60497871555574190       0.60736469670537785     
   2.1299999999999577        5.1623248294231108E-002  0.60045328629650063       0.60266832402965664     
   2.1399999999999575        4.9537748793664807E-002  0.59596526786498416       0.59802055905873885     
   2.1499999999999573        4.7524712801319216E-002  0.59151538029906392       0.59342147202236806     
   2.1599999999999571        4.5582212153144244E-002  0.58710427948913191       0.58887110054682335     
   2.1699999999999569        4.3708342787434296E-002  0.58273255964911252       0.58436945103626903     
   2.1799999999999566        4.1901226028623242E-002  0.57840075576218541       0.57991650003165884     
   2.1899999999999564        4.0159009721479594E-002  0.57410934599288765       0.57551219554253674     
   2.1999999999999562        3.8479869223578128E-002  0.56985875405808428       0.57115645834753181     
   2.2099999999999560        3.6862008264203799E-002  0.56564935155014706       0.56684918325986156     
   2.2199999999999558        3.5303659678047501E-002  0.56148146020648138       0.56259024035461713     
   2.2299999999999556        3.3803086022183661E-002  0.55735535412040904       0.55837947615515893     
   2.2399999999999554        3.2358580084883778E-002  0.55327126188919051       0.55421671477641943     
   2.2499999999999551        3.0968465294807342E-002  0.54922936869579686       0.55010175902345493     
   2.2599999999999549        2.9631096039039465E-002  0.54522981832179540       0.54603439144406718     
   2.2699999999999547        2.8344857898310202E-002  0.54127271508946406       0.54201437533482044     
   2.2799999999999545        2.7108167807534455E-002  0.53735812573195851       0.53804145570025064     
   2.2899999999999543        2.5919474149563859E-002  0.53348608119103547       0.53411536016553385     
   2.2999999999999541        2.4777256789747088E-002  0.52965657834245028       0.53023579984329350     
   2.3099999999999539        2.3680027058549019E-002  0.52586958164975883       0.52640247015566521     
   2.3199999999999537        2.2626327689102121E-002  0.52212502474776323       0.52261505161308452     
   2.3299999999999534        2.1614732716145193E-002  0.51842281195735540       0.51887321055163549     
   2.3399999999999532        2.0643847342358031E-002  0.51476281973393057       0.51517659983108866     
   2.3499999999999530        1.9712307777636402E-002  0.51114489805193852       0.51152485949604332     
   2.3599999999999528        1.8818781056357769E-002  0.50756887172845788       0.50791761740280961     
   2.3699999999999526        1.7961964837194054E-002  0.50403454168896333       0.50435448981486819     
   2.3799999999999524        1.7140587189513237E-002  0.50054168617866546       0.50083508196988646     
   2.3899999999999522        1.6353406369906086E-002  0.49709006192298688       0.49735898862139627     
   2.3999999999999519        1.5599210591859763E-002  0.49367940524081771       0.49392579455826835     
   2.4099999999999517        1.4876817791103168E-002  0.49030943311429198       0.49053507510518352     
   2.4199999999999515        1.4185075388654740E-002  0.48697984421882129       0.48718639660726293     
   2.4299999999999513        1.3522860053132049E-002  0.48369031991708045       0.48387931690195668     
   2.4399999999999511        1.2889077463427247E-002  0.48044052522057856       0.48061338578121565     
   2.4499999999999509        1.2282662072421215E-002  0.47723010972231156       0.47738814544682068     
   2.4599999999999507        1.1702576872007710E-002  0.47405870850384735       0.47420313096159639     
   2.4699999999999505        1.1147813159323408E-002  0.47092594301998852       0.47105787069902638     
   2.4799999999999502        1.0617390303741264E-002  0.46783142196395017       0.46795188679358224     
   2.4899999999999500        1.0110355513876290E-002  0.46477474211571440       0.46488469559380613     
   2.4999999999999498        9.6257836035850506E-003  0.46175548917597753       0.46185580811994703     
   2.5099999999999496        9.1627767557091889E-003  0.45877323858779262       0.45886473052764326     
   2.5199999999999494        8.7204642821180362E-003  0.45582755634770911       0.45591096457885238     
   2.5299999999999492        8.2980023784558297E-003  0.45291799980789460       0.45299400812092083     
   2.5399999999999490        7.8945738718833296E-003  0.45004411847040005       0.45011335557436871     
   2.5499999999999488        7.5093879600279679E-003  0.44720545477439744       0.44726849842964556     
   2.5599999999999485        7.1416799393239066E-003  0.44440154487690464       0.44445892575280255     
   2.5699999999999483        6.7907109209227054E-003  0.44163191942718022       0.44168412469970769     
   2.5799999999999481        6.4557675323920023E-003  0.43889610433467630       0.43894358103814135     
   2.5899999999999479        6.1361616034944465E-003  0.43619362153012675       0.43623677967680768     
   2.5999999999999477        5.8312298344399913E-003  0.43352398971907730       0.43356320520003622     
   2.6099999999999475        5.5403334451398206E-003  0.43088672512689824       0.43092234240668759     
   2.6199999999999473        5.2628578041530975E-003  0.42828134223408054       0.42831367685154809     
   2.6299999999999470        4.9982120361999945E-003  0.42570735450040187       0.42573669538728937     
   2.6399999999999468        4.7458286073245072E-003  0.42316427507635967       0.42319088670489008     
   2.6499999999999466        4.5051628870151003E-003  0.42065161750010105       0.42067574187025553     
   2.6599999999999464        4.2756926868328321E-003  0.41816889637795868       0.41819075485466223     
   2.6699999999999462        4.0569177753458450E-003  0.41571562804658979       0.41573542305654748     
   2.6799999999999460        3.8483593694353824E-003  0.41329133121464151       0.41330924781210354     
   2.6899999999999458        3.6495596022988702E-003  0.41089552758184605       0.41091173489212296     
   2.6999999999999456        3.4600809687455269E-003  0.40852774243341344       0.40854239498251788     
   2.7099999999999453        3.2795057486445546E-003  0.40618750520763625       0.40620074414599355     
   2.7199999999999451        3.1074354096464010E-003  0.40387435003466043       0.40388630426240568     
   2.7299999999999449        2.9434899905500874E-003  0.40158781624446555       0.40159860344543419     
   2.7399999999999447        2.7873074669277479E-003  0.39932744884220256       0.39933717643332067     
   2.7499999999999445        2.6385431008494990E-003  0.39709279894918553       0.39710156495157928     
   2.7599999999999443        2.4968687767545688E-003  0.39488342420798450       0.39489131804575212     
   2.7699999999999441        2.3619723257136509E-003  0.39269888915025525       0.39270599238248444     
   2.7799999999999438        2.2335568404902731E-003  0.39053876552615263       0.39054515251741501     
   2.7899999999999436        2.1113399839591649E-003  0.38840263259438845       0.38840837112860910     
   2.7999999999999434        1.9950532935625572E-003  0.38629007737223831       0.38629522921451409     
   2.8099999999999432        1.8844414845768543E-003  0.38420069484505065       0.38420531625568188     
   2.8199999999999430        1.7792617550366175E-003  0.38213408813507316       0.38213823033977740     
   2.8299999999999428        1.6792830951980486E-003  0.38008986862967725       0.38009357824967149     
   2.8399999999999426        1.5842856044426194E-003  0.37806765606932791       0.37807097551469360     
   2.8499999999999424        1.4940598185013308E-003  0.37606707859592908       0.37607004642542058     
   2.8599999999999421        1.4084060498389419E-003  0.37408777276242905       0.37409042401263892     
   2.8699999999999419        1.3271337439655173E-003  0.37212938350484587       0.37213174999141235     
   2.8799999999999417        1.2500608543453552E-003  0.37019156407812004       0.37019367467144065     
   2.8899999999999415        1.1770132384468662E-003  0.36827397595745354       0.36827585683516445     
   2.8999999999999413        1.1078240773328603E-003  0.36637628870702532       0.36637796358531161     
   2.9099999999999411        1.0423333210140672E-003  0.36449817981818078       0.36449967016379997     
   2.9199999999999409        9.8038716160068974E-004  0.36263933451940339       0.36264065974413623     
   2.9299999999999407        9.2183753607337254E-004  0.36079944556055316       0.36080062319963568     
   2.9399999999999404        8.6654166026495141E-004  0.35897821297399990       0.35897925884994442     
   2.9499999999999402        8.1436159540342046E-004  0.35717534381543098       0.35717627218850834     
   2.9599999999999400        7.6516384831074209E-004  0.35539055188721136       0.35539137559374090     
   2.9699999999999398        7.1881900608419889E-004  0.35362355744726276       0.35362428802674323     
   2.9799999999999396        6.7520140582116904E-004  0.35187408690647576       0.35187473471848540     
   2.9899999999999394        6.3418883966425029E-004  0.35014187251771534       0.35014244684941637     
   2.9999999999999392        5.9566229517346689E-004  0.34842665205946660       0.34842716122446382     
   3.0099999999999389        5.5950573075004258E-004  0.34672816851715532       0.34672861994638343     
   3.0199999999999387        5.2560588556908687E-004  0.34504616976511920       0.34504657009036677     
   3.0299999999999385        4.9385212320706882E-004  0.34338040825213778       0.34338076338275619     
   3.0399999999999383        4.6413630789888800E-004  0.34173064069331438       0.34173095588660890     
   3.0499999999999381        4.3635271210968972E-004  0.34009662777099275       0.34009690769674833     
   3.0599999999999379        4.1039795387963669E-004  0.33847813384722603       0.33847838264678176     
   3.0699999999999377        3.8617096218011875E-004  0.33687492669015923       0.33687514803041230     
   3.0799999999999375        3.6357296832682958E-004  0.33528677721648742       0.33528697433917970     
   3.0899999999999372        3.4250752131710117E-004  0.33371345925194895       0.33371363501856555     
   3.0999999999999370        3.2288052480008105E-004  0.33215474931158734       0.33215490624417504     
   3.1099999999999368        3.0460029326078510E-004  0.33061042640128646       0.33061056671948508     
   3.1199999999999366        2.8757762488505436E-004  0.32908027184182198       0.32908039749638351     
   3.1299999999999364        2.7172588849120086E-004  0.32756406911643970       0.32756418181949953     
   3.1399999999999362        2.5696112185324803E-004  0.32606160374268212       0.32606170499503312     
   3.1499999999999360        2.4320213871062486E-004  0.32457266316894989       0.32457275428455923     
   3.1599999999999357        2.3037064174807271E-004  0.32309703669599332       0.32309711882399172     
   3.1699999999999355        2.1839133885124054E-004  0.32163451542328586       0.32163458956764712     
   3.1799999999999353        2.0719205998625994E-004  0.32018489221995838       0.32018495925707707     
   3.1899999999999351        1.9670387211995612E-004  0.31874796171972869       0.31874802241409267     
   3.1999999999999349        1.8686118969076670E-004  0.31732352033901701       0.31732357535715933     
   3.2099999999999347        1.7760187825490294E-004  0.31591136631720340       0.31591141624010588     
   3.2199999999999345        1.6886734906915309E-004  0.31451129977776382       0.31451134511187351     
   3.2299999999999343        1.6060264252904609E-004  0.31312312280882987       0.31312316399583462     
   3.2399999999999340        1.5275649855460001E-004  0.31174663956151555       0.31174667698701353     
   3.2499999999999338        1.4528141220813588E-004  0.31038165636420034       0.31038169036538427     
   3.2599999999999336        1.3813367303224547E-004  0.30902798185081087       0.30902801272327518     
   3.2699999999999334        1.3127338681668424E-004  0.30768542710101360       0.30768545510477946     
   3.2799999999999332        1.2466447872593134E-004  0.30635380579013605       0.30635383115497783     
   3.2899999999999330        1.1827467695909569E-004  0.30503293434654943       0.30503295727669422     
   3.2999999999999328        1.1207547634908030E-004  0.30372263211420303       0.30372265279246446     
   3.3099999999999326        1.0604208155520727E-004  0.30242272151795663       0.30242274010935521     
   3.3199999999999323        1.0015332974408833E-004  0.30113302822936105       0.30113304488427473     
   3.3299999999999321        9.4391592896139449E-005  0.29985338133055744       0.29985339618743939     
   3.3399999999999319        8.8742660110657798E-005  0.29858361347399831       0.29858362666169380     
   3.3499999999999317        8.3195600516718945E-005  0.29732356103577307       0.29732357267546250     
   3.3599999999999315        7.7742607610149331E-005  0.29607306426039393       0.29607307446718689     
   3.3699999999999313        7.2378826058670703E-005  0.29483196739501849       0.29483197627922197     
   3.3799999999999311        6.7102162203092926E-005  0.29360011881120962       0.29360012647929257     
   3.3899999999999308        6.1913079673474972E-005  0.29237737111247636       0.29237737766775351     
   3.3999999999999306        5.6814381700299455E-005  0.29116358122601443       0.29116358676907361     
   3.4099999999999304        5.1810981850433260E-005  0.28995861047722926       0.28995861510612753     
   3.4199999999999302        4.6909665046184607E-005  0.28876232464583179       0.28876232845608762     
   3.4299999999999300        4.2118840833654567E-005  0.28757459400247981       0.28757459708689126     
   3.4399999999999298        3.7448290951787922E-005  0.28639529332517888       0.28639529577349859     
   3.4499999999999296        3.2908913322483978E-005  0.28522430189483944       0.28522430379333924     
   3.4599999999999294        2.8512464619152434E-005  0.28406150346963932       0.28406150490059817     
   3.4699999999999291        2.4271303594207359E-005  0.28290678623805177       0.28290678727920066     
   3.4799999999999289        2.0198137341955817E-005  0.28176004275061789       0.28176004347457567     
   3.4899999999999287        1.6305772646498289E-005  0.28062116983078672       0.28062117030451833     
   3.4999999999999285        1.2606874517989953E-005  0.27949006846533248       0.27949006874965976     
   3.5099999999999283        9.1137339510905611E-006  0.27836664367510244       0.27836664382429444     
   3.5199999999999281        5.8380468483795880E-006  0.27725080436702032       0.27725080442848593     
   3.5299999999999279        2.7907059449919156E-006  0.27614246316848684       0.27614246318258834     
   3.5399999999999276       -1.8392560372712830E-008  0.27504153624548111       0.27504153624548172     
   3.5499999999999274       -2.5805261021407859E-006  0.27394794310583376       0.27394794311798776     
   3.5599999999999272       -4.8883051722757304E-006  0.27286160638929779       0.27286160643308471     
   3.5699999999999270       -6.9358138387489907E-006  0.27178245164616993       0.27178245173466997     
   3.5799999999999268       -8.7187303127692422E-006  0.27071040710632155       0.27071040724672296     
   3.5899999999999266       -1.0234426715862349E-005  0.26964540344060395       0.26964540363482847     
   3.5999999999999264       -1.1482047393609490E-005  0.26858737351665590       0.26858737376208330     
   3.6099999999999262       -1.2462565338503770E-005  0.26753625215119631       0.26753625244146639     
   3.6199999999999259       -1.3178816486797118E-005  0.26649197586091700       0.26649197618678272     
   3.6299999999999257       -1.3635511878869087E-005  0.26545448261409998       0.26545448296430540     
   3.6399999999999255       -1.3839227869512018E-005  0.26442371158506545       0.26442371194721948     
   3.6499999999999253       -1.3798374799231753E-005  0.26339960291353592       0.26339960327495471     
   3.6599999999999251       -1.3523144728092821E-005  0.26238209747093549       0.26238209781942617     
   3.6699999999999249       -1.3025439041272967E-005  0.26137113663557604       0.26137113696013764     
   3.6799999999999247       -1.2318776916639657E-005  0.26036666207858872       0.26036666237000905     
   3.6899999999999245       -1.1418185825333065E-005  0.25936861556234975       0.25936861581368115     
   3.6999999999999242       -1.0340075402027681E-005  0.25837693875301393       0.25837693895991543     
   3.7099999999999240       -9.1020961692956615E-006  0.25739157304864024       0.25739157320957823     
   3.7199999999999238       -7.7229847396925090E-006  0.25641245942421975       0.25641245954052549     
   3.7299999999999236       -6.2223972353907212E-006  0.25543953829475863       0.25543953837054612     
   3.7399999999999234       -4.6207327681021546E-006  0.25447274939739140       0.25447274943934317     
   3.7499999999999232       -2.9389489018537789E-006  0.25351203169329245       0.25351203171032799     
   3.7599999999999230       -1.1983710887685193E-006  0.25255732328998237       0.25255732329282549     
   3.7699999999999227        5.7950189548322797E-007  0.25160856138441012       0.25160856138507748     
   3.7799999999999225        2.3731944608761000E-006  0.25066568222698993       0.25066568223822411     
   3.7899999999999223        4.1614506030315024E-006  0.24972862110657493       0.24972862114124791     
   3.7999999999999221        5.9234281557013980E-006  0.24879731235614697       0.24879731242666017     
   3.8099999999999219        7.6388888961018059E-006  0.24787168937878692       0.24787168949649424     
   3.8199999999999217        9.2883825612944698E-006  0.24695168469332615       0.24695168486800415     
   3.8299999999999215        1.0853422907331414E-005  0.24603722999886002       0.24603723023824814     
   3.8399999999999213        1.2316654042079238E-005  0.24512825625715295       0.24512825656658274     
   3.8499999999999210        1.3662005365416840E-005  0.24422469379178316       0.24422469417391157     
   3.8599999999999208        1.4874833587386999E-005  0.24332647240272479       0.24332647285738282     
   3.8699999999999206        1.5942050424948452E-005  0.24243352149492456       0.24243352201908674     
   3.8799999999999204        1.6852234741900865E-005  0.24154577021930501       0.24154577080718079     
   3.8899999999999202        1.7595728052911226E-005  0.24066314762451491       0.24066314826775764     
   3.8999999999999200        1.8164712494746559E-005  0.23978558281765508       0.23978558350567972     
   3.9099999999999198        1.8553270543659439E-005  0.23891300513213801       0.23891300585253381     
   3.9199999999999195        1.8757425952972011E-005  0.23804534430077537       0.23804534503979638     
   3.9299999999999193        1.8775165570033709E-005  0.23718253063216238       0.23718253137527537     
   3.9399999999999191        1.8606441893619062E-005  0.23632449518839863       0.23632449592086541     
   3.9499999999999189        1.8253156422415263E-005  0.23547116996219891       0.23547117066966922     
   3.9599999999999187        1.7719124039310027E-005  0.23462248805145983       0.23462248872055033     
   3.9699999999999185        1.7010018868044112E-005  0.23377838382939514       0.23377838444823068     
   3.9799999999999183        1.6133302219955607E-005  0.23293879310840557       0.23293879366710049     
   3.9899999999999181        1.5098133424163663E-005  0.23210365329593441       0.23210365378699441     
   3.9999999999999178        1.3915264507584050E-005  0.23127290354064411       0.23127290395927202     
