   0.0000000000000000       0.37179706314330574       -3.6218650734325496E-018  0.37179706314330574     
   1.0000000000000000E-002  0.37179044431296615       -8.4923920334732791E-004  0.37179141422262202     
   2.0000000000000000E-002  0.37177063317730319       -1.6984364612189135E-003  0.37177451281585416     
   2.9999999999999999E-002  0.37173769878950080       -2.5475501552873680E-003  0.37174642797625823     
   4.0000000000000001E-002  0.37169171154134772       -3.3965390248638506E-003  0.37170723009632711     
   5.0000000000000003E-002  0.37163274313623906       -4.2453621675722086E-003  0.37165699088124216     
   6.0000000000000005E-002  0.37156086656196896       -5.0939790398614355E-003  0.37159578332206605     
   7.0000000000000007E-002  0.37147615606331663       -5.9423494573586835E-003  0.37152368166868038     
   8.0000000000000002E-002  0.37137868711467459       -6.7904335950642256E-003  0.37144076140271459     
   8.9999999999999997E-002  0.37126853639220048       -7.6381919873933918E-003  0.37134709920994802     
   9.9999999999999992E-002  0.37114578174631008       -8.4855855280645646E-003  0.37124277295300140     
  0.10999999999999999       0.37101050217362086       -9.3325754698392882E-003  0.37112786164342687     
  0.11999999999999998       0.37086277778907584       -1.0179123424115678E-002  0.37100244541392557     
  0.12999999999999998       0.37070268979788690       -1.1025191360377289E-002  0.37086660549033162     
  0.13999999999999999       0.37053032046745937       -1.1870741605502019E-002  0.37072042416352347     
  0.14999999999999999       0.37034575309911322       -1.2715736842934196E-002  0.37056398476107749     
  0.16000000000000000       0.37014907200000169       -1.3560140111719139E-002  0.37039737161906522     
  0.17000000000000001       0.36994036245474515       -1.4403914805410270E-002  0.37022067005350978     
  0.18000000000000002       0.36971971069719400       -1.5247024670843563E-002  0.37003396633191682     
  0.19000000000000003       0.36948720388211131       -1.6089433806792137E-002  0.36983734764466936     
  0.20000000000000004       0.36924293005691688       -1.6931106662493360E-002  0.36963090207642807     
  0.21000000000000005       0.36898697813337755       -1.7772008036062485E-002  0.36941471857742147     
  0.22000000000000006       0.36871943785931882       -1.8612103072789560E-002  0.36918888693470203     
  0.23000000000000007       0.36844039979043108       -1.9451357263324590E-002  0.36895349774343944     
  0.24000000000000007       0.36814995526207506       -2.0289736441754861E-002  0.36870864237815709     
  0.25000000000000006       0.36784819636111732       -2.1127206783580293E-002  0.36845441296394227     
  0.26000000000000006       0.36753521589790550       -2.1963734803584017E-002  0.36819090234773882     
  0.27000000000000007       0.36721110737822726       -2.2799287353610462E-002  0.36791820406956821     
  0.28000000000000008       0.36687596497547736       -2.3633831620245679E-002  0.36763641233390065     
  0.29000000000000009       0.36652988350276916       -2.4467335122412375E-002  0.36734562198091592     
  0.30000000000000010       0.36617295838526842       -2.5299765708876508E-002  0.36704592845792960     
  0.31000000000000011       0.36580528563261627       -2.6131091555670137E-002  0.36673742779085255     
  0.32000000000000012       0.36542696181146650       -2.6961281163440921E-002  0.36642021655570961     
  0.33000000000000013       0.36503808401813986       -2.7790303354721810E-002  0.36609439185021941     
  0.34000000000000014       0.36463874985149758       -2.8618127271133213E-002  0.36576005126553912     
  0.35000000000000014       0.36422905738587397       -2.9444722370516731E-002  0.36541729285801333     
  0.36000000000000015       0.36380910514425929       -3.0270058424005621E-002  0.36506621512111942     
  0.37000000000000016       0.36337899207161412       -3.1094105513036145E-002  0.36470691695749069     
  0.38000000000000017       0.36293881750832280       -3.1916834026304734E-002  0.36433949765102647     
  0.39000000000000018       0.36248868116397448       -3.2738214656669776E-002  0.36396405683927602     
  0.40000000000000019       0.36202868309120406       -3.3558218398009848E-002  0.36358069448583208     
  0.41000000000000020       0.36155892365977399       -3.4376816542034075E-002  0.36318951085291401     
  0.42000000000000021       0.36107950353094764       -3.5193980675054366E-002  0.36279060647419159     
  0.43000000000000022       0.36059052363202720       -3.6009682674717748E-002  0.36238408212772455     
  0.44000000000000022       0.36009208513104679       -3.6823894706712677E-002  0.36197003880900985     
  0.45000000000000023       0.35958428941194137       -3.7636589221435160E-002  0.36154857770445431     
  0.46000000000000024       0.35906723804963581       -3.8447738950640825E-002  0.36111980016472434     
  0.47000000000000025       0.35854103278567695       -3.9257316904066419E-002  0.36068380767859010     
  0.48000000000000026       0.35800577550395762       -4.0065296366038894E-002  0.36024070184681883     
  0.49000000000000027       0.35746156820681269       -4.0871650892062690E-002  0.35979058435639538     
  0.50000000000000022       0.35690851299123599       -4.1676354305405179E-002  0.35933355695482289     
  0.51000000000000023       0.35634671202557722       -4.2479380693666323E-002  0.35886972142486068     
  0.52000000000000024       0.35577626752636343       -4.3280704405347065E-002  0.35839917955934769     
  0.53000000000000025       0.35519728173549603       -4.4080300046418684E-002  0.35792203313636289     
  0.54000000000000026       0.35460985689769553       -4.4878142476889336E-002  0.35743838389459526     
  0.55000000000000027       0.35401409523831456       -4.5674206807383759E-002  0.35694833350904737     
  0.56000000000000028       0.35341009894135889       -4.6468468395727006E-002  0.35645198356691155     
  0.57000000000000028       0.35279797012791853       -4.7260902843537594E-002  0.35594943554382269     
  0.58000000000000029       0.35217781083487615       -4.8051485992845935E-002  0.35544079078035834     
  0.59000000000000030       0.35154972299389858       -4.8840193922719766E-002  0.35492615045879011     
  0.60000000000000031       0.35091380841082798       -4.9627002945921886E-002  0.35440561558020750     
  0.61000000000000032       0.35027016874535993       -5.0411889605580559E-002  0.35387928694190079     
  0.62000000000000033       0.34961890549100044       -5.1194830671899436E-002  0.35334726511499925     
  0.63000000000000034       0.34896011995550869       -5.1975803138886625E-002  0.35280965042256895     
  0.64000000000000035       0.34829391324152043       -5.2754784221126040E-002  0.35226654291787252     
  0.65000000000000036       0.34762038622762403       -5.3531751350576140E-002  0.35171804236305881     
  0.66000000000000036       0.34693963954969909       -5.4306682173411516E-002  0.35116424820809855     
  0.67000000000000037       0.34625177358265119       -5.5079554546907029E-002  0.35060525957010008     
  0.68000000000000038       0.34555688842253701       -5.5850346536356003E-002  0.35004117521299799     
  0.69000000000000039       0.34485508386895825       -5.6619036412044292E-002  0.34947209352750130     
  0.70000000000000040       0.34414645940783317       -5.7385602646266770E-002  0.34889811251140723     
  0.71000000000000041       0.34343111419455752       -5.8150023910392590E-002  0.34831932975029456     
  0.72000000000000042       0.34270914703752792       -5.8912279071988358E-002  0.34773584239857380     
  0.73000000000000043       0.34198065638197239       -5.9672347191983624E-002  0.34714774716083829     
  0.74000000000000044       0.34124574029414850       -6.0430207521910445E-002  0.34655514027358275     
  0.75000000000000044       0.34050449644602354       -6.1185839501179201E-002  0.34595811748739774     
  0.76000000000000045       0.33975702210009950       -6.1939222754435301E-002  0.34535677404931708     
  0.77000000000000046       0.33900341409481000       -6.2690337088959755E-002  0.34475120468573367     
  0.78000000000000047       0.33824376883014623       -6.3439162492142043E-002  0.34414150358555390     
  0.79000000000000048       0.33747818225370657       -6.4185679129018652E-002  0.34352776438378213     
  0.80000000000000049       0.33670674984711774       -6.4929867339868108E-002  0.34291008014548419     
  0.81000000000000050       0.33592956661277101       -6.5671707637883200E-002  0.34228854335008024     
  0.82000000000000051       0.33514672706093002       -6.6411180706908809E-002  0.34166324587602226     
  0.83000000000000052       0.33435832519728353       -6.7148267399242886E-002  0.34103427898592925     
  0.84000000000000052       0.33356445451074956       -6.7882948733518619E-002  0.34040173331199630     
  0.85000000000000053       0.33276520796168457       -6.8615205892649064E-002  0.33976569884182511     
  0.86000000000000054       0.33196067797045137       -6.9345020221852585E-002  0.33912626490463821     
  0.87000000000000055       0.33115095640639686       -7.0072373226742951E-002  0.33848352015792338     
  0.88000000000000056       0.33033613457708283       -7.0797246571498260E-002  0.33783755257436093     
  0.89000000000000057       0.32951630321795655       -7.1519622077107853E-002  0.33718844942921844     
  0.90000000000000058       0.32869155248233489       -7.2239481719686319E-002  0.33653629728808809     
  0.91000000000000059       0.32786197193176531       -7.2956807628867831E-002  0.33588118199503419     
  0.92000000000000060       0.32702765052670690       -7.3671582086281939E-002  0.33522318866109746     
  0.93000000000000060       0.32618867661757867       -7.4383787524092540E-002  0.33456240165319928     
  0.94000000000000061       0.32534513793616726       -7.5093406523622494E-002  0.33389890458344684     
  0.95000000000000062       0.32449712158733451       -7.5800421814058869E-002  0.33323278029877945     
  0.96000000000000063       0.32364471404111739       -7.6504816271219689E-002  0.33256411087104654     
  0.97000000000000064       0.32278800112510425       -7.7206572916416111E-002  0.33189297758741171     
  0.98000000000000065       0.32192706801722171       -7.7905674915374853E-002  0.33121946094120880     
  0.99000000000000066       0.32106199923876855       -7.8602105577246395E-002  0.33054364062309777     
   1.0000000000000007       0.32019287864787410       -7.9295848353686790E-002  0.32986559551269229     
   1.1000000000000008       0.31129678605495836       -8.6081902210868505E-002  0.32297953943924690     
   1.2000000000000008       0.30208263069789471       -9.2581999429493855E-002  0.31595148739596629     
   1.3000000000000009       0.29262263482580098       -9.8781878923301092E-002  0.30884602315071469     
   1.4000000000000010       0.28298173274917598      -0.10466868829111461       0.30171873554406359     
   1.5000000000000011       0.27321764998459175      -0.11023106001501373       0.29461631125098359     
   1.6000000000000012       0.26338116863415162      -0.11545922042578907       0.28757689679879078     
   1.7000000000000013       0.25351653244545103      -0.12034511247447596       0.28063067957666299     
   1.8000000000000014       0.24366194804785615      -0.12488251385327684       0.27380063402554428     
   1.9000000000000015       0.23385014369106263      -0.12906713416092722       0.26710337853506350     
   2.0000000000000013       0.22410895271466583      -0.13289667818673939       0.26055009069262308     
   2.1000000000000014       0.21446189531891130      -0.13637086651313055       0.25414743315115684     
   2.2000000000000015       0.20492873846700238      -0.13949140902364310       0.24789844904936045     
   2.3000000000000016       0.19552601954252319      -0.14226193111464563       0.24180339402624468     
   2.4000000000000017       0.18626752446081979      -0.14468785609083140       0.23586048072732158     
   2.5000000000000018       0.17716471516272153      -0.14677625013079659       0.23006652060033947     
   2.6000000000000019       0.16822710477550001      -0.14853563820614463       0.22441745609121799     
   2.7000000000000020       0.15946258125616827      -0.14997580040023081       0.21890878357564811     
   2.8000000000000020       0.15087768213037450      -0.15110755826536806       0.21353587316878617     
   2.9000000000000021       0.14247782412490073      -0.15194256031223380       0.20829419579432104     
   3.0000000000000022       0.13426749218628745      -0.15249307461625161       0.20317947057690755     
   3.1000000000000023       0.12625039269767357      -0.15277179504316168       0.19818774688922267     
   3.2000000000000024       0.11842957575101790      -0.15279166592568533       0.19331543546471480     
   3.3000000000000025       0.11080753118275669      -0.15256572832926413       0.18855930215042807     
   3.4000000000000026       0.10338626280101770      -0.15210698945963416       0.18391643640097630     
   3.5000000000000027        9.6167344868034715E-002 -0.15142831538334092       0.17938420476397607     
   3.6000000000000028        8.9151964486661892E-002 -0.15054234611168424       0.17496019760117201     
   3.7000000000000028        8.2340953099523620E-002 -0.14946143126243802       0.17064217530362893     
   3.8000000000000029        7.5734809862120570E-002 -0.14819758395741733       0.16642801842138033     
   3.9000000000000030        6.9333719211249534E-002 -0.14676245031192353       0.16231568452008641     
   4.0000000000000027        6.3137564529398782E-002 -0.14516729178552212       0.15830317324376955     
   4.1000000000000023        5.7145939413494252E-002 -0.14342297774648421       0.15438850001576951     
   4.2000000000000020        5.1358157700295025E-002 -0.14153998580779184       0.15056967803923302     
   4.3000000000000016        4.5773263086368032E-002 -0.13952840777701134       0.14684470773698935     
   4.4000000000000012        4.0390038911255810E-002 -0.13739795938749003       0.14321157246221103     
   4.5000000000000009        3.5207018449486552E-002 -0.13515799231357495       0.13966823917533605     
   4.6000000000000005        3.0222495879522089E-002 -0.13281750729490999       0.13621266277854346     
   4.7000000000000002        2.5434537962888967E-002 -0.13038516748870341       0.13284279288859777     
   4.7999999999999998        2.0840996370400051E-002 -0.12786931142492239       0.12955658197866604     
   4.8999999999999995        1.6439520529393341E-002 -0.12527796515378070       0.12635199400210603     
   4.9999999999999991        1.2227570830571079E-002 -0.12261885334743242       0.12322701280423774     
   5.0999999999999988        8.2024320196238676E-003 -0.11989940925142531       0.12017964981592068     
   5.1999999999999984        4.3612266018423461E-003 -0.11712678348028752       0.11720795069410082     
   5.2999999999999980        7.0092810251575974E-004 -0.11430785172108449       0.11431000072300906     
   5.3999999999999977       -2.7816259521872468E-003 -0.11144922145402736       0.11148392891195893     
   5.4999999999999973       -6.0897214433289198E-003 -0.10855723782542655       0.10872791082120341     
   5.5999999999999970       -9.2267555387664079E-003 -0.10563798881992439       0.10604017021718999     
   5.6999999999999966       -1.2196225100385446E-002 -0.10269730987987695       0.10341897970519118     
   5.7999999999999963       -1.5001715651169577E-002  -9.9740788113085121E-002  0.10086266051368013     
   5.8999999999999959       -1.7646890913319752E-002  -9.6773766218320775E-002   9.8369581614362933E-002
   5.9999999999999956       -2.0135482911307238E-002  -9.3801346243147454E-002   9.5938158357862902E-002
   6.0999999999999952       -2.2471282620225616E-002  -9.0828393271855268E-002   9.3566850790997858E-002
   6.1999999999999948       -2.4658131130085657E-002  -8.7859539123981284E-002   9.1254161800472952E-002
   6.2999999999999945       -2.6699911290573336E-002  -8.4899186126768833E-002   8.8998635202525572E-002
   6.3999999999999941       -2.8600539797879049E-002  -8.1951511008519537E-002   8.6798853870944409E-002
   6.4999999999999938       -3.0363959685097520E-002  -7.9020468944712180E-002   8.4653437969171991E-002
   6.5999999999999934       -3.1994133179855069E-002  -7.6109797775249441E-002   8.2561043327465694E-002
   6.6999999999999931       -3.3495034896688140E-002  -7.3223022399535320E-002   8.0520359984622564E-002
   6.7999999999999927       -3.4870645336708132E-002  -7.0363459346444820E-002   7.8530110896377056E-002
   6.8999999999999924       -3.6124944672706230E-002  -6.7534221508627493E-002   7.6589050799591774E-002
   6.9999999999999920       -3.7261906803552861E-002  -6.4738223025027880E-002   7.4695965212820625E-002
   7.0999999999999917       -3.8285493667118434E-002  -6.1978184291813093E-002   7.2849669549318569E-002
   7.1999999999999913       -3.9199649805644637E-002  -5.9256637079970816E-002   7.1049008317587009E-002
   7.2999999999999909       -4.0008297181234644E-002  -5.6575929737300093E-002   6.9292854386162395E-002
   7.3999999999999906       -4.0715330241878886E-002  -5.3938232453238637E-002   6.7580108292935301E-002
   7.4999999999999902       -4.1324611240007872E-002  -5.1345542566460636E-002   6.5909697583754742E-002
   7.5999999999999899       -4.1839965806157273E-002  -4.8799689897253695E-002   6.4280576169855025E-002
   7.6999999999999895       -4.2265178779992724E-002  -4.6302342089029794E-002   6.2691723698063098E-002
   7.7999999999999892       -4.2603990299880747E-002  -4.3855009945641378E-002   6.1142144931337149E-002
   7.8999999999999888       -4.2860092150650106E-002  -4.1459052753366490E-002   5.9630869139805809E-002
   7.9999999999999885       -4.3037124367346864E-002  -3.9115683578278063E-002   5.8156949503962579E-002
   8.0999999999999890       -4.3138672090898313E-002  -3.6825974531208214E-002   5.6719462532178890E-002
   8.1999999999999886       -4.3168262669845622E-002  -3.4590861993632739E-002   5.5317507494421089E-002
   8.2999999999999883       -4.3129363000789810E-002  -3.2411151798537652E-002   5.3950205873210040E-002
   8.3999999999999879       -4.3025377099109044E-002  -3.0287524360825633E-002   5.2616700831847517E-002
   8.4999999999999876       -4.2859643890735363E-002  -2.8220539752037980E-002   5.1316156698811781E-002
   8.5999999999999872       -4.2635435215529600E-002  -2.6210642714344461E-002   5.0047758466455219E-002
   8.6999999999999869       -4.2355954032819686E-002  -2.4258167608831926E-002   4.8810711301603839E-002
   8.7999999999999865       -4.2024332820045272E-002  -2.2363343293259445E-002   4.7604240065587715E-002
   8.8999999999999861       -4.1643632156025470E-002  -2.0526297924651413E-002   4.6427588841527270E-002
   8.9999999999999858       -4.1216839481047901E-002  -1.8747063682396134E-002   4.5280020467290925E-002
   9.0999999999999854       -4.0746868026690745E-002  -1.7025581407909374E-002   4.4160816073323443E-002
   9.1999999999999851       -4.0236555908929925E-002  -1.5361705157385851E-002   4.3069274625362551E-002
   9.2999999999999847       -3.9688665378631950E-002  -1.3755206664684539E-002   4.2004712472830955E-002
   9.3999999999999844       -3.9105882223919662E-002  -1.2205779711915620E-002   4.0966462904269474E-002
   9.4999999999999840       -3.8490815319096143E-002  -1.0713044405788357E-002   3.9953875711489610E-002
   9.5999999999999837       -3.7845996314908717E-002  -9.2765513582310933E-003   3.8966316764225788E-002
   9.6999999999999833       -3.7173879464829140E-002  -7.8957857701369479E-003   3.8003167596840436E-002
   9.7999999999999829       -3.6476841581894938E-002  -6.5701714173637838E-003   3.7063825008277325E-002
   9.8999999999999826       -3.5757182120415600E-002  -5.2990745382783342E-003   3.6147700675904670E-002
   9.9999999999999822       -3.5017123376627997E-002  -4.0818076222206038E-003   3.5254220783316220E-002
   10.099999999999982       -3.4258810802194596E-002  -2.9176330982880771E-003   3.4382825661611806E-002
   10.199999999999982       -3.3484313424277240E-002  -1.8057669238139317E-003   3.3532969443196850E-002
   10.299999999999981       -3.2695624365885259E-002  -7.4538207188925665E-004   3.2704119726850375E-002
   10.399999999999981       -3.1894661460201715E-002   2.6438808274928806E-004   3.1895757252637477E-002
   10.499999999999980       -3.1083267952715054E-002   1.2244464801237263E-003   3.1107375585268680E-002
   10.599999999999980       -3.0263213285174079E-002   2.1357291943079532E-003   3.0338480804670432E-002
   10.699999999999980       -2.9436193955615867E-002   2.9992023560876813E-003   2.9588591202782840E-002
   10.799999999999979       -2.8603834449032865E-002   3.8158591792851445E-003   2.8857236985959239E-002
   10.899999999999979       -2.7767688233500214E-002   4.5867170908219651E-003   2.8143959982634009E-002
   10.999999999999979       -2.6929238816929456E-002   5.3128149643300064E-003   2.7448313356277995E-002
   11.099999999999978       -2.6089900859853438E-002   5.9952104568350663E-003   2.6769861323860562E-002
   11.199999999999978       -2.5251021339904919E-002   6.6349774477512929E-003   2.6108178880199628E-002
   11.299999999999978       -2.4413880763858350E-002   7.2332035791533404E-003   2.5462851528636171E-002
   11.399999999999977       -2.3579694423257504E-002   7.7909878960492999E-003   2.4833475018421963E-002
   11.499999999999977       -2.2749613689790595E-002   8.3094385851773065E-003   2.4219655089111839E-002
   11.599999999999977       -2.1924727346665406E-002   8.7896708106944658E-003   2.3621007222089242E-002
   11.699999999999976       -2.1106062952323871E-002   9.2328046450232838E-003   2.3037156399187415E-002
   11.799999999999976       -2.0294588232902783E-002   9.6399630930633657E-003   2.2467736868200586E-002
   11.899999999999975       -1.9491212499922188E-002   1.0012270207959749E-002   2.1912391914948978E-002
   11.999999999999975       -1.8696788089756760E-002   1.0350849296631725E-002   2.1370773641467725E-002
   12.099999999999975       -1.7912111821543623E-002   1.0656821213298803E-002   2.0842542749858958E-002
   12.199999999999974       -1.7137926470289933E-002   1.0931302739286438E-002   2.0327368331365364E-002
   12.299999999999974       -1.6374922252056827E-002   1.1175405047424238E-002   1.9824927660269050E-002
   12.399999999999974       -1.5623738318249768E-002   1.1390232249388095E-002   1.9334905992327626E-002
   12.499999999999973       -1.4884964256181037E-002   1.1576880024341769E-002   1.8856996367549912E-002
   12.599999999999973       -1.4159141593228997E-002   1.1736434327228970E-002   1.8390899417224431E-002
   12.699999999999973       -1.3446765302071707E-002   1.1869970175039248E-002   1.7936323175202908E-002
   12.799999999999972       -1.2748285304616268E-002   1.1978550509321062E-002   1.7492982893499067E-002
   12.899999999999972       -1.2064107972393448E-002   1.2063225133162919E-002   1.7060600862306714E-002
   12.999999999999972       -1.1394597621307286E-002   1.2125029720788679E-002   1.6638906234530876E-002
   13.099999999999971       -1.0740077998754007E-002   1.2164984897848296E-002   1.6227634854907136E-002
   13.199999999999971       -1.0100833761226237E-002   1.2184095390419421E-002   1.5826529093732698E-002
   13.299999999999971       -9.4771119406176010E-003   1.2183349240677217E-002   1.5435337685172516E-002
   13.399999999999970       -8.8691233975263656E-003   1.2163717087146956E-002   1.5053815570037401E-002
   13.499999999999970       -8.2770442599464679E-003   1.2126151507428068E-002   1.4681723742878858E-002
   13.599999999999969       -7.7010173458095122E-003   1.2071586421263786E-002   1.4318829103194829E-002
   13.699999999999969       -7.1411535679286936E-003   1.2000936551837463E-002   1.3964904310519610E-002
   13.799999999999969       -6.5975333199748938E-003   1.1915096943191239E-002   1.3619727643158807E-002
   13.899999999999968       -6.0702078422089252E-003   1.1814942531696387E-002   1.3283082860349210E-002
   13.999999999999968       -5.5592005657824455E-003   1.1701327769538753E-002   1.2954759067646709E-002
   14.099999999999968       -5.0645084345168380E-003   1.1575086298224482E-002   1.2634550585384362E-002
   14.199999999999967       -4.5861032031688674E-003   1.1437030670156913E-002   1.2322256820088829E-002
   14.299999999999967       -4.1239327112888502E-003   1.1287952116375443E-002   1.2017682138782963E-002
   14.399999999999967       -3.6779221318753740E-003   1.1128620358586515E-002   1.1720635746139581E-002
   14.499999999999966       -3.2479751941238526E-003   1.0959783463652666E-002   1.1430931564478825E-002
   14.599999999999966       -2.8339753796558604E-003   1.0782167738734088E-002   1.1148388116615502E-002
   14.699999999999966       -2.4357870916975519E-003   1.0596477665305054E-002   1.0872828411567491E-002
   14.799999999999965       -2.0532567967518249E-003   1.0403395870289291E-002   1.0604079833128372E-002
   14.899999999999965       -1.6862141383752656E-003   1.0203583132577484E-002   1.0341974031289983E-002
   14.999999999999964       -1.3344730227328864E-003   9.9976784232151984E-003   1.0086346816485372E-002
   15.099999999999964       -9.9783267565688237E-004   9.7862989775649948E-003   9.8370380565949954E-003
   15.199999999999964       -6.7607867098485350E-004   9.5700403977733179E-003   9.5938915766426054E-003
   15.299999999999963       -3.6898392999838508E-004   9.3494767838997756E-003   9.3567550610923842E-003
   15.399999999999963       -7.6309691824411903E-005   9.1251608920903619E-003   9.1254799586433649E-003
   15.499999999999963        2.0219354529602397E-004   8.8976243182178893E-003   8.8999213894225895E-003
   15.599999999999962        4.6678511192745168E-004   8.6673777054421097E-003   8.6799380544743555E-003
   15.699999999999962        7.1773328456132060E-004   8.4349109741838710E-003   8.4653921474539314E-003
   15.799999999999962        9.5531443191139518E-004   8.2006935730516168E-003   8.2561492684488386E-003
   15.899999999999961        1.1798121903116171E-003   7.9651747492956431E-003   8.0520783398588969E-003
   15.999999999999961        1.3915166681021513E-003   7.7287838374148063E-003   7.8530515242859859E-003
   16.099999999999962        1.5907236788453702E-003   7.4919305645788732E-003   7.6589441443916054E-003
   16.199999999999964        1.7777340031708765E-003   7.2550053715748145E-003   7.4696346046918089E-003
   16.299999999999965        1.9528526790075435E-003   7.0183797480257932E-003   7.2850043152633435E-003
   16.399999999999967        2.1163883199211237E-003   6.7824065806709414E-003   7.1049376173353586E-003
   16.499999999999968        2.2686524612401007E-003   6.5474205135343921E-003   6.9293217107406499E-003
   16.599999999999969        2.4099589336192872E-003   6.3137383188488277E-003   6.7580465831948390E-003
   16.699999999999971        2.5406232636619379E-003   6.0816592776358879E-003   6.5910049413662941E-003
   16.799999999999972        2.6609621011947004E-003   5.8514655688820640E-003   6.4280921436929333E-003
   16.899999999999974        2.7712926727689303E-003   5.6234226662863103E-003   6.2692061348982135E-003
   16.999999999999975        2.8719322609419193E-003   5.3977797415896240E-003   6.1142473821521413E-003
   17.099999999999977        2.9631977088767983E-003   5.1747700735362929E-003   5.9631188128243364E-003
   17.199999999999978        3.0454049497855669E-003   4.9546114615511266E-003   5.8157257537741766E-003
   17.299999999999979        3.1188685607281439E-003   4.7375066432556812E-003   5.6719758721269393E-003
   17.399999999999981        3.1839013402702823E-003   4.5236437149837935E-003   5.5317791174889904E-003
   17.499999999999982        3.2408139094934757E-003   4.3131965544938684E-003   5.3950476655599778E-003
   17.599999999999984        3.2899143358407416E-003   4.1063252451129101E-003   5.2616958631055474E-003
   17.699999999999985        3.3315077792742797E-003   3.9031765005835763E-003   5.1316401742593854E-003
   17.799999999999986        3.3658961602129841E-003   3.7038840899227148E-003   5.0047991281288329E-003
   17.899999999999988        3.3933778487092088E-003   3.5085692616330850E-003   4.8810932676795742E-003
   17.999999999999989        3.4142473743175184E-003   3.3173411666454276E-003   4.7604450998782162E-003
   18.099999999999991        3.4287951561016040E-003   3.1302972794002336E-003   4.6427790470715191E-003
   18.199999999999992        3.4373072522186554E-003   2.9475238165095857E-003   4.5280213995790913E-003
   18.299999999999994        3.4400651285178608E-003   2.7690961524719873E-003   4.4161002694775593E-003
   18.399999999999995        3.4373454455826845E-003   2.5950792319392557E-003   4.3069455455473846E-003
   18.499999999999996        3.4294198636474868E-003   2.4255279780662463E-003   4.2004888493557607E-003
   18.599999999999998        3.4165548648166766E-003   2.2604876965007215E-003   4.0966634924452404E-003
   18.699999999999999        3.3990115920135601E-003   2.0999944745966775E-003   3.9954044345947171E-003
   18.800000000000001        3.3770457040904244E-003   1.9440755754634013E-003   3.8966482431224076E-003
   18.900000000000002        3.3509072465317822E-003   1.7927498264870168E-003   3.8003330531978957E-003
   19.000000000000004        3.3208405371880256E-003   1.6460280019877777E-003   3.7063985291329819E-003
   19.100000000000005        3.2870840664807003E-003   1.5039131997018750E-003   3.6147858266222118E-003
   19.200000000000006        3.2498704115262143E-003   1.3664012108011458E-003   3.5254375559059903E-003
   19.300000000000008        3.2094261636319301E-003   1.2334808831895433E-003   3.4382977458328450E-003
   19.400000000000009        3.1659718686236431E-003   1.1051344778381452E-003   3.3533118087978146E-003
   19.500000000000011        3.1197219794717561E-003   9.8133801794447924E-004   3.2704265065373922E-003
   19.600000000000012        3.0708848206899863E-003   8.6206163072411000E-004   3.1895899167621662E-003
   19.700000000000014        3.0196625639887019E-003   7.4726988166430835E-004   3.1107514006100535E-003
   19.800000000000015        2.9662512146717865E-003   6.3692210108995894E-004   3.0338615709024526E-003
   19.900000000000016        2.9108406082755658E-003   5.3097270291190208E-004   2.9588722611872988E-003
   20.000000000000018        2.8536144169546015E-003   4.2937149544638526E-004   2.8857364955506620E-003
   20.100000000000019        2.7947501651302740E-003   3.3206398421213346E-004   2.8144084591804597E-003
   20.200000000000021        2.7344192539247034E-003   2.3899166662839778E-004   2.7448434696630609E-003
   20.300000000000022        2.6727869939137494E-003   1.5009231855320180E-004   2.6769979489949507E-003
   20.400000000000023        2.6100126457410653E-003   6.5300272616238261E-005   2.6108293962900046E-003
   20.500000000000025        2.5462494681464842E-003  -1.5453311684736955E-005   2.5462963611642456E-003
   20.600000000000026        2.4816447729711674E-003  -9.2240186141290828E-005   2.4833584177791366E-003
   20.700000000000028        2.4163399867133607E-003  -1.6513476024980554E-004   2.4219761395258802E-003
   20.800000000000029        2.3504707182184473E-003  -2.3421385587633377E-004   2.3621110743330433E-003
   20.900000000000031        2.2841668320994143E-003  -2.9955647015043570E-004   2.3037257205822189E-003
   21.000000000000032        2.2175525274927910E-003  -3.6124354655546400E-004   2.2467835036152537E-003
   21.100000000000033        2.1507464217682204E-003  -4.1935775417199751E-004   2.1912487528194932E-003
   21.200000000000035        2.0838616388197916E-003  -4.7398327502012877E-004   2.1370866792770745E-003
   21.300000000000036        2.0170059015784713E-003  -5.2520559943646211E-004   2.0842633539650875E-003
   21.400000000000038        1.9502816283965647E-003  -5.7311132941181646E-004   2.0327456864943374E-003
   21.500000000000039        1.8837860329656690E-003  -6.1778798980673154E-004   1.9825014043742756E-003
   21.600000000000041        1.8176112274406252E-003  -6.5932384735336951E-004   1.9334990327918619E-003
   21.700000000000042        1.7518443284532696E-003  -6.9780773734452815E-004   1.8857078748925500E-003
   21.800000000000043        1.6865675657096720E-003  -7.3332889790316881E-004   1.8390979925506212E-003
   21.900000000000045        1.6218583928770342E-003  -7.6597681171937815E-004   1.7936401876177564E-003
   22.000000000000046        1.5577896004747311E-003  -7.9584105513510876E-004   1.7493059836363063E-003
   22.100000000000048        1.4944294304971501E-003  -8.2301115445205305E-004   1.7060676080063585E-003
   22.200000000000049        1.4318416925047112E-003  -8.4757644933247439E-004   1.6638979745939354E-003
   22.300000000000050        1.3700858809310215E-003  -8.6962596315857650E-004   1.6227706667690340E-003
   22.400000000000052        1.3092172933640920E-003  -8.8924828021155907E-004   1.5826599208619691E-003
   22.500000000000053        1.2492871495702806E-003  -9.0653142952837578E-004   1.5435406100275421E-003
   22.600000000000055        1.1903427110392737E-003  -9.2156277529005927E-004   1.5053882285060701E-003
   22.700000000000056        1.1324274008394828E-003  -9.3442891359362930E-004   1.4681788762721786E-003
   22.800000000000058        1.0755809235819694E-003  -9.4521557545598940E-004   1.4318892440611597E-003
   22.900000000000059        1.0198393853017675E-003  -9.5400753589661581E-004   1.3964965987642863E-003
   23.000000000000060        9.6523541307462512E-004  -9.6088852894381390E-004   1.3619787691844351E-003
   23.100000000000062        9.1179827419630055E-004  -9.6594116840730958E-004   1.3283141321432331E-003
   23.200000000000063        8.5955399476125144E-004  -9.6924687425910695E-004   1.2954815989318700E-003
   23.300000000000065        8.0852547748588681E-004  -9.7088580446319853E-004   1.2634606020972452E-003
   23.400000000000066        7.5873261863068588E-004  -9.7093679209404296E-004   1.2322310825555606E-003
   23.500000000000068        7.1019242388369985E-004  -9.6947728758334066E-004   1.2017734770254152E-003
   23.600000000000069        6.6291912307616329E-004  -9.6658330593419565E-004   1.1720687057722974E-003
   23.700000000000070        6.1692428360946667E-004  -9.6232937874246062E-004   1.1430981606572132E-003
   23.800000000000072        5.7221692247975422E-004  -9.5678851086449098E-004   1.1148436934810598E-003
   23.900000000000073        5.2880361679496937E-004  -9.5003214157212031E-004   1.0872876046178169E-003
   24.000000000000075        4.8668861268586530E-004  -9.4213011003565995E-004   1.0604126319286738E-003
   24.100000000000076        4.4587393252031444E-004  -9.3315062497745856E-004   1.0342019399502940E-003
   24.200000000000077        4.0635948033679922E-004  -9.2316023833914585E-004   1.0086391093498122E-003
   24.300000000000079        3.6814314542042633E-004  -9.1222382280785341E-004   9.8370812664032563E-004
   24.400000000000080        3.3122090395079694E-004  -9.0040455304752904E-004   9.5939337414988621E-004
   24.500000000000082        2.9558691865814654E-004  -8.8776389048387486E-004   9.3567962023808292E-004
   24.600000000000083        2.6123363643000807E-004  -8.7436157149296551E-004   9.1255200975401613E-004
   24.700000000000085        2.2815188381687717E-004  -8.6025559884577081E-004   8.8999605472984294E-004
   24.800000000000086        1.9633096039111669E-004  -8.4550223626296669E-004   8.6799762530422617E-004
   24.900000000000087        1.6575872991898984E-004  -8.3015600593656783E-004   8.4654294087004912E-004
   25.000000000000089        1.3642170931103096E-004  -8.1426968887760790E-004   8.2561856144116566E-004
   25.100000000000090        1.0830515532119293E-004  -7.9789432795112367E-004   8.0521137923263543E-004
   25.200000000000092        8.1393148970110117E-005  -7.8107923346272307E-004   7.8530861044941148E-004
   25.300000000000093        5.5668677672574668E-005  -7.6387199116327738E-004   7.6589778727814792E-004
   25.400000000000095        3.1113715053829900E-005  -7.4631847254134692E-004   7.4696675007720397E-004
   25.500000000000096        7.7092984436187936E-006  -7.2846284727562090E-004   7.2850363975988301E-004
   25.600000000000097       -1.4564395958912590E-005  -7.1034759772238359E-004   7.1049689036589692E-004
   25.700000000000099       -3.5727980252543916E-005  -6.9201353531631927E-004   6.9293522181652510E-004
   25.800000000000100       -5.5802784332697056E-005  -6.7349981876561990E-004   6.7580763284873040E-004
   25.900000000000102       -7.4810787717308330E-005  -6.5484397392556824E-004   6.5910339412380095E-004
   26.000000000000103       -9.2774553692141767E-005  -6.3608191523773655E-004   6.4281204150613358E-004
   26.100000000000104       -1.0971716576459688E-004  -6.1724796862512609E-004   6.2692336950799716E-004
   26.200000000000106       -1.2566216641208755E-004  -5.9837489573662164E-004   6.1142742489619483E-004
   26.300000000000107       -1.4063349810810317E-004  -5.7949391943724069E-004   5.9631450045664414E-004
   26.400000000000109       -1.5465544660639649E-004  -5.6063475044367797E-004   5.8157512891291092E-004
   26.500000000000110       -1.6775258646117342E-004  -5.4182561500819846E-004   5.6720007699525741E-004
   26.600000000000112       -1.7994972875870301E-004  -5.2309328355630927E-004   5.5318033965611260E-004
   26.700000000000113       -1.9127187103366457E-004  -5.0446310018760932E-004   5.3950713442883476E-004
   26.800000000000114       -2.0174414934116919E-004  -4.8595901295142867E-004   5.2617189592576953E-004
   26.900000000000116       -2.1139179245386949E-004  -4.6760360481288752E-004   5.1316627047270642E-004
   27.000000000000117       -2.2024007815129394E-004  -4.4941812522711344E-004   5.0048211087584487E-004
   27.100000000000119       -2.2831429156729949E-004  -4.3142252224323953E-004   4.8811147131838271E-004
   27.200000000000120       -2.3563968555973417E-004  -4.1363547506217046E-004   4.7604660238320982E-004
   27.300000000000122       -2.4224144306512574E-004  -3.9607442697555350E-004   4.6427994619872138E-004
   27.400000000000123       -2.4814464139999562E-004  -3.7875561861608700E-004   4.5280413170463359E-004
   27.500000000000124       -2.5337421846907899E-004  -3.6169412145224504E-004   4.4161197003469906E-004
   27.600000000000126       -2.5795494083994145E-004  -3.4490387146358812E-004   4.3069645001359019E-004
   27.700000000000127       -2.6191137364236421E-004  -3.2839770293535534E-004   4.2005073376492034E-004
   27.800000000000129       -2.6526785225021270E-004  -3.1218738231415821E-004   4.0966815242779984E-004
   27.900000000000130       -2.6804845570271933E-004  -2.9628364206912519E-004   3.9954220197916285E-004
   28.000000000000131       -2.7027698182157425E-004  -2.8069621450568181E-004   3.8966653915931674E-004
   28.100000000000133       -2.7197692397963185E-004  -2.6543386548174690E-004   3.8003497749813052E-004
   28.200000000000134       -2.7317144947673118E-004  -2.5050442797875977E-004   3.7064148343943362E-004
   28.300000000000136       -2.7388337947774436E-004  -2.3591483548253108E-004   3.6148017256123441E-004
   28.400000000000137       -2.7413517046772788E-004  -2.2167115513133231E-004   3.5254530588936994E-004
   28.500000000000139       -2.7394889717890526E-004  -2.0777862059111703E-004   3.4383128630228777E-004
   28.600000000000140       -2.7334623694416220E-004  -1.9424166462018823E-004   3.3533265502476157E-004
   28.700000000000141       -2.7234845543167377E-004  -1.8106395128786245E-004   3.2704408820829009E-004
   28.800000000000143       -2.7097639371541870E-004  -1.6824840781402180E-004   3.1896039359608115E-004
   28.900000000000144       -2.6925045663639250E-004  -1.5579725599858453E-004   3.1107650727046931E-004
   29.000000000000146       -2.6719060240961063E-004  -1.4371204321211840E-004   3.0338749048075862E-004
   29.100000000000147       -2.6481633343221632E-004  -1.3199367292090060E-004   2.9588852654949710E-004
   29.200000000000149       -2.6214668824829526E-004  -1.2064243472169675E-004   2.8857491785518676E-004
   29.300000000000150       -2.5920023462642794E-004  -1.0965803386356714E-004   2.8144208288956811E-004
   29.400000000000151       -2.5599506370641825E-004  -9.9039620235907567E-005   2.7448555338765269E-004
   29.500000000000153       -2.5254878517203780E-004  -8.8785816803695235E-005   2.6770097152862822E-004
   29.600000000000154       -2.4887852340725743E-004  -7.8894747472823323E-005   2.6108408720597537E-004
   29.700000000000156       -2.4500091459385008E-004  -6.9364064370011744E-005   2.5463075536499938E-004
   29.800000000000157       -2.4093210470899247E-004  -6.0190974523552632E-005   2.4833693340620898E-004
   29.900000000000158       -2.3668774838195603E-004  -5.1372265932660701E-005   2.4219867865282862E-004
   30.000000000000160       -2.3228300856978758E-004  -4.2904333014817797E-005   2.3621214588093981E-004
   30.100000000000161       -2.2773255701245682E-004  -3.4783201421963353E-005   2.3037358491066802E-004
   30.200000000000163       -2.2305057542873475E-004  -2.7004552217774574E-005   2.2467933825693053E-004
   30.300000000000164       -2.1825075741473138E-004  -1.9563745409720452E-005   2.1912583883823534E-004
   30.400000000000166       -2.1334631100792514E-004  -1.2455842830824437E-005   2.1370960774218020E-004
   30.500000000000167       -2.0834996188009495E-004  -5.6756303673606896E-006   2.0842725204613702E-004
   30.600000000000168       -2.0327395712357364E-004   7.8236047011310588E-007   2.0327546269184002E-004
   30.700000000000170       -1.9813006959594262E-004   6.9238316338063800E-006   1.9825101241251295E-004
   30.800000000000171       -1.9292960278913981E-004   1.2754698284204346E-005   1.9335075371121869E-004
   30.900000000000173       -1.8768339618981038E-004   1.8281069193321046E-005   1.8857161688916050E-004
   31.000000000000174       -1.8240183109864561E-004   2.3509227804035131E-005   1.8391060812275310E-004
   31.100000000000176       -1.7709483687715932E-004   2.8445613942886099E-005   1.7936480758815366E-004
   31.200000000000177       -1.7177189759145356E-004   3.3096806182838690E-005   1.7493136763220370E-004
   31.300000000000178       -1.6644205902315099E-004   3.7469504851661679E-005   1.7060751098851065E-004
   31.400000000000180       -1.6111393601879025E-004   4.1570515680813240E-005   1.6639052903766964E-004
   31.500000000000181       -1.5579572014965919E-004   4.5406734088937158E-005   1.6227778011044633E-004
   31.600000000000183       -1.5049518765508218E-004   4.8985130093406723E-005   1.5826668783293084E-004
   31.700000000000184       -1.4521970764292555E-004   5.2312733842689357E-005   1.5435473951256834E-004
   31.800000000000185       -1.3997625052208671E-004   5.5396621761686736E-005   1.5053948456411482E-004
   31.900000000000187       -1.3477139664248844E-004   5.8243903301637968E-005   1.4681853297447670E-004
   32.000000000000185       -1.2961134511908505E-004   6.0861708285661925E-005   1.4318955380553285E-004
   32.100000000000186       -1.2450192281713380E-004   6.3257174840488991E-005   1.3965027373393773E-004
   32.200000000000188       -1.1944859347695920E-004   6.5437437904528533E-005   1.3619847562705277E-004
   32.300000000000189       -1.1445646695717399E-004   6.7409618301958005E-005   1.3283199715405296E-004
   32.400000000000190       -1.0953030857625713E-004   6.9180812372191528E-005   1.2954872943138609E-004
   32.500000000000192       -1.0467454853316058E-004   7.0758082143698232E-005   1.2634661570170899E-004
   32.600000000000193       -9.9893291388443716E-005   7.2148446040867721E-005   1.2322365004547027E-004
   32.700000000000195       -9.5190325588271393E-005   7.3358870112320517E-005   1.2017787612434091E-004
   32.800000000000196       -9.0569133014380035E-005   7.4396259768836972E-005   1.1720738595570134E-004
   32.900000000000198       -8.6032898543910344E-005   7.5267452018851761E-005   1.1431031871741466E-004
   33.000000000000199       -8.1584519603783093E-005   7.5979208189281378E-005   1.1148485958214340E-004
   33.100000000000200       -7.7226615705028475E-005   7.6538207119284876E-005   1.0872923858046050E-004
   33.200000000000202       -7.2961537943271981E-005   7.6951038814462416E-005   1.0604172949208447E-004
   33.300000000000203       -6.8791378452236969E-005   7.7224198548843048E-005   1.0342064876449976E-004
   33.400000000000205       -6.4717979797898736E-005   7.7364081401966642E-005   1.0086435445830875E-004
   33.500000000000206       -6.0742944301595721E-005   7.7376977218316113E-005   9.8371245218664233E-005
   33.600000000000207       -5.6867643281077911E-005   7.7269065976281589E-005   9.5939759272112431E-005
   33.700000000000209       -5.3093226199159977E-005   7.7046413553880194E-005   9.3568373448247474E-005
   33.800000000000210       -4.9420629710260089E-005   7.6714967878411733E-005   9.1255602225531263E-005
   33.900000000000212       -4.5850586595791692E-005   7.6280555447312651E-005   8.8999996800723160E-005
   34.000000000000213       -4.2383634579928702E-005   7.5748878207458287E-005   8.6800144181293135E-005
   34.100000000000215       -3.9020125017901958E-005   7.5125510780282934E-005   8.4654666300276122E-005
   34.200000000000216       -3.5760231449562854E-005   7.4415898020128350E-005   8.2562219153002711E-005
   34.300000000000217       -3.2603958011499943E-005   7.3625352893353144E-005   8.0521491955169551E-005
   34.400000000000219       -2.9551147701550188E-005   7.2759054665831946E-005   7.8531206321718740E-005
   34.500000000000220       -2.6601490490077751E-005   7.1822047386601321E-005   7.6590115466011030E-005
   34.600000000000222       -2.3754531272899361E-005   7.0819238655550347E-005   7.4697003418791515E-005
   34.700000000000223       -2.1009677661241773E-005   6.9755398663207981E-005   7.2850684266466292E-005
   34.800000000000225       -1.8366207604580265E-005   6.8635159490821181E-005   7.1050001408198461E-005
   34.900000000000226       -1.5823276842685919E-005   6.7463014659111288E-005   6.9293826831368931E-005
   35.000000000000227       -1.3379926183642484E-005   6.6243318914269053E-005   6.7581060404948352E-005
   35.100000000000229       -1.1035088605025579E-005   6.4980288239933770E-005   6.5910629190333485E-005
   35.200000000000230       -8.7875961758501548E-006   6.3678000084103713E-005   6.4281486769216287E-005
   35.300000000000232       -6.6361867972864390E-006   6.2340393790138047E-005   6.2692612588071024E-005
   35.400000000000233       -4.5795107605232783E-006   6.0971271221208615E-005   6.1143011318841095E-005
   35.500000000000234       -2.6161371205211144E-006   5.9574297567795114E-005   5.9631712235433648E-005
   35.600000000000236       -7.4455988474532366E-007   5.8153002328020965E-005   5.8157768605619524E-005
   35.700000000000237        1.0367959837005438E-006   5.6710780450881985E-005   5.6720257097971234E-005
   35.800000000000239        2.7295687488018893E-006   5.5250893632627547E-005   5.5318277203455632E-005
   35.900000000000240        4.3354542701796368E-006   5.3776471756810315E-005   5.3950950671325858E-005
   36.000000000000242        5.8562005571373144E-006   5.2290514468746266E-005   5.2617420958952159E-005
   36.100000000000243        7.2936025075972216E-006   5.0795892875389026E-005   5.1316852695258174E-005
   36.200000000000244        8.6494968310855664E-006   4.9295351361836566E-005   5.0048431157408732E-005
   36.300000000000246        9.9257571546525323E-006   4.7791509515977448E-005   4.8811361760443634E-005
   36.400000000000247        1.1124289310404342E-005   4.6286864152985847E-005   4.7604869559516101E-005
   36.500000000000249        1.2247026803098471E-005   4.4783791431661595E-005   4.6428198764440328E-005
   36.600000000000250        1.3295926456046642E-005   4.3284549054835960E-005   4.5280612266234891E-005
   36.700000000000252        1.4272964233387891E-005   4.1791278546325572E-005   4.4161391175371073E-005
   36.800000000000253        1.5180131236604832E-005   4.0306007597158203E-005   4.3069834371433568E-005
   36.900000000000254        1.6019429872995239E-005   3.8830652474043388E-005   4.2005258063910812E-005
   37.000000000000256        1.6792870193655440E-005   3.7367020483313467E-005   4.0966995363845390E-005
   37.100000000000257        1.7502466398384739E-005   3.5916812483793440E-005   3.9954395866069197E-005
   37.200000000000259        1.8150233504791611E-005   3.4481625442311830E-005   3.8966825241766191E-005
   37.300000000000260        1.8738184178756918E-005   3.3062955025802950E-005   3.8003664841108214E-005
   37.400000000000261        1.9268325723297088E-005   3.1662198224180108E-005   3.7064311305706822E-005
   37.500000000000263        1.9742657222776142E-005   3.0280655998416959E-005   3.6148176190653105E-005
   37.600000000000264        2.0163166839307306E-005   2.8919535948478094E-005   3.5254685595890069E-005
   37.700000000000266        2.0531829258124693E-005   2.7579954996001127E-005   3.4383279806705942E-005
   37.800000000000267        2.0850603278609582E-005   2.6262942076830032E-005   3.3533412943106371E-005
   37.900000000000269        2.1121429547607891E-005   2.4969440838747943E-005   3.2704552617858840E-005
   38.000000000000270        2.1346228431605979E-005   2.3700312339954295E-005   3.1896179602982132E-005
   38.100000000000271        2.1526898024297902E-005   2.2456337744072140E-005   3.1107787504487678E-005
   38.200000000000273        2.1665312286019645E-005   2.1238221007654823E-005   3.0338882445151873E-005
   38.300000000000274        2.1763319311510370E-005   2.0046591556398204E-005   2.9588982755137358E-005
   38.400000000000276        2.1822739722416905E-005   1.8882006946439978E-005   2.8857618670253446E-005
   38.500000000000277        2.1845365180955166E-005   1.7744955507353037E-005   2.8144332037680821E-005
   38.600000000000279        2.1832957021119132E-005   1.6635858963612778E-005   2.7448676028968152E-005
   38.700000000000280        2.1787244993820349E-005   1.5555075031522038E-005   2.6770214860120756E-005
   38.800000000000281        2.1709926122351058E-005   1.4502899988757940E-005   2.6108523518610849E-005
   38.900000000000283        2.1602663664558335E-005   1.3479571213887020E-005   2.5463187497135554E-005
   39.000000000000284        2.1467086178129526E-005   1.2485269693368014E-005   2.4833802533953061E-005
   39.100000000000286        2.1304786685409799E-005   1.1520122493739232E-005   2.4219974359639016E-005
   39.200000000000287        2.1117321934188910E-005   1.0584205196849774E-005   2.3621318450103455E-005
   39.300000000000288        2.0906211750916473E-005   9.6775442961542674E-006   2.3037459785709577E-005
   39.400000000000290        2.0672938482840544E-005   8.8001195522541764E-006   2.2468032616347962E-005
   39.500000000000291        2.0418946525596291E-005   7.9518663060153969E-006   2.1912680232319914E-005
   39.600000000000293        2.0145641932798616E-005   7.1326777477377269E-006   2.1371054740878066E-005
   39.700000000000294        1.9854392104252269E-005   6.3424071410040929E-006   2.0842816848297029E-005
   39.800000000000296        1.9546525549414652E-005   5.5808699999614369E-006   2.0327635647324785E-005
   39.900000000000297        1.9223331722813808E-005   4.8478462189305014E-006   1.9825188409892564E-005
   40.000000000000298        1.8886060928155769E-005   4.1430821533609700E-006   1.9335160384944058E-005
   40.100000000000300        1.8535924287925393E-005   3.4662926512781117E-006   1.8857244601266832E-005
   40.200000000000301        1.8174093775320052E-005   2.8171630344801350E-006   1.8391141675191575E-005
   40.300000000000303        1.7801702305432496E-005   2.1953510288649087E-006   1.7936559623048642E-005
   40.400000000000304        1.7419843882642910E-005   1.6004886433714944E-006   1.7493213678258569E-005
   40.500000000000306        1.7029573801249464E-005   1.0321839971250044E-006   1.7060826112944327E-005
   40.600000000000307        1.6631908896424337E-005   4.9002309447854883E-007   1.6639126063951837E-005
   40.700000000000308        1.6227827842651335E-005  -2.6428452262684182E-008   1.6227849363172523E-005
   40.800000000000310        1.5818271496859994E-005  -5.1762375255542164E-007   1.5826738372058307E-005
   40.900000000000311        1.5404143283543494E-005  -9.8403301980471925E-007   1.5435541820227892E-005
   41.000000000000313        1.4986309619211324E-005  -1.4261420059737984E-006   1.5054014648062118E-005
   41.100000000000314        1.4565600373597039E-005  -1.8444504884884590E-006   1.4681917853189873E-005
   41.200000000000315        1.4142809365110600E-005  -2.2394708092335386E-006   1.4319018340768658E-005
   41.300000000000317        1.3718694888092996E-005  -2.6117264653667988E-006   1.3965088777465264E-005
   41.400000000000318        1.3293980269502714E-005  -2.9617507516090509E-006   1.3619907449046203E-005
   41.500000000000320        1.2869354452731350E-005  -3.2900854536058879E-006   1.3283258121487563E-005
   41.600000000000321        1.2445472606318421E-005  -3.5972795918978139E-006   1.2954929905518854E-005
   41.700000000000323        1.2022956755402249E-005  -3.8838882159765861E-006   1.2634717124513489E-005
   41.800000000000324        1.1602396433818388E-005  -4.1504712478579960E-006   1.2322419185646037E-005
   41.900000000000325        1.1184349354822847E-005  -4.3975923745470813E-006   1.2017840454233068E-005
   42.000000000000327        1.0769342098490743E-005  -4.6258179887311354E-006   1.1720790131181155E-005
   42.100000000000328        1.0357870813906785E-005  -4.8357161769890155E-006   1.1431082133462925E-005
   42.200000000000330        9.9504019343365466E-006  -5.0278557547699521E-006   1.1148534977548476E-005
   42.300000000000331        9.5473729036320085E-006  -5.2028053473554976E-006   1.0872971665716675E-005
   42.400000000000333        9.1491929121974689E-006  -5.3611325159891173E-006   1.0604219575178563E-005
   42.500000000000334        8.7562436409023417E-006  -5.5034029283230551E-006   1.0342110349939102E-005
   42.600000000000335        8.3688800114013658E-006  -5.6301795723091068E-006   1.0086479795333954E-005
   42.700000000000337        7.9874309413803401E-006  -5.7420220126312861E-006   9.8371677751709746E-006
   42.800000000000338        7.6122001033170849E-006  -5.8394856887604818E-006   9.5940181114160466E-006
   42.900000000000340        7.2434666854049295E-006  -5.9231212536866684E-006   9.3568784863567519E-006
   43.000000000000341        6.8814861533539303E-006  -5.9934739523721243E-006   9.1256003471862058E-006
   43.100000000000342        6.5264910118405335E-006  -6.0510830389489099E-006   8.9000388129429223E-006
   43.200000000000344        6.1786915644433185E-006  -6.0964812316772513E-006   8.6800525837529341E-006
   43.300000000000345        5.8382766709571641E-006  -6.1301942046652367E-006   8.4655038523146351E-006
   43.400000000000347        5.5054145010365205E-006  -6.1527401153454111E-006   8.2562582175707083E-006
   43.500000000000348        5.1802532831784794E-006  -6.1646291666965520E-006   8.0521846005147722E-006
   43.600000000000350        4.8629220481089945E-006  -6.1663632031936228E-006   7.8531551620787989E-006
   43.700000000000351        4.5535313656903165E-006  -6.1584353394671689E-006   7.6590452230499081E-006
   43.800000000000352        4.2521740745224138E-006  -6.1413296206517548E-006   7.4697331859668977E-006
   43.900000000000354        3.9589260034617209E-006  -6.1155207134034649E-006   7.2851004589471663E-006
   44.000000000000355        3.6738466843306442E-006  -6.0814736265697338E-006   7.1050313813966020E-006
   44.100000000000357        3.3969800551417679E-006  -6.0396434604965564E-006   6.9294131515554614E-006
   44.200000000000358        3.1283551532069689E-006  -5.9904751839653702E-006   6.7581357558354463E-006
   44.300000000000360        2.8679867975494082E-006  -5.9344034377562496E-006   6.5910918999033003E-006
   44.400000000000361        2.6158762600802243E-006  -5.8718523638426628E-006   6.4281769414676171E-006
   44.500000000000362        2.3720119250465960E-006  -5.8032354592319868E-006   6.2692888247273112E-006
   44.600000000000364        2.1363699362990278E-006  -5.7289554534749396E-006   6.1143280164399557E-006
   44.700000000000365        1.9089148319678704E-006  -5.6494042088793317E-006   5.9631974435708927E-006
   44.800000000000367        1.6896001661774905E-006  -5.5649626424734261E-006   5.8158024324827112E-006
   44.900000000000368        1.4783691174659547E-006  -5.4760006687799590E-006   5.6720506496289003E-006
   45.000000000000369        1.2751550836135389E-006  -5.3828771624712897E-006   5.5318520437119805E-006
   45.100000000000371        1.0798822626208938E-006  -5.2859399399957226E-006   5.3951187892728747E-006
   45.200000000000372        8.9246621960948499E-007  -5.1855257592748271E-006   5.2617652316733801E-006
   45.300000000000374        7.1281443945245435E-007  -5.0819603365915889E-006   5.1317078334392741E-006
   45.400000000000375        5.4082686497299491E-007  -4.9755583798030035E-006   5.0048651219293020E-006
   45.500000000000377        3.7639642058021836E-007  -4.8666236370289264E-006   4.8811576382979335E-006
   45.600000000000378        2.1940952123908247E-007  -4.7554489599853539E-006   4.7605078877191402E-006
   45.700000000000379        6.9746566701122969E-008  -4.6423163811499829E-006   4.6428402908413799E-006
   45.800000000000381       -7.2717579053237051E-008  -4.5274972039629346E-006   4.5280811364413017E-006
   45.900000000000382       -2.0811312318233888E-007  -4.4112521052883849E-006   4.4161585352489229E-006
   46.000000000000384       -3.3657489416019513E-007  -4.2938312493773392E-006   4.3070023749132421E-006
   46.100000000000385       -4.5824190673788956E-007  -4.1754744125944325E-006   4.2005442760815650E-006
   46.200000000000387       -5.7325694164328664E-007  -4.0564111181888550E-006   4.0967175495643307E-006
   46.300000000000388       -6.8176613995258434E-007  -3.9368607804091127E-006   3.9954571545580731E-006
   46.400000000000389       -7.8391861204694700E-007  -3.8170328572834411E-006   3.8966996579021843E-006
   46.500000000000391       -8.7986606104973657E-007  -3.6971270114032529E-006   3.8003831943416870E-006
   46.600000000000392       -9.6976242062223894E-007  -3.5773332780708012E-006   3.7064474277728384E-006
   46.700000000000394       -1.0537635069789373E-006  -3.4578322401893002E-006   3.6148335134461039E-006
   46.800000000000395       -1.1320266849694554E-006  -3.3387952092956568E-006   3.5254840611040301E-006
   46.900000000000396       -1.2047105480578549E-006  -3.2203844121538482E-006   3.4383430990297265E-006
   47.000000000000398       -1.2719746120188010E-006  -3.1027531823480361E-006   3.3533560389841167E-006
   47.100000000000399       -1.3339790221560376E-006  -2.9860461563339228E-006   3.2704696420099929E-006
   47.200000000000401       -1.3908842738379637E-006  -2.8703994734258701E-006   3.1896319850812370E-006
   47.300000000000402       -1.4428509461338819E-006  -2.7559409792170838E-006   3.1107924285762717E-006
   47.400000000000404       -1.4900394483254090E-006  -2.6427904319494156E-006   3.0339015845556474E-006
   47.500000000000405       -1.5326097790577710E-006  -2.5310597113682517E-006   2.9589112858237314E-006
   47.600000000000406       -1.5707212978879886E-006  -2.4208530296164394E-006   2.8857745557548360E-006
   47.700000000000408       -1.6045325089797654E-006  -2.3122671437408004E-006   2.8144455788656034E-006
   47.800000000000409       -1.6342008566876295E-006  -2.2053915694015897E-006   2.7448796721142784E-006
   47.900000000000411       -1.6598825327675405E-006  -2.1003087953953385E-006   2.6770332569099331E-006
   48.000000000000412       -1.6817322949457607E-006  -1.9970944986168327E-006   2.6108638318129793E-006
   48.100000000000414       -1.6999032965730384E-006  -1.8958177591063548E-006   2.5463299459109625E-006
   48.200000000000415       -1.7145469270876134E-006  -1.7965412748427144E-006   2.4833911728519660E-006
   48.300000000000416       -1.7258126630072444E-006  -1.6993215759620266E-006   2.4220080855204059E-006
   48.400000000000418       -1.7338479291671206E-006  -1.6042092380966671E-006   2.3621422313382827E-006
   48.500000000000419       -1.7387979699193849E-006  -1.5112490945463577E-006   2.3037561081770264E-006
   48.600000000000421       -1.7408057300078746E-006  -1.4204804470091438E-006   2.2468131408649778E-006
   48.700000000000422       -1.7400117448305290E-006  -1.3319372746148352E-006   2.1912776582753214E-006
   48.800000000000423       -1.7365540398017470E-006  -1.2456484410192952E-006   2.1371148709803989E-006
   48.900000000000425       -1.7305680385265528E-006  -1.1616378993326671E-006   2.0842908494583120E-006
   49.000000000000426       -1.7221864794991065E-006  -1.0799248946690386E-006   2.0327725028382935E-006
   49.100000000000428       -1.7115393410386835E-006  -1.0005241641189403E-006   1.9825275581713953E-006
   49.200000000000429       -1.6987537741774945E-006  -9.2344613395997884E-007   1.9335245402135225E-006
   49.300000000000431       -1.6839540432163514E-006  -8.4869711393429887E-007   1.8857327517082334E-006
   49.400000000000432       -1.6672614736662048E-006  -7.7627948843407305E-007   1.8391222541568766E-006
   49.500000000000433       -1.6487944072956252E-006  -7.0619190444927863E-007   1.7936638490639854E-006
   49.600000000000435       -1.6286681640074212E-006  -6.3842945614385565E-007   1.7493290596464244E-006
   49.700000000000436       -1.6069950102696810E-006  -5.7298386593802946E-007   1.7060901129943114E-006
   49.800000000000438       -1.5838841338308751E-006  -5.0984366198648926E-007   1.6639199226732562E-006
   49.900000000000439       -1.5594416244508833E-006  -4.4899435195236457E-007   1.6227920717563090E-006
