   0.0000000000000000       0.36163356446671935      -0.60970593944829710       0.70888656888633128     
   1.0000000000000000E-002  0.36019872714452905      -0.61011924193562628       0.70851154713006770     
   2.0000000000000000E-002  0.35876380943613517      -0.61052940026866653       0.70813672377129633     
   2.9999999999999999E-002  0.35732881779299902      -0.61093641595345083       0.70776209870505935     
   4.0000000000000001E-002  0.35589375866008566      -0.61134029050836136       0.70738767182645390     
   5.0000000000000003E-002  0.35445863847584214      -0.61174102546411180       0.70701344303063351     
   6.0000000000000005E-002  0.35302346367217585      -0.61213862236372563       0.70663941221280602     
   7.0000000000000007E-002  0.35158824067443317      -0.61253308276251761       0.70626557926823563     
   8.0000000000000002E-002  0.35015297590137756      -0.61292440822807281       0.70589194409224132     
   8.9999999999999997E-002  0.34871767576516810      -0.61331260034022761       0.70551850658019788     
   9.9999999999999992E-002  0.34728234667133856      -0.61369766069104914       0.70514526662753529     
  0.10999999999999999       0.34584699501877525      -0.61407959088481523       0.70477222412973883     
  0.11999999999999998       0.34441162719969581      -0.61445839253799506       0.70439937898234906     
  0.12999999999999998       0.34297624959962830      -0.61483406727922807       0.70402673108096181     
  0.13999999999999999       0.34154086859738958      -0.61520661674930521       0.70365428032122834     
  0.14999999999999999       0.34010549056506445      -0.61557604260114696       0.70328202659885475     
  0.16000000000000000       0.33867012186798401      -0.61594234649978497       0.70290996980960252     
  0.17000000000000001       0.33723476886470488      -0.61630553012234113       0.70253810984928844     
  0.18000000000000002       0.33579943790698824      -0.61666559515800679       0.70216644661378402     
  0.19000000000000003       0.33436413533977838      -0.61702254330802364       0.70179497999901619     
  0.20000000000000004       0.33292886750118267      -0.61737637628566222       0.70142370990096681     
  0.21000000000000005       0.33149364072244952      -0.61772709581620255       0.70105263621567271     
  0.22000000000000006       0.33005846132794836      -0.61807470363691341       0.70068175883922590     
  0.23000000000000007       0.32862333563514851      -0.61841920149703178       0.70031107766777323     
  0.24000000000000007       0.32718826995459849      -0.61876059115774273       0.69994059259751640     
  0.25000000000000006       0.32575327058990566      -0.61909887439215860       0.69957030352471228     
  0.26000000000000006       0.32431834383771518      -0.61943405298529897       0.69920021034567248     
  0.27000000000000007       0.32288349598768945      -0.61976612873406978       0.69883031295676334     
  0.28000000000000008       0.32144873332248786      -0.62009510344724283       0.69846061125440617     
  0.29000000000000009       0.32001406211774625      -0.62042097894543558       0.69809110513507722     
  0.30000000000000010       0.31857948864205604      -0.62074375706108986       0.69772179449530691     
  0.31000000000000011       0.31714501915694499      -0.62106343963845201       0.69735267923168121     
  0.32000000000000012       0.31571065991685565      -0.62138002853355168       0.69698375924084055     
  0.33000000000000013       0.31427641716912563      -0.62169352561418101       0.69661503441947947     
  0.34000000000000014       0.31284229715396755      -0.62200393275987464       0.69624650466434801     
  0.35000000000000014       0.31140830610444842      -0.62231125186188807       0.69587816987225004     
  0.36000000000000015       0.30997445024647047      -0.62261548482317741       0.69551002994004463     
  0.37000000000000016       0.30854073579874991      -0.62291663355837867       0.69514208476464534     
  0.38000000000000017       0.30710716897279777      -0.62321469999378609       0.69477433424301982     
  0.39000000000000018       0.30567375597289953      -0.62350968606733248       0.69440677827219055     
  0.40000000000000019       0.30424050299609556      -0.62380159372856736       0.69403941674923464     
  0.41000000000000020       0.30280741623216129      -0.62409042493863620       0.69367224957128337     
  0.42000000000000021       0.30137450186358694      -0.62437618167025977       0.69330527663552255     
  0.43000000000000022       0.29994176606555845      -0.62465886590771291       0.69293849783919226     
  0.44000000000000022       0.29850921500593719      -0.62493847964680360       0.69257191307958710     
  0.45000000000000023       0.29707685484524088      -0.62521502489485203       0.69220552225405629     
  0.46000000000000024       0.29564469173662394      -0.62548850367066888       0.69183932526000269     
  0.47000000000000025       0.29421273182585744      -0.62575891800453476       0.69147332199488365     
  0.48000000000000026       0.29278098125131036      -0.62602626993817967       0.69110751235621126     
  0.49000000000000027       0.29134944614392960      -0.62629056152476015       0.69074189624155125     
  0.50000000000000022       0.28991813262722110      -0.62655179482883983       0.69037647354852383     
  0.51000000000000023       0.28848704681723020      -0.62680997192636689       0.69001124417480297     
  0.52000000000000024       0.28705619482252276      -0.62706509490465390       0.68964620801811760     
  0.53000000000000025       0.28562558274416550      -0.62731716586235564       0.68928136497625003     
  0.54000000000000026       0.28419521667570713      -0.62756618690944821       0.68891671494703666     
  0.55000000000000027       0.28276510270315924      -0.62781216016720798       0.68855225782836860     
  0.56000000000000028       0.28133524690497747      -0.62805508776818908       0.68818799351819004     
  0.57000000000000028       0.27990565535204220      -0.62829497185620375       0.68782392191449993     
  0.58000000000000029       0.27847633410763967      -0.62853181458629948       0.68746004291535090     
  0.59000000000000030       0.27704728922744321      -0.62876561812473808       0.68709635641884936     
  0.60000000000000031       0.27561852675949450      -0.62899638464897412       0.68673286232315578     
  0.61000000000000032       0.27419005274418462      -0.62922411634763398       0.68636956052648457     
  0.62000000000000033       0.27276187321423584      -0.62944881542049336       0.68600645092710399     
  0.63000000000000034       0.27133399419468207      -0.62967048407845616       0.68564353342333584     
  0.64000000000000035       0.26990642170285106      -0.62988912454353341       0.68528080791355617     
  0.65000000000000036       0.26847916174834535      -0.63010473904882092       0.68491827429619434     
  0.66000000000000036       0.26705222033302400      -0.63031732983847788       0.68455593246973356     
  0.67000000000000037       0.26562560345098457      -0.63052689916770543       0.68419378233271133     
  0.68000000000000038       0.26419931708854377      -0.63073344930272435       0.68383182378371743     
  0.69000000000000039       0.26277336722421996      -0.63093698252075470       0.68347005672139716     
  0.70000000000000040       0.26134775982871439      -0.63113750110999212       0.68310848104444777     
  0.71000000000000041       0.25992250086489321      -0.63133500736958803       0.68274709665162125     
  0.72000000000000042       0.25849759628776958      -0.63152950360962612       0.68238590344172223     
  0.73000000000000043       0.25707305204448488      -0.63172099215110200       0.68202490131360971     
  0.74000000000000044       0.25564887407429099      -0.63190947532590047       0.68166409016619578     
  0.75000000000000044       0.25422506830853242      -0.63209495547677363       0.68130346989844581     
  0.76000000000000045       0.25280164067062821      -0.63227743495732003       0.68094304040937925     
  0.77000000000000046       0.25137859707605426      -0.63245691613196098       0.68058280159806828     
  0.78000000000000047       0.24995594343232491      -0.63263340137592028       0.68022275336363880     
  0.79000000000000048       0.24853368563897579      -0.63280689307520155       0.67986289560527036     
  0.80000000000000049       0.24711182958754568      -0.63297739362656591       0.67950322822219522     
  0.81000000000000050       0.24569038116155911      -0.63314490543751067       0.67914375111369940     
  0.82000000000000051       0.24426934623650837      -0.63330943092624681       0.67878446417912197     
  0.83000000000000052       0.24284873067983653      -0.63347097252167728       0.67842536731785563     
  0.84000000000000052       0.24142854035091924      -0.63362953266337430       0.67806646042934582     
  0.85000000000000053       0.24000878110104765      -0.63378511380155789       0.67770774341309126     
  0.86000000000000054       0.23858945877341090      -0.63393771839707380       0.67734921616864430     
  0.87000000000000055       0.23717057920307899      -0.63408734892137042       0.67699087859560980     
  0.88000000000000056       0.23575214821698515      -0.63423400785647766       0.67663273059364626     
  0.89000000000000057       0.23433417163390863      -0.63437769769498398       0.67627477206246478     
  0.90000000000000058       0.23291665526445776      -0.63451842094001509       0.67591700290182999     
  0.91000000000000059       0.23149960491105259      -0.63465618010521052       0.67555942301155925     
  0.92000000000000060       0.23008302636790773      -0.63479097771470216       0.67520203229152298     
  0.93000000000000060       0.22866692542101594      -0.63492281630309166       0.67484483064164458     
  0.94000000000000061       0.22725130784813030      -0.63505169841542841       0.67448781796190060     
  0.95000000000000062       0.22583617941874762      -0.63517762660718635       0.67413099415231981     
  0.96000000000000063       0.22442154589409172      -0.63530060344424311       0.67377435911298478     
  0.97000000000000064       0.22300741302709681      -0.63542063150285610       0.67341791274403040     
  0.98000000000000065       0.22159378656239015      -0.63553771336964082       0.67306165494564452     
  0.99000000000000066       0.22018067223627569      -0.63565185164154869       0.67270558561806792     
   1.0000000000000007       0.21876807577671742      -0.63576304892584379       0.67234970466159383     
   1.1000000000000008       0.20467184799765656      -0.63671384837705147       0.66880123360972554     
   1.2000000000000008       0.19063364507840871      -0.63737349276445510       0.66527149038166489     
   1.3000000000000009       0.17665905482428126      -0.63774475597525027       0.66176037613726912     
   1.4000000000000010       0.16275357812590621      -0.63783051003104063       0.65826779255804613     
   1.5000000000000011       0.14892262744528417      -0.63763372278655894       0.65479364184440059     
   1.6000000000000012       0.13517152535681357      -0.63715745561029957       0.65133782671289597     
   1.7000000000000013       0.12150550314336943      -0.63640486104827587       0.64790025039352983     
   1.8000000000000014       0.10792969944747263      -0.63537918047211372       0.64448081662702472     
   1.9000000000000015        9.4449158977564854E-002 -0.63408374171268200       0.64107942966213205     
   2.0000000000000013        8.1068831269380859E-002 -0.63252195668045907       0.63769599425295109     
   2.1000000000000014        6.7793569502384465E-002 -0.63069731897382630       0.63433041565626269     
   2.2000000000000015        5.4628129371211621E-002 -0.62861340147646771       0.63098259962887460     
   2.3000000000000016        4.1577168012038798E-002 -0.62627385394505741       0.62765245242498369     
   2.4000000000000017        2.8645242983774841E-002 -0.62368240058839730       0.62433988079355107     
   2.5000000000000018        1.5836811303945764E-002 -0.62084283763916526       0.62104479197568974     
   2.6000000000000019        3.1562285391251040E-003 -0.61775903091942630       0.61776709370206817     
   2.7000000000000020       -9.3922520502641351E-003 -0.61443491340104306       0.61450669419032611     
   2.8000000000000020       -2.1804480310970296E-002 -0.61087448276212053       0.61126350214250469     
   2.9000000000000021       -3.4076409943973367E-002 -0.60708179894060277       0.60803742674248940     
   3.0000000000000022       -4.6204099197823055E-002 -0.60306098168613398       0.60482837765346786     
   3.1000000000000023       -5.8183711508513904E-002 -0.59881620811128211       0.60163626501539968     
   3.2000000000000024       -7.0011516086177811E-002 -0.59435171024321165       0.59846099944249986     
   3.3000000000000025       -8.1683888448894820E-002 -0.58967177257688697       0.59530249202073682     
   3.4000000000000026       -9.3197310903943550E-002 -0.58478072963086269       0.59216065430534170     
   3.5000000000000027      -0.10454837297683058      -0.57968296350672022       0.58903539831833196     
   3.6000000000000028      -0.11573377178846157      -0.57438290145318660       0.58592663654604815     
   3.7000000000000028      -0.12675031238083143      -0.56888501343596121       0.58283428193670295     
   3.8000000000000029      -0.13759490799163251      -0.56319380971426503       0.57975824789794372     
   3.9000000000000030      -0.14826458027819750      -0.55731383842511084       0.57669844829442762     
   4.0000000000000027      -0.15875645949121117      -0.55124968317628054       0.57365479744540993     
   4.1000000000000023      -0.16906778459864305      -0.54500596064897944       0.57062721012234430     
   4.2000000000000020      -0.17919590336037061      -0.53858731821112538       0.56761560154649671     
   4.3000000000000016      -0.18913827235397962      -0.53199843154221427       0.56461988738657110     
   4.4000000000000012      -0.19889245695224256      -0.52524400227068890       0.56163998375634827     
   4.5000000000000009      -0.20845613125279547      -0.51832875562472236       0.55867580721233656     
   4.6000000000000005      -0.21782707796054671      -0.51125743809731228       0.55572727475143524     
   4.7000000000000002      -0.22700318822336824      -0.50403481512656712       0.55279430380861072     
   4.7999999999999998      -0.23598246142163168      -0.49666566879204699       0.54987681225458418     
   4.8999999999999995      -0.24476300491216943      -0.48915479552800911       0.54697471839353151     
   4.9999999999999991      -0.25334303372725442      -0.48150700385438866       0.54408794096079638     
   5.0999999999999988      -0.26172087022920298      -0.47372711212633012       0.54121639912061414     
   5.1999999999999984      -0.26989494372122275      -0.46581994630306761       0.53836001246384813     
   5.2999999999999980      -0.27786379001513523      -0.45779033773693700       0.53551870100573895     
   5.3999999999999977      -0.28562605095662069      -0.44964312098328191       0.53269238518366335     
   5.4999999999999973      -0.29318047390864227      -0.44138313163200116       0.52988098585490739     
   5.5999999999999970      -0.30052591119371264      -0.43301520416147116       0.52708442429445002     
   5.6999999999999966      -0.30766131949569170      -0.42454416981554699       0.52430262219275814     
   5.7999999999999963      -0.31458575922179616      -0.41597485450434707       0.52153550165359464     
   5.8999999999999959      -0.32129839382552799      -0.40731207672948894       0.51878298519183641     
   5.9999999999999956      -0.32779848909123016      -0.39856064553443943       0.51604499573130480     
   6.0999999999999952      -0.33408541238098688      -0.38972535848062095       0.51332145660260742     
   6.1999999999999948      -0.34015863184460449      -0.38081099964989062       0.51061229154099119     
   6.2999999999999945      -0.34601771559340017      -0.37182233767400480       0.50791742468420675     
   6.3999999999999941      -0.35166233083855453      -0.36276412379164752       0.50523678057038435     
   6.4999999999999938      -0.35709224299477471      -0.35364108993359422       0.50257028413592031     
   6.5999999999999934      -0.36230731475003158      -0.34445794683656156       0.49991786071337552     
   6.6999999999999931      -0.36730750510213905      -0.33521938218627012       0.49727943602938429     
   6.7999999999999927      -0.37209286836295036      -0.32593005879023451       0.49465493620257511     
   6.8999999999999924      -0.37666355313094801      -0.31659461278077727       0.49204428774150077     
   6.9999999999999920      -0.38101980123302193      -0.30721765184873512       0.48944741754258153     
   7.0999999999999917      -0.38516194663621772      -0.29780375350832261       0.48686425288805751     
   7.1999999999999913      -0.38909041433025926      -0.28835746339358498       0.48429472144395247     
   7.2999999999999909      -0.39280571918164342      -0.27888329358686176       0.48173875125804838     
   7.3999999999999906      -0.39630846476011117      -0.26938572097966562       0.47919627075787069     
   7.4999999999999902      -0.39959934213830850      -0.25986918566635137       0.47666720874868407     
   7.5999999999999899      -0.40267912866544342      -0.25033808937094798       0.47415149441149868     
   7.6999999999999895      -0.40554868671575900      -0.24079679390749278       0.47164905730108736     
   7.7999999999999892      -0.40820896241263893      -0.23124961967419683       0.46915982734401285     
   7.8999999999999888      -0.41066098432916359      -0.22170084418175234       0.46668373483666559     
   7.9999999999999885      -0.41290586216594122      -0.21215470061606934       0.46422071044331192     
   8.0999999999999890      -0.41494478540703561      -0.20261537643571442       0.46177068519415249     
   8.1999999999999886      -0.41677902195481376      -0.19308701200430964       0.45933359048339101     
   8.2999999999999883      -0.41840991674454120      -0.18357369925811901       0.45690935806731320     
   8.3999999999999879      -0.41983889033954486      -0.17407948040905091       0.45449792006237555     
   8.4999999999999876      -0.42106743750777481      -0.16460834668326585       0.45209920894330496     
   8.5999999999999872      -0.42209712578058256      -0.15516423709558083       0.44971315754120711     
   8.6999999999999869      -0.42292959399454511      -0.14575103725982838       0.44733969904168652     
   8.7999999999999865      -0.42356655081715366      -0.13637257823531884       0.44497876698297478     
   8.8999999999999861      -0.42400977325718886      -0.12703263540953835       0.44263029525407022     
   8.9999999999999858      -0.42426110516060217      -0.11773492741718707       0.44029421809288599     
   9.0999999999999854      -0.42432245569271909      -0.10848311509566148       0.43797047008440887     
   9.1999999999999851      -0.42419579780757899       -9.9280800477051082E-002  0.43565898615886767     
   9.2999999999999847      -0.42388316670522308       -9.0131525816712743E-002  0.43335970158991099     
   9.3999999999999844      -0.42338665827773753       -8.1038772658468469E-002  0.43107255199279465     
   9.4999999999999840      -0.42270842754485771       -7.2005960936450411E-002  0.42879747332257900     
   9.5999999999999837      -0.42185068707993317       -6.3036448113605051E-002  0.42653440187233538     
   9.6999999999999833      -0.42081570542704982       -5.4133528356854345E-002  0.42428327427136214     
   9.7999999999999829      -0.41960580551010290       -4.5300431748884644E-002  0.42204402748341041     
   9.8999999999999826      -0.41822336303460533       -3.6540323536534899E-002  0.41981659880491856     
   9.9999999999999822      -0.41667080488301600       -2.7856303415723566E-002  0.41760092586325676     
   10.099999999999982      -0.41495060750436347       -1.9251404852847948E-002  0.41539694661498000     
   10.199999999999982      -0.41306529529893665       -1.0728594442574419E-002  0.41320459934409126     
   10.299999999999981      -0.41101743899880772       -2.2907713019128116E-003  0.41102382266031284     
   10.399999999999981      -0.40880965404494574        6.0592334995315010E-003  0.40885455549736766     
   10.499999999999980      -0.40644459896167390        1.4318657473260700E-002  0.40669673711126880     
   10.599999999999980      -0.40392497372921660        2.2484807209690164E-002  0.40455030707861944     
   10.699999999999980      -0.40125351815507365        3.0555058840205720E-002  0.40241520529491981     
   10.799999999999979      -0.39843301024495442        3.8526858463655646E-002  0.40029137197288489     
   10.899999999999979      -0.39546626457399542        4.6397722537454535E-002  0.39817874764076994     
   10.999999999999979      -0.39235613065897768        5.4165238233502513E-002  0.39607727314070529     
   11.099999999999978      -0.38910549133225120        6.1827063759136110E-002  0.39398688962703937     
   11.199999999999978      -0.38571726111806875        6.9380928643331077E-002  0.39190753856469185     
   11.299999999999978      -0.38219438461201766        7.6824633988399393E-002  0.38983916172751348     
   11.399999999999977      -0.37853983486423498        8.4156052687436547E-002  0.38778170119665639     
   11.499999999999977      -0.37475661176707914        9.1373129607774536E-002  0.38573509935895184     
   11.599999999999977      -0.37084774044792235        9.8473881740727992E-002  0.38369929890529703     
   11.699999999999976      -0.36681626966772141       0.10545639831791366       0.38167424282905044     
   11.799999999999976      -0.36266527022601142       0.11231884089444705       0.37965987442443533     
   11.899999999999975      -0.35839783337295988       0.11905944339933164       0.37765613728495206     
   11.999999999999975      -0.35401706922910814       0.12567651215335549       0.37566297530179849     
   12.099999999999975      -0.34952610521341632       0.13216842585483909       0.37368033266229878     
   12.199999999999974      -0.34492808448021917       0.13853363553357148       0.37170815384834061     
   12.299999999999974      -0.34022616436568948       0.14477066447329259       0.36974638363482043     
   12.399999999999974      -0.33542351484439287       0.15087810810309041       0.36779496708809717     
   12.499999999999973      -0.33052331699651244       0.15685463385808240       0.36585384956445399     
   12.599999999999973      -0.32552876148630538       0.16269898100976862       0.36392297670856805     
   12.699999999999973      -0.32044304705234505       0.16840996046645440       0.36200229445198845     
   12.799999999999972      -0.31526937901009355       0.17398645454413733       0.36009174901162228     
   12.899999999999972      -0.31001096776733272       0.17942741670828069       0.35819128688822849     
   12.999999999999972      -0.30467102735297685       0.18473187128688542       0.35630085486491997     
   13.099999999999971      -0.29925277395977423       0.18989891315529331       0.35442040000567315     
   13.199999999999971      -0.29375942450139397       0.19492770739316018       0.35254986965384577     
   13.299999999999971      -0.28819419518438683       0.19981748891403736       0.35068921143070242     
   13.399999999999970      -0.28256030009549016       0.20456756206802107       0.34883837323394784     
   13.499999999999970      -0.27686094980474207       0.20917730021792177       0.34699730323626793     
   13.599999999999969      -0.27109934998485469       0.21364614528942288       0.34516594988387822     
   13.699999999999969      -0.26527870004728343       0.21797360729570275       0.34334426189508077     
   13.799999999999969      -0.25940219179542018       0.22215926383699466       0.34153218825882775     
   13.899999999999968      -0.25347300809532586       0.22620275957557165       0.33972967823329331     
   13.999999999999968      -0.24749432156440035       0.23010380568664915       0.33793668134445243     
   14.099999999999968      -0.24146929327838651       0.23386217928569525       0.33615314738466767     
   14.199999999999967      -0.23540107149707939       0.23747772283265775       0.33437902641128331     
   14.299999999999967      -0.22929279040911169       0.24095034351360703       0.33261426874522693     
   14.399999999999967      -0.22314756889616635       0.24428001260030857       0.33085882496961783     
   14.499999999999966      -0.21696850931695691       0.24746676478824278       0.32911264592838407     
   14.599999999999966      -0.21075869631130706       0.25051069751358490       0.32737568272488504     
   14.699999999999966      -0.20452119562464285       0.25341197024967510       0.32564788672054307     
   14.799999999999965      -0.19825905295320323       0.25617080378350038       0.32392920953348076     
   14.899999999999965      -0.19197529281026254       0.25878747947272002       0.32221960303716707     
   14.999999999999964      -0.18567291741363892       0.26126233848376806       0.32051901935906857     
   15.099999999999964      -0.17935490559476228       0.26359578101156733       0.31882741087930982     
   15.199999999999964      -0.17302421172955298       0.26578826548139278       0.31714473022933948     
   15.299999999999963      -0.16668376469135235       0.26784030773342726       0.31547093029060402     
   15.399999999999963      -0.16033646682614031       0.26975248019054748       0.31380596419322832     
   15.499999999999963      -0.15398519295025145       0.27152541100988870       0.31214978531470294     
   15.599999999999962      -0.14763278937080127       0.27315978321873086       0.31050234727857923     
   15.699999999999962      -0.14128207292901279       0.27465633383525245       0.30886360395316981     
   15.799999999999962      -0.13493583006662374       0.27601585297470288       0.30723350945025768     
   15.899999999999961      -0.12859681591554842       0.27723918294153660       0.30561201812381045     
   15.999999999999961      -0.12226775341094502       0.27832721730806292       0.30399908456870284     
   16.099999999999962      -0.11595133242783909       0.27928089998015604       0.30239466361944478     
   16.199999999999964      -0.10965020894143421       0.28010122425057610       0.30079871034891703     
   16.299999999999965      -0.10336700421122968       0.28078923184044963       0.29921118006711273     
   16.399999999999967       -9.7104303989058102E-002  0.28134601192945713       0.29763202831988639     
   16.499999999999968       -9.0864657751137071E-002  0.28177270017527434       0.29606121088770870     
   16.599999999999969       -8.4650577954226258E-002  0.28207047772281368       0.29449868378442862     
   16.699999999999971       -7.8464539315958717E-002  0.28224057020381144       0.29294440325604149     
   16.799999999999972       -7.2308978119413933E-002  0.28228424672730268       0.29139832577946390     
   16.899999999999974       -6.6186291541982967E-002  0.28220281886152665       0.28986040806131491     
   16.999999999999975       -6.0098837008565303E-002  0.28199763960780239       0.28833060703670377     
   17.099999999999977       -5.4048931569130404E-002  0.28167010236691092       0.28680887986802400     
   17.199999999999978       -4.8038851300657270E-002  0.28122163989852150       0.28529518394375386     
   17.299999999999979       -4.2070830733463460E-002  0.28065372327419252       0.28378947687726330     
   17.399999999999981       -3.6147062301918526E-002  0.27996786082447794       0.28229171650562657     
   17.499999999999982       -3.0269695819526782E-002  0.27916559708066696       0.28080186088844206     
   17.599999999999984       -2.4440837978358058E-002  0.27824851171167875       0.27931986830665767     
   17.699999999999985       -1.8662551872786436E-002  0.27721821845663502       0.27784569726140274     
   17.799999999999986       -1.2936856547494907E-002  0.27607636405362496       0.27637930647282571     
   17.899999999999988       -7.2657265696889090E-003  0.27482462716517764       0.27492065487893846     
   17.999999999999989       -1.6510916254515570E-003  0.27346471730094984       0.27346970163446638     
   18.099999999999991        3.9051638598317441E-003  0.27199837373813440       0.27202640610970469     
   18.199999999999992        9.4012010770699126E-003  0.27042736444009002       0.27059072788938054     
   18.299999999999994        1.4835227165175590E-002  0.26875348497368917       0.26916262677152142     
   18.399999999999995        2.0205495518995219E-002  0.26697855742587473       0.26774206276632967     
   18.499999999999996        2.5510306073570358E-002  0.26510442931991240       0.26632899609506222     
   18.599999999999998        3.0748005564858613E-002  0.26313297253182133       0.26492338718891695     
   18.699999999999999        3.5916987767043398E-002  0.26106608220745847       0.26352519668792473     
   18.800000000000001        4.1015693706575311E-002  0.25890567568072881       0.26213438543984713     
   18.900000000000002        4.6042611853096750E-002  0.25665369139338651       0.26075091449908017     
   19.000000000000004        5.0996278287405425E-002  0.25431208781688808       0.25937474512556363     
   19.100000000000005        5.5875276846628838E-002  0.25188284237675135       0.25800583878369648     
   19.200000000000006        6.0678239246782138E-002  0.24936795037986884       0.25664415714125749     
   19.300000000000008        6.5403845182894590E-002  0.24676942394521903       0.25528966206833226     
   19.400000000000009        7.0050822406897320E-002  0.24408929093840967       0.25394231563624498     
   19.500000000000011        7.4617946783469447E-002  0.24132959391048672       0.25260208011649687     
   19.600000000000012        7.9104042324053589E-002  0.23849238904142889       0.25126891797970941     
   19.700000000000014        8.3507981199252762E-002  0.23557974508874752       0.24994279189457339     
   19.800000000000015        8.7828683729832061E-002  0.23259374234160132       0.24862366472680369     
   19.900000000000016        9.2065118356553705E-002  0.22953647158082996       0.24731149953809953     
   20.000000000000018        9.6216301589083050E-002  0.22641003304530277       0.24600625958510991     
   20.100000000000019       0.10028129793420520       0.22321653540497396       0.24470790831840483     
   20.200000000000021       0.10425921980360592       0.21995809474102546       0.24341640938145181     
   20.300000000000022       0.10814922740146975       0.21663683353347432       0.24213172660959792     
   20.400000000000023       0.11195052859215811       0.21325487965661261       0.24085382402905695     
   20.500000000000025       0.11566237874823693       0.20981436538264059       0.23958266585590207     
   20.600000000000026       0.11928408057912454       0.20631742639384840       0.23831821649506388     
   20.700000000000028       0.12281498394064362       0.20276620080369023       0.23706044053933373     
   20.800000000000029       0.12625448562575917       0.19916282818709116       0.23580930276837217     
   20.900000000000031       0.12960202913679408       0.19550944862031724       0.23456476814772267     
   21.000000000000032       0.13285710443941914       0.19180820173073163       0.23332680182783067     
   21.100000000000033       0.13601924769871426       0.18806122575675358       0.23209536914306761     
   21.200000000000035       0.13908804099761118       0.18427065661832620       0.23087043561076040     
   21.300000000000036       0.14206311203802330       0.18043862699819421       0.22965196693022558     
   21.400000000000038       0.14494413382497981       0.17656726543428228       0.22843992898180904     
   21.500000000000039       0.14773082433407958       0.17265869542345999       0.22723428782593044     
   21.600000000000041       0.15042294616259050       0.16871503453696668       0.22603500970213322     
   21.700000000000042       0.15302030616451770       0.16473839354776534       0.22484206102813847     
   21.800000000000043       0.15552275506997262       0.16073087557008603       0.22365540839890541     
   21.900000000000045       0.15793018708917511       0.15669457521140820       0.22247501858569541     
   22.000000000000046       0.16024253950142486       0.15263157773712852       0.22130085853514173     
   22.100000000000048       0.16245979222938345       0.14854395824814631       0.22013289536832398     
   22.200000000000049       0.16458196739900816       0.14443378087159595       0.21897109637984730     
   22.300000000000050       0.16660912888548354       0.14030309796494436       0.21781542903692666     
   22.400000000000052       0.16854138184549905       0.13615394933366384       0.21666586097847584     
   22.500000000000053       0.17037887223622150       0.13198836146268469       0.21552236001420130     
   22.600000000000055       0.17212178632131661       0.12780834676181901       0.21438489412370068     
   22.700000000000056       0.17377035016437337       0.12361590282534425       0.21325343145556622     
   22.800000000000058       0.17532482911008701       0.11941301170592325       0.21212794032649301     
   22.900000000000059       0.17678552725355953       0.11520163920303009       0.21100838922039133     
   23.000000000000060       0.17815278689807623       0.11098373416604521       0.20989474678750480     
   23.100000000000062       0.17942698800171955       0.10676122781217010       0.20878698184353184     
   23.200000000000063       0.18060854761318237       0.10253603305930933       0.20768506336875298     
   23.300000000000065       0.18169791929714274        9.8310043874055550E-002  0.20658896050716197     
   23.400000000000066       0.18269559254956463        9.4085134634906170E-002  0.20549864256560177     
   23.500000000000068       0.18360209220328766        8.9863159510834636E-002  0.20441407901290520     
   23.600000000000069       0.18441797782427205        8.5645951855325822E-002  0.20333523947903986     
   23.700000000000070       0.18514384309886275        8.1435323615982894E-002  0.20226209375425780     
   23.800000000000072       0.18578031521243779        7.7233064759801365E-002  0.20119461178824949     
   23.900000000000073       0.18632805421980708        7.3040942714198698E-002  0.20013276368930258     
   24.000000000000075       0.18678775240772416        6.8860701823882403E-002  0.19907651972346438     
   24.100000000000076       0.18716013364987866        6.4694062823626983E-002  0.19802585031370989     
   24.200000000000077       0.18744595275473042        6.0542722327027107E-002  0.19698072603911312     
   24.300000000000079       0.18764599480655064        5.6408352331283010E-002  0.19594111763402339     
   24.400000000000080       0.18776107450003107        5.2292599738070510E-002  0.19490699598724584     
   24.500000000000082       0.18779203546882406        4.8197085890534411E-002  0.19387833214122621     
   24.600000000000083       0.18773974960837317        4.4123406126442846E-002  0.19285509729124006     
   24.700000000000085       0.18760511639339314        4.0073129347528429E-002  0.19183726278458607     
   24.800000000000086       0.18738906219035784        3.6047797605035570E-002  0.19082480011978370     
   24.900000000000087       0.18709253956535146        3.2048925701488595E-002  0.18981768094577528     
   25.000000000000089       0.18671652658763788        2.8078000808682464E-002  0.18881587706113184     
   25.100000000000090       0.18626202612930060        2.4136482101896520E-002  0.18781936041326366     
   25.200000000000092       0.18573006516130391        2.0225800410321130E-002  0.18682810309763451     
   25.300000000000093       0.18512169404632411        1.6347357883680084E-002  0.18584207735698058     
   25.400000000000095       0.18443798582869589        1.2502527675027896E-002  0.18486125558053279     
   25.500000000000096       0.18368003552181975        8.6926536396885502E-003  0.18388561030324410     
   25.600000000000097       0.18284895939336970        4.9190500503011039E-003  0.18291511420502005     
   25.700000000000099       0.18194589424864163        1.1830013279276255E-003  0.18194974010995388     
   25.800000000000100       0.18097199671237757       -2.5142382108277231E-003  0.18098946098556565     
   25.900000000000102       0.17992844250939916       -6.1714445907429397E-003  0.18003424994204509     
   26.000000000000103       0.17881642574438045       -9.7874243990123486E-003  0.17908408023149883     
   26.100000000000104       0.17763715818108752       -1.3361014990457979E-002  0.17813892524720124     
   26.200000000000106       0.17639186852140798       -1.6891084676994871E-002  0.17719875852284939     
   26.300000000000107       0.17508180168449186       -2.0376532901433278E-002  0.17626355373182209     
   26.400000000000109       0.17370821808632028       -2.3816290395703495E-002  0.17533328468644249     
   26.500000000000110       0.17227239292001587       -2.7209319323600576E-002  0.17440792533724492     
   26.600000000000112       0.17077561543720493       -3.0554613408146504E-002  0.17348744977224548     
   26.700000000000113       0.16921918823073703       -3.3851198043677075E-002  0.17257183221621616     
   26.800000000000114       0.16760442651906576       -3.7098130392762815E-002  0.17166104702996351     
   26.900000000000116       0.16593265743258737       -4.0294499468083354E-002  0.17075506870961038     
   27.000000000000117       0.16420521930223345       -4.3439426199375623E-002  0.16985387188588189     
   27.100000000000119       0.16242346095060678       -4.6532063485583947E-002  0.16895743132339489     
   27.200000000000120       0.16058874098594761       -4.9571596232345770E-002  0.16806572191995156     
   27.300000000000122       0.15870242709921156       -5.2557241374948320E-002  0.16717871870583631     
   27.400000000000123       0.15676589536453708       -5.5488247886902264E-002  0.16629639684311653     
   27.500000000000124       0.15478052954337579       -5.8363896774277689E-002  0.16541873162494738     
   27.600000000000126       0.15274772039255408       -6.1183501055955394E-002  0.16454569847487954     
   27.700000000000127       0.15066886497653020       -6.3946405729951472E-002  0.16367727294617129     
   27.800000000000129       0.14854536598410706       -6.6651987725974235E-002  0.16281343072110399     
   27.900000000000130       0.14637863104985391       -6.9299655844382496E-002  0.16195414761030083     
   28.000000000000131       0.14417007208048890       -7.1888850681712899E-002  0.16109939955204980     
   28.100000000000133       0.14192110458646642       -7.4419044542951618E-002  0.16024916261162978     
   28.200000000000134       0.13963314701900945       -7.6889741340729040E-002  0.15940341298064017     
   28.300000000000136       0.13730762011282405       -7.9300476481617921E-002  0.15856212697633454     
   28.400000000000137       0.13494594623472408       -8.1650816739723464E-002  0.15772528104095726     
   28.500000000000139       0.13254954873839309       -8.3940360117752841E-002  0.15689285174108372     
   28.600000000000140       0.13011985132550333       -8.6168735695758295E-002  0.15606481576696440     
   28.700000000000141       0.12765827741340652       -8.8335603467750753E-002  0.15524114993187199     
   28.800000000000143       0.12516624950960770       -9.0440654166381945E-002  0.15442183117145214     
   28.900000000000144       0.12264518859322515       -9.2483609075900572E-002  0.15360683654307761     
   29.000000000000146       0.12009651350363769       -9.4464219833586799E-002  0.15279614322520593     
   29.100000000000147       0.11752164033651200       -9.6382268219874737E-002  0.15198972851674009     
   29.200000000000149       0.11492198184740092       -9.8237565937374080E-002  0.15118756983639320     
   29.300000000000150       0.11229894686309440      -0.10002995437900637       0.15038964472205590     
   29.400000000000151       0.10965393970090248      -0.10175930438547182       0.14959593083016751     
   29.500000000000153       0.10698835959604329      -0.10342551599226667       0.14880640593509031     
   29.600000000000154       0.10430360013730269      -0.10502851816647307       0.14802104792848716     
   29.700000000000156       0.10160104871112918      -0.10656826853354412       0.14723983481870256     
   29.800000000000157        9.8882085954319007E-002 -0.10804475309431165       0.14646274473014664     
   29.900000000000158        9.6148085215443851E-002 -0.10945798593244360       0.14568975590268271     
   30.000000000000160        9.3400412025166649E-002 -0.11080800891258091       0.14492084669101787     
   30.100000000000161        9.0640423575585341E-002 -0.11209489136938595       0.14415599556409703     
   30.200000000000163        8.7869468208740545E-002 -0.11331872978773382       0.14339518110449981     
   30.300000000000164        8.5088884914415144E-002 -0.11447964747428335       0.14263838200784099     
   30.400000000000166        8.2300002837350561E-002 -0.11557779422066142       0.14188557708217372     
   30.500000000000167        7.9504140793998326E-002 -0.11661334595849901       0.14113674524739644     
   30.600000000000168        7.6702606798918757E-002 -0.11758650440655649       0.14039186553466218     
   30.700000000000170        7.3896697600936548E-002 -0.11849749671017701       0.13965091708579172     
   30.800000000000171        7.1087698229152632E-002 -0.11934657507330867       0.13891387915268932     
   30.900000000000173        6.8276881548911067E-002 -0.12013401638333575       0.13818073109676188     
   31.000000000000174        6.5465507827811451E-002 -0.12086012182896017       0.13745145238834086     
   31.100000000000176        6.2654824311852347E-002 -0.12152521651137574       0.13672602260610756     
   31.200000000000177        5.9846064811787558E-002 -0.12212964904897659       0.13600442143652119     
   31.300000000000178        5.7040449299768571E-002 -0.12267379117584314       0.13528662867325003     
   31.400000000000180        5.4239183516344575E-002 -0.12315803733424818       0.13457262421660571     
   31.500000000000181        5.1443458587883115E-002 -0.12358280426142597       0.13386238807298026     
   31.600000000000183        4.8654450654472492E-002 -0.12394853057084670       0.13315590035428629     
   31.700000000000184        4.5873320508357782E-002 -0.12425567632824025       0.13245314127740015     
   31.800000000000185        4.3101213242960561E-002 -0.12450472262261035       0.13175409116360789     
   31.900000000000187        4.0339257912525663E-002 -0.12469617113248226       0.13105873043805424     
   32.000000000000185        3.7588567202432699E-002 -0.12483054368762540       0.13036703962919444     
   32.100000000000186        3.4850237110206815E-002 -0.12490838182649186       0.12967899936824898     
   32.200000000000188        3.2125346637256282E-002 -0.12493024634961165       0.12899459038866137     
   32.300000000000189        2.9414957491359441E-002 -0.12489671686918423       0.12831379352555847     
   32.400000000000190        2.6720113799920429E-002 -0.12480839135510544       0.12763658971521394     
   32.500000000000192        2.4041841834006279E-002 -0.12466588567766761       0.12696295999451440     
   32.600000000000193        2.1381149743173310E-002 -0.12446983314716983       0.12629288550042833     
   32.700000000000195        1.8739027301087948E-002 -0.12422088405067441       0.12562634746947798     
   32.800000000000196        1.6116445661938424E-002 -0.12391970518614381       0.12496332723721393     
   32.900000000000198        1.3514357127632994E-002 -0.12356697939419163       0.12430380623769242     
   33.000000000000199        1.0933694925773327E-002 -0.12316340508767917       0.12364776600295549     
   33.100000000000200        8.3753729983871757E-003 -0.12270969577938845       0.12299518816251380     
   33.200000000000202        5.8402858014019315E-003 -0.12220657960799991       0.12234605444283227     
   33.300000000000203        3.3293081148323745E-003 -0.12165479886260248       0.12170034666681831     
   33.400000000000205        8.4329486365526901E-004 -0.12105510950596104       0.12105804675331289     
   33.500000000000206       -1.6169190506631498E-003 -0.12040828069676522       0.12041913671658422     
   33.600000000000207       -4.0505189080251034E-003 -0.11971509431108071       0.11978359866582411     
   33.700000000000209       -6.4567103169850424E-003 -0.11897634446322335       0.11915141480464693     
   33.800000000000210       -8.8347193515076784E-003 -0.11819283702627326       0.11852256743059145     
   33.900000000000212       -1.1183792677249014E-002 -0.11736538915244457       0.11789703893462483     
   34.000000000000213       -1.3503197667416150E-002 -0.11649482879352427       0.11727481180064986     
   34.100000000000215       -1.5792222508262781E-002 -0.11558199422159086       0.11665586860501423     
   34.200000000000216       -1.8050176294284844E-002 -0.11462773355022199       0.11604019201602284     
   34.300000000000217       -2.0276389113181931E-002 -0.11363290425639644       0.11542776479345219     
   34.400000000000219       -2.2470212120653015E-002 -0.11259837270329567       0.11481856978806791     
   34.500000000000220       -2.4631017605104506E-002 -0.11152501366420467       0.11421258994114443     
   34.600000000000222       -2.6758199042343809E-002 -0.11041370984771164       0.11360980828398727     
   34.700000000000223       -2.8851171140341740E-002 -0.10926535142440250       0.11301020793745786     
   34.800000000000225       -3.0909369874150400E-002 -0.10808083555524285       0.11241377211150101     
   34.900000000000226       -3.2932252511059905E-002 -0.10686106592183883       0.11182048410467466     
   35.000000000000227       -3.4919297626091458E-002 -0.10560695225876326       0.11123032730368215     
   35.100000000000229       -3.6870005107916777E-002 -0.10431940988813311       0.11064328518290721     
   35.200000000000230       -3.8783896155304122E-002 -0.10299935925661946       0.11005934130395099     
   35.300000000000232       -4.0660513264193829E-002 -0.10164772547506827       0.10947847931517192     
   35.400000000000233       -4.2499420205503367E-002 -0.10026543786090931       0.10890068295122771     
   35.500000000000234       -4.4300201993774574E-002  -9.8853429483523880E-002  0.10832593603261989     
   35.600000000000236       -4.6062464846768951E-002  -9.7412636712742764E-002  0.10775422246524090     
   35.700000000000237       -4.7785836136125866E-002  -9.5943998770640179E-002  0.10718552623992325     
   35.800000000000239       -4.9469964329201303E-002  -9.4448457286785761E-002  0.10661983143199132     
   35.900000000000240       -5.1114518922201410E-002  -9.2926955857117174E-002  0.10605712220081540     
   36.000000000000242       -5.2719190364737017E-002  -9.1380439606586913E-002  0.10549738278936809     
   36.100000000000243       -5.4283689975918710E-002  -8.9809854755739313E-002  0.10494059752378318     
   36.200000000000244       -5.5807749852120066E-002  -8.8216148191366570E-002  0.10438675081291665     
   36.300000000000246       -5.7291122766539145E-002  -8.6600267041389720E-002  0.10383582714791013     
   36.400000000000247       -5.8733582060685706E-002  -8.4963158254109425E-002  0.10328781110175655     
   36.500000000000249       -6.0134921527929056E-002  -8.3305768181965736E-002  0.10274268732886832     
   36.600000000000250       -6.1494955289242322E-002  -8.1629042169941643E-002  0.10220044056464739     
   36.700000000000252       -6.2813517661277199E-002  -7.9933924148746491E-002  0.10166105562505801     
   36.800000000000253       -6.4090463016911875E-002  -7.8221356232904757E-002  0.10112451740620143     
   36.900000000000254       -6.5325665638409858E-002  -7.6492278323879198E-002  0.10059081088389298     
   37.000000000000256       -6.6519019563333420E-002  -7.4747627718349419E-002  0.10005992111324141     
   37.100000000000257       -6.7670438423357640E-002  -7.2988338721763052E-002   9.9531833228230324E-002
   37.200000000000259       -6.8779855276127219E-002  -7.1215342267278187E-002   9.9006532441301989E-002
   37.300000000000260       -6.9847222430307915E-002  -6.9429565540204463E-002   9.8484004042943218E-002
   37.400000000000261       -7.0872511263977936E-002  -6.7631931608054016E-002   9.7964233401273429E-002
   37.500000000000263       -7.1855712036510949E-002  -6.5823359056305444E-002   9.7447205961634906E-002
   37.600000000000264       -7.2796833694103891E-002  -6.4004761629980061E-002   9.6932907246185432E-002
   37.700000000000266       -7.3695903669098450E-002  -6.2177047881130619E-002   9.6421322853492572E-002
   37.800000000000267       -7.4552967673254894E-002  -6.0341120822332360E-002   9.5912438458130661E-002
   37.900000000000269       -7.5368089485129158E-002  -5.8497877586269204E-002   9.5406239810279569E-002
   38.000000000000270       -7.6141350731711202E-002  -5.6648209091499910E-002   9.4902712735325703E-002
   38.100000000000271       -7.6872850664481754E-002  -5.4792999714485438E-002   9.4401843133464891E-002
   38.200000000000273       -7.7562705930043413E-002  -5.2933126967960063E-002   9.3903616979307949E-002
   38.300000000000274       -7.8211050335486476E-002  -5.1069461185716834E-002   9.3408020321487581E-002
   38.400000000000276       -7.8818034608646878E-002  -4.9202865213882875E-002   9.2915039282267881E-002
   38.500000000000277       -7.9383826153416590E-002  -4.7334194108751150E-002   9.2424660057155744E-002
   38.600000000000279       -7.9908608800267233E-002  -4.5464294841231399E-002   9.1936868914514192E-002
   38.700000000000280       -8.0392582552145805E-002  -4.3594006007984916E-002   9.1451652195177993E-002
   38.800000000000281       -8.0835963325905494E-002  -4.1724157549295857E-002   9.0968996312071074E-002
   38.900000000000283       -8.1238982689430944E-002  -3.9855570473736439E-002   9.0488887749826122E-002
   39.000000000000284       -8.1601887594620143E-002  -3.7989056589674629E-002   9.0011313064406087E-002
   39.100000000000286       -8.1924940106385208E-002  -3.6125418243669279E-002   8.9536258882727718E-002
   39.200000000000287       -8.2208417127831848E-002  -3.4265448065799599E-002   8.9063711902287152E-002
   39.300000000000288       -8.2452610121780998E-002  -3.2409928721963549E-002   8.8593658890787325E-002
   39.400000000000290       -8.2657824828792470E-002  -3.0559632673186135E-002   8.8126086685767491E-002
   39.500000000000291       -8.2824380981853407E-002  -2.8715321941965487E-002   8.7660982194234655E-002
   39.600000000000293       -8.2952612017891433E-002  -2.6877747885689255E-002   8.7198332392296934E-002
   39.700000000000294       -8.3042864786273735E-002  -2.5047650977145824E-002   8.6738124324798813E-002
   39.800000000000296       -8.3095499254453156E-002  -2.3225760592150733E-002   8.6280345104958439E-002
   39.900000000000297       -8.3110888210920011E-002  -2.1412794804311203E-002   8.5824981914006712E-002
