   0.0000000000000000        2.6508453201154922       0.20314592986631971        2.6586179078610486     
   1.0000000000000000E-002   2.6508035378757331       0.20240488347090302        2.6585197259503968     
   2.0000000000000000E-002   2.6507615521197332       0.20166387603236224        2.6584215476655717     
   2.9999999999999999E-002   2.6507193628657966       0.20092290760557385        2.6583233730064393     
   4.0000000000000001E-002   2.6506769701322415       0.20018197824540718        2.6582252019728658     
   5.0000000000000003E-002   2.6506343739373999       0.19944108800672450        2.6581270345647172     
   6.0000000000000005E-002   2.6505915742996193       0.19870023694438096        2.6580288707818598     
   7.0000000000000007E-002   2.6505485712372625       0.19795942511322454        2.6579307106241599     
   8.0000000000000002E-002   2.6505053647687036       0.19721865256809626        2.6578325540914824     
   8.9999999999999997E-002   2.6504619549123341       0.19647791936382988        2.6577344011836943     
   9.9999999999999992E-002   2.6504183416865597       0.19573722555525219        2.6576362519006622     
  0.10999999999999999        2.6503745251098008       0.19499657119718275        2.6575381062422530     
  0.11999999999999998        2.6503305052004889       0.19425595634443393        2.6574399642083297     
  0.12999999999999998        2.6502862819770741       0.19351538105181115        2.6573418257987607     
  0.13999999999999999        2.6502418554580207       0.19277484537411257        2.6572436910134130     
  0.14999999999999999        2.6501972256618043       0.19203434936612937        2.6571455598521503     
  0.16000000000000000        2.6501523926069184       0.19129389308264538        2.6570474323148408     
  0.17000000000000001        2.6501073563118682       0.19055347657843738        2.6569493084013494     
  0.18000000000000002        2.6500621167951768       0.18981309990827516        2.6568511881115437     
  0.19000000000000003        2.6500166740753763       0.18907276312692095        2.6567530714452876     
  0.20000000000000004        2.6499710281710200       0.18833246628913036        2.6566549584024495     
  0.21000000000000005        2.6499251791006713       0.18759220944965144        2.6565568489828948     
  0.22000000000000006        2.6498791268829085       0.18685199266322522        2.6564587431864894     
  0.23000000000000007        2.6498328715363257       0.18611181598458562        2.6563606410131002     
  0.24000000000000007        2.6497864130795299       0.18537167946845917        2.6562625424625930     
  0.25000000000000006        2.6497397515311429       0.18463158316956560        2.6561644475348327     
  0.26000000000000006        2.6496928869098033       0.18389152714261703        2.6560663562296880     
  0.27000000000000007        2.6496458192341610       0.18315151144231881        2.6559682685470234     
  0.28000000000000008        2.6495985485228823       0.18241153612336883        2.6558701844867065     
  0.29000000000000009        2.6495510747946454       0.18167160124045789        2.6557721040486006     
  0.30000000000000010        2.6495033980681475       0.18093170684826965        2.6556740272325761     
  0.31000000000000011        2.6494555183620956       0.18019185300148044        2.6555759540384960     
  0.32000000000000012        2.6494074356952146       0.17945203975475937        2.6554778844662286     
  0.33000000000000013        2.6493591500862408       0.17871226716276872        2.6553798185156383     
  0.34000000000000014        2.6493106615539266       0.17797253528016302        2.6552817561865920     
  0.35000000000000014        2.6492619701170397       0.17723284416158999        2.6551836974789569     
  0.36000000000000015        2.6492130757943606       0.17649319386168999        2.6550856423925984     
  0.37000000000000016        2.6491639786046854       0.17575358443509617        2.6549875909273832     
  0.38000000000000017        2.6491146785668231       0.17501401593643445        2.6548895430831769     
  0.39000000000000018        2.6490651756995982       0.17427448842032356        2.6547914988598462     
  0.40000000000000019        2.6490154700218502       0.17353500194137508        2.6546934582572574     
  0.41000000000000020        2.6489655615524326       0.17279555655419307        2.6545954212752774     
  0.42000000000000021        2.6489154503102119       0.17205615231337471        2.6544973879137714     
  0.43000000000000022        2.6488651363140696       0.17131678927350960        2.6543993581726051     
  0.44000000000000022        2.6488146195829043       0.17057746748918057        2.6543013320516473     
  0.45000000000000023        2.6487639001356262       0.16983818701496267        2.6542033095507631     
  0.46000000000000024        2.6487129779911585       0.16909894790542390        2.6541052906698166     
  0.47000000000000025        2.6486618531684440       0.16835975021512525        2.6540072754086781     
  0.48000000000000026        2.6486105256864345       0.16762059399862003        2.6539092637672113     
  0.49000000000000027        2.6485589955640982       0.16688147931045469        2.6538112557452820     
  0.50000000000000022        2.6485072628204205       0.16614240620516818        2.6537132513427593     
  0.51000000000000023        2.6484553274743958       0.16540337473729214        2.6536152505595068     
  0.52000000000000024        2.6484031895450371       0.16466438496135108        2.6535172533953921     
  0.53000000000000025        2.6483508490513712       0.16392543693186226        2.6534192598502826     
  0.54000000000000026        2.6482983060124363       0.16318653070333544        2.6533212699240418     
  0.55000000000000027        2.6482455604472888       0.16244766633027333        2.6532232836165384     
  0.56000000000000028        2.6481926123749977       0.16170884386717119        2.6531253009276385     
  0.57000000000000028        2.6481394618146452       0.16097006336851713        2.6530273218572069     
  0.58000000000000029        2.6480861087853311       0.16023132488879191        2.6529293464051120     
  0.59000000000000030        2.6480325533061664       0.15949262848246887        2.6528313745712189     
  0.60000000000000031        2.6479787953962788       0.15875397420401421        2.6527334063553947     
  0.61000000000000032        2.6479248350748077       0.15801536210788678        2.6526354417575049     
  0.62000000000000033        2.6478706723609093       0.15727679224853808        2.6525374807774167     
  0.63000000000000034        2.6478163072737537       0.15653826468041226        2.6524395234149960     
  0.64000000000000035        2.6477617398325246       0.15579977945794640        2.6523415696701100     
  0.65000000000000036        2.6477069700564200       0.15506133663556987        2.6522436195426238     
  0.66000000000000036        2.6476519979646538       0.15432293626770502        2.6521456730324049     
  0.67000000000000037        2.6475968235764520       0.15358457840876677        2.6520477301393193     
  0.68000000000000038        2.6475414469110570       0.15284626311316268        2.6519497908632341     
  0.69000000000000039        2.6474858679877236       0.15210799043529302        2.6518518552040145     
  0.70000000000000040        2.6474300868257221       0.15136976042955066        2.6517539231615270     
  0.71000000000000041        2.6473741034443385       0.15063157315032122        2.6516559947356400     
  0.72000000000000042        2.6473179178628694       0.14989342865198294        2.6515580699262169     
  0.73000000000000043        2.6472615301006299       0.14915532698890660        2.6514601487331269     
  0.74000000000000044        2.6472049401769464       0.14841726821545581        2.6513622311562353     
  0.75000000000000044        2.6471481481111603       0.14767925238598667        2.6512643171954071     
  0.76000000000000045        2.6470911539226289       0.14694127955484804        2.6511664068505114     
  0.77000000000000046        2.6470339576307231       0.14620334977638130        2.6510685001214140     
  0.78000000000000047        2.6469765592548260       0.14546546310492048        2.6509705970079800     
  0.79000000000000048        2.6469189588143376       0.14472761959479238        2.6508726975100769     
  0.80000000000000049        2.6468611563286717       0.14398981930031624        2.6507748016275716     
  0.81000000000000050        2.6468031518172550       0.14325206227580398        2.6506769093603291     
  0.82000000000000051        2.6467449452995306       0.14251434857556017        2.6505790207082169     
  0.83000000000000052        2.6466865367949541       0.14177667825388199        2.6504811356711016     
  0.84000000000000052        2.6466279263229975       0.14103905136505926        2.6503832542488501     
  0.85000000000000053        2.6465691139031438       0.14030146796337423        2.6502853764413277     
  0.86000000000000054        2.6465100995548938       0.13956392810310200        2.6501875022484014     
  0.87000000000000055        2.6464508832977600       0.13882643183851001        2.6500896316699376     
  0.88000000000000056        2.6463914651512712       0.13808897922385857        2.6499917647058036     
  0.89000000000000057        2.6463318451349687       0.13735157031340040        2.6498939013558647     
  0.90000000000000058        2.6462720232684096       0.13661420516138079        2.6497960416199882     
  0.91000000000000059        2.6462119995711642       0.13587688382203772        2.6496981854980399     
  0.92000000000000060        2.6461517740628189       0.13513960634960168        2.6496003329898890     
  0.93000000000000060        2.6460913467629714       0.13440237279829584        2.6495024840953985     
  0.94000000000000061        2.6460307176912350       0.13366518322233567        2.6494046388144361     
  0.95000000000000062        2.6459698868672392       0.13292803767592956        2.6493067971468696     
  0.96000000000000063        2.6459088543106248       0.13219093621327827        2.6492089590925638     
  0.97000000000000064        2.6458476200410490       0.13145387888857507        2.6491111246513865     
  0.98000000000000065        2.6457861840781827       0.13071686575600600        2.6490132938232049     
  0.99000000000000066        2.6457245464417096       0.12997989686974940        2.6489154666078836     
   1.0000000000000007        2.6456627071513297       0.12924297228397635        2.6488176430052901     
   1.1000000000000008        2.6450332276266768       0.12187617486512865        2.6478396056500384     
   1.2000000000000008        2.6443836044862836       0.11451386702728958        2.6468619294208402     
   1.3000000000000009        2.6437138576643240       0.10715610281797078        2.6458846141843595     
   1.4000000000000010        2.6430240072370377        9.9802936209377649E-002   2.6449076598073025     
   1.5000000000000011        2.6423140734224786        9.2454421098044567E-002   2.6439310661564281     
   1.6000000000000012        2.6415840765802470        8.5110611304470798E-002   2.6429548330985408     
   1.7000000000000013        2.6408340372112336        7.7771560572757248E-002   2.6419789605005004     
   1.8000000000000014        2.6400639759573474        7.0437322570244182E-002   2.6410034482292111     
   1.9000000000000015        2.6392739136012544        6.3107950887149780E-002   2.6400282961516259     
   2.0000000000000013        2.6384638710661146        5.5783499036209556E-002   2.6390535041347514     
   2.1000000000000014        2.6376338694153079        4.8464020452316410E-002   2.6380790720456373     
   2.2000000000000015        2.6367839298521751        4.1149568492162177E-002   2.6371049997513887     
   2.3000000000000016        2.6359140737197415        3.3840196433879206E-002   2.6361312871191536     
   2.4000000000000017        2.6350243225004530        2.6535957476683598E-002   2.6351579340161333     
   2.5000000000000018        2.6341146978159058        1.9236904740518788E-002   2.6341849403095785     
   2.6000000000000019        2.6331852214265692        1.1943091265700263E-002   2.6332123058667851     
   2.7000000000000020        2.6322359152315187        4.6545700125610401E-003   2.6322400305550997     
   2.8000000000000020        2.6312668012681644       -2.6286061389017333E-003   2.6312681142419203     
   2.9000000000000021        2.6302779017119731       -9.9063843893797254E-003   2.6302965567946917     
   3.0000000000000022        2.6292692388761938       -1.7178712020605062E-002   2.6293253580809064     
   3.1000000000000023        2.6282408352115869       -2.4445536395701267E-002   2.6283545179681096     
   3.2000000000000024        2.6271927133061395       -3.1706804959533305E-002   2.6273840363238903     
   3.3000000000000025        2.6261248958847978       -3.8962465239056665E-002   2.6264139130158912     
   3.4000000000000026        2.6250374058091812       -4.6212464843665632E-002   2.6254441479118009     
   3.5000000000000027        2.6239302660773069       -5.3456751465540603E-002   2.6244747408793585     
   3.6000000000000028        2.6228034998233105       -6.0695272879994419E-002   2.6235056917863515     
   3.7000000000000028        2.6216571303171596       -6.7927976945818050E-002   2.6225370005006137     
   3.8000000000000029        2.6204911809643838       -7.5154811605625108E-002   2.6215686668900338     
   3.9000000000000030        2.6193056753057782       -8.2375724886195587E-002   2.6206006908225419     
   4.0000000000000027        2.6181006370171302       -8.9590664898818534E-002   2.6196330721661223     
   4.1000000000000023        2.6168760899089332       -9.6799579839634262E-002   2.6186658107888063     
   4.2000000000000020        2.6156320579260965      -0.10400241798997489        2.6176989065586724     
   4.3000000000000016        2.6143685651476689      -0.11119912771670486        2.6167323593438510     
   4.4000000000000012        2.6130856357865406      -0.11838965747255958        2.6157661690125167     
   4.5000000000000009        2.6117832941891681      -0.12557395579648414        2.6148003354328986     
   4.6000000000000005        2.6104615648352754      -0.13275197131397018        2.6138348584732700     
   4.7000000000000002        2.6091204723375698      -0.13992365273739271        2.6128697380019537     
   4.7999999999999998        2.6077600414414528      -0.14708894886634505        2.6119049738873223     
   4.8999999999999995        2.6063802970247258      -0.15424780858797368        2.6109405659977960     
   4.9999999999999991        2.6049812640973018      -0.16140018087731206        2.6099765142018434     
   5.0999999999999988        2.6035629678009107      -0.16854601479761241        2.6090128183679826     
   5.1999999999999984        2.6021254334088084      -0.17568525950067879        2.6080494783647796     
   5.2999999999999980        2.6006686863254798      -0.18281786422719659        2.6070864940608494     
   5.3999999999999977        2.5991927520863469      -0.18994377830706305        2.6061238653248546     
   5.4999999999999973        2.5976976563574716      -0.19706295115971631        2.6051615920255076     
   5.5999999999999970        2.5961834249352593      -0.20417533229446280        2.6041996740315683     
   5.6999999999999966        2.5946500837461621      -0.21128087131080489        2.6032381112118461     
   5.7999999999999963        2.5930976588463808      -0.21837951789876667        2.6022769034351971     
   5.8999999999999959        2.5915261764215645      -0.22547122183921908        2.6013160505705271     
   5.9999999999999956        2.5899356627865138      -0.23255593300420430        2.6003555524867892     
   6.0999999999999952        2.5883261443848800      -0.23963360135725881        2.5993954090529874     
   6.1999999999999948        2.5866976477888604      -0.24670417695373562        2.5984356201381713     
   6.2999999999999945        2.5850501996989004      -0.25376760994112613        2.5974761856114399     
   6.3999999999999941        2.5833838269433893      -0.26082385055937968        2.5965171053419414     
   6.4999999999999938        2.5816985564783570      -0.26787284914122383        2.5955583791988706     
   6.5999999999999934        2.5799944153871675      -0.27491455611248228        2.5946000070514712     
   6.6999999999999931        2.5782714308802195      -0.28194892199239246        2.5936419887690372     
   6.7999999999999927        2.5765296302946328      -0.28897589739392243        2.5926843242209068     
   6.8999999999999924        2.5747690410939494      -0.29599543302408599        2.5917270132764703     
   6.9999999999999920        2.5729896908678209      -0.30300747968425756        2.5907700558051636     
   7.0999999999999917        2.5711916073317043      -0.31001198827048604        2.5898134516764739     
   7.1999999999999913        2.5693748183265464      -0.31700890977380686        2.5888572007599322     
   7.2999999999999909        2.5675393518184850      -0.32399819528055429        2.5879013029251219     
   7.3999999999999906        2.5656852358985267      -0.33097979597267219        2.5869457580416699     
   7.4999999999999902        2.5638124987822479      -0.33795366312802305        2.5859905659792579     
   7.5999999999999899        2.5619211688094712      -0.34491974812069787        2.5850357266076096     
   7.6999999999999895        2.5600112744439611      -0.35187800242132306        2.5840812397964998     
   7.7999999999999892        2.5580828442731072      -0.35882837759736741        2.5831271054157496     
   7.8999999999999888        2.5561359070076115      -0.36577082531344879        2.5821733233352298     
   7.9999999999999885        2.5541704914811731      -0.37270529733163771        2.5812198934248594     
   8.0999999999999890        2.5521866266501734      -0.37963174551176238        2.5802668155546042     
   8.1999999999999886        2.5501843415933565      -0.38655012181171083        2.5793140895944777     
   8.2999999999999883        2.5481636655115198      -0.39346037828773295        2.5783617154145442     
   8.3999999999999879        2.5461246277271870      -0.40036246709474210        2.5774096928849115     
   8.4999999999999876        2.5440672576842971      -0.40725634048661391        2.5764580218757396     
   8.5999999999999872        2.5419915849478825      -0.41414195081648603        2.5755067022572340     
   8.6999999999999869        2.5398976392037484      -0.42101925053705608        2.5745557338996488     
   8.7999999999999865        2.5377854502581552      -0.42788819220087776        2.5736051166732872     
   8.8999999999999861        2.5356550480374929      -0.43474872846065815        2.5726548504484974     
   8.9999999999999858        2.5335064625879631      -0.44160081206955165        2.5717049350956773     
   9.0999999999999854        2.5313397240752553      -0.44844439588145385        2.5707553704852728     
   9.1999999999999851        2.5291548627842251      -0.45527943285129513        2.5698061564877785     
   9.2999999999999847        2.5269519091185657      -0.46210587603533254        2.5688572929737350     
   9.3999999999999844        2.5247308936004877      -0.46892367859144030        2.5679087798137310     
   9.4999999999999840        2.5224918468703925      -0.47573279377939981        2.5669606168784043     
   9.5999999999999837        2.5202347996865457      -0.48253317496118892        2.5660128040384382     
   9.6999999999999833        2.5179597829247502      -0.48932477560126936        2.5650653411645652     
   9.7999999999999829        2.5156668275780216      -0.49610754926687456        2.5641182281275667     
   9.8999999999999826        2.5133559647562560      -0.50288144962829440        2.5631714647982693     
   9.9999999999999822        2.5110272256859050      -0.50964643045916069        2.5622250510475495     
   10.099999999999982        2.5086806417096432      -0.51640244563673110        2.5612789867463293     
   10.199999999999982        2.5063162442860412      -0.52314944914217165        2.5603332717655811     
   10.299999999999981        2.5039340649892323      -0.52988739506083871        2.5593879059763220     
   10.399999999999981        2.5015341355085834      -0.53661623758256061        2.5584428892496192     
   10.499999999999980        2.4991164876483611      -0.54333593100191580        2.5574982214565858     
   10.599999999999980        2.4966811533273994      -0.55004642971851236        2.5565539024683823     
   10.699999999999980        2.4942281645787689      -0.55674768823726695        2.5556099321562193     
   10.799999999999979        2.4917575535494403      -0.56343966116867938        2.5546663103913527     
   10.899999999999979        2.4892693524999481      -0.57012230322910995        2.5537230370450859     
   10.999999999999979        2.4867635938040613      -0.57679556924105346        2.5527801119887710     
   11.099999999999978        2.4842403099484414      -0.58345941413341251        2.5518375350938065     
   11.199999999999978        2.4816995335323102      -0.59011379294177113        2.5508953062316393     
   11.299999999999978        2.4791412972671094      -0.59675866080866491        2.5499534252737632     
   11.399999999999977        2.4765656339761661      -0.60339397298385333        2.5490118920917197     
   11.499999999999977        2.4739725765943521      -0.61001968482458735        2.5480707065570978     
   11.599999999999977        2.4713621581677452      -0.61663575179587915        2.5471298685415324     
   11.699999999999976        2.4687344118532928      -0.62324212947076973        2.5461893779167100     
   11.799999999999976        2.4660893709184641      -0.62983877353059348        2.5452492345543587     
   11.899999999999975        2.4634270687409190      -0.63642563976524646        2.5443094383262581     
   11.999999999999975        2.4607475388081594      -0.64300268407344752        2.5433699891042338     
   12.099999999999975        2.4580508147171907      -0.64956986246300374        2.5424308867601595     
   12.199999999999974        2.4553369301741781      -0.65612713105107234        2.5414921311659548     
   12.299999999999974        2.4526059189941027      -0.66267444606442094        2.5405537221935881     
   12.399999999999974        2.4498578151004189      -0.66921176383968828        2.5396156597150727     
   12.499999999999973        2.4470926525247103      -0.67573904082364356        2.5386779436024729     
   12.599999999999973        2.4443104654063430      -0.68225623357344434        2.5377405737278971     
   12.699999999999973        2.4415112879921215      -0.68876329875689246        2.5368035499635018     
   12.799999999999972        2.4386951546359410      -0.69526019315269172        2.5358668721814901     
   12.899999999999972        2.4358620997984444      -0.70174687365070132        2.5349305402541149     
   12.999999999999972        2.4330121580466697      -0.70822329725219102        2.5339945540536739     
   13.099999999999971        2.4301453640537045      -0.71468942107009192        2.5330589134525110     
   13.199999999999971        2.4272617525983411      -0.72114520232925028        2.5321236183230207     
   13.299999999999971        2.4243613585647199      -0.72759059836667683        2.5311886685376406     
   13.399999999999970        2.4214442169419881      -0.73402556663179697        2.5302540639688593     
   13.499999999999970        2.4185103628239424      -0.74045006468669938        2.5293198044892100     
   13.599999999999969        2.4155598314086828      -0.74686405020638191        2.5283858899712728     
   13.699999999999969        2.4125926579982599      -0.75326748097900120        2.5274523202876762     
   13.799999999999969        2.4096088779983229      -0.75966031490611452        2.5265190953110950     
   13.899999999999968        2.4066085269177688      -0.76604251000292600        2.5255862149142518     
   13.999999999999968        2.4035916403683864      -0.77241402439853002        2.5246536789699143     
   14.099999999999968        2.4005582540645056      -0.77877481633615231        2.5237214873508993     
   14.199999999999967        2.3975084038226435      -0.78512484417339179        2.5227896399300702     
   14.299999999999967        2.3944421255611466      -0.79146406638245959        2.5218581365803350     
   14.399999999999967        2.3913594552998405      -0.79779244155041973        2.5209269771746525     
   14.499999999999966        2.3882604291596707      -0.80410992837942474        2.5199961615860249     
   14.599999999999966        2.3851450833623482      -0.81041648568695501        2.5190656896875034     
   14.699999999999966        2.3820134542299920      -0.81671207240605215        2.5181355613521856     
   14.799999999999965        2.3788655781847727      -0.82299664758555480        2.5172057764532156     
   14.899999999999965        2.3757014917485546      -0.82927017039033213        2.5162763348637842     
   14.999999999999964        2.3725212315425370      -0.83553260010151631        2.5153472364571292     
   15.099999999999964        2.3693248342868971      -0.84178389611673399        2.5144184811065360     
   15.199999999999964        2.3661123368004287      -0.84802401795033588        2.5134900686853365     
   15.299999999999963        2.3628837760001842      -0.85425292523362750        2.5125619990669081     
   15.399999999999963        2.3596391889011130      -0.86047057771509539        2.5116342721246760     
   15.499999999999963        2.3563786126157020      -0.86667693526063616        2.5107068877321121     
   15.599999999999962        2.3531020843536150      -0.87287195785378136        2.5097798457627358     
   15.699999999999962        2.3498096414213285      -0.87905560559592266        2.5088531460901109     
   15.799999999999962        2.3465013212217718      -0.88522783870653554        2.5079267885878496     
   15.899999999999961        2.3431771612539638      -0.89138861752340248        2.5070007731296111     
   15.999999999999961        2.3398371991126501      -0.89753790250283449        2.5060750995891001     
   16.099999999999962        2.3364814724879390      -0.90367565421989082        2.5051497678400696     
   16.199999999999964        2.3331100191649354      -0.90980183336860032        2.5042247777563165     
   16.299999999999965        2.3297228770233818      -0.91591640076217773        2.5033001292116865     
   16.399999999999967        2.3263200840372882      -0.92201931733324249        2.5023758220800718     
   16.499999999999968        2.3229016782745675      -0.92811054413403482        2.5014518562354096     
   16.599999999999969        2.3194676978966715      -0.93419004233662950        2.5005282315516850     
   16.699999999999971        2.3160181811582232      -0.94025777323315174        2.4996049479029301     
   16.799999999999972        2.3125531664066501      -0.94631369823598954        2.4986820051632219     
   16.899999999999974        2.3090726920818163      -0.95235777887800432        2.4977594032066843     
   16.999999999999975        2.3055767967156564      -0.95838997681274385        2.4968371419074891     
   17.099999999999977        2.3020655189318062      -0.96441025381464995        2.4959152211398536     
   17.199999999999978        2.2985388974452325      -0.97041857177926794        2.4949936407780400     
   17.299999999999979        2.2949969710618676      -0.97641489272345450        2.4940724006963593     
   17.399999999999981        2.2914397786782374      -0.98239917878558314        2.4931515007691685     
   17.499999999999982        2.2878673592810919      -0.98837139222575010        2.4922309408708703     
   17.599999999999984        2.2842797519470337      -0.99433149542597821        2.4913107208759135     
   17.699999999999985        2.2806769958421498       -1.0002794508904200        2.4903908406587938     
   17.799999999999986        2.2770591302216387       -1.0062152212455604        2.4894713000940536     
   17.899999999999988        2.2734261944294381       -1.0121387692404160        2.4885520990562808     
   17.999999999999989        2.2697782278978549       -1.0180500577467364        2.4876332374201104     
   18.099999999999991        2.2661152701471896       -1.0239490497592021        2.4867147150602222     
   18.199999999999992        2.2624373607853689       -1.0298357083956222        2.4857965318513457     
   18.299999999999994        2.2587445395075649       -1.0357099968971308        2.4848786876682527     
   18.399999999999995        2.2550368460958272       -1.0415718786283823        2.4839611823857619     
   18.499999999999996        2.2513143204187074       -1.0474213170777462        2.4830440158787415     
   18.599999999999998        2.2475770024308828       -1.0532582758574991        2.4821271880221012     
   18.699999999999999        2.2438249321727843       -1.0590827187040186        2.4812106986908016     
   18.800000000000001        2.2400581497702188       -1.0648946094779710        2.4802945477598453     
   18.900000000000002        2.2362766954339945       -1.0706939121645052        2.4793787351042842     
   19.000000000000004        2.2324806094595453       -1.0764805908734378        2.4784632605992143     
   19.100000000000005        2.2286699322265529       -1.0822546098394434        2.4775481241197785     
   19.200000000000006        2.2248447041985715       -1.0880159334222388        2.4766333255411661     
   19.300000000000008        2.2210049659226501       -1.0937645261067706        2.4757188647386119     
   19.400000000000009        2.2171507580289544       -1.0995003525033968        2.4748047415873966     
   19.500000000000011        2.2132821212303901       -1.1052233773480726        2.4738909559628484     
   19.600000000000012        2.2093990963222225       -1.1109335655025316        2.4729775077403398     
   19.700000000000014        2.2055017241817008       -1.1166308819544644        2.4720643967952900     
   19.800000000000015        2.2015900457676758       -1.1223152918177022        2.4711516230031640     
   19.900000000000016        2.1976641021202235       -1.1279867603323934        2.4702391862394735     
