   0.0000000000000000        4.0365163265229843E-321               (1.0000000000000000,0.0000000000000000)
   1.4033023511483831E-003   3.6011585320111020E-003       (0.99999977850413457,-2.67307549291100092E-018)
   7.3924400512135344E-003   8.3794638024942622E-003       (0.99999385932666396,-2.32897955699777453E-017)
   1.8161336045278809E-002   1.3156824365909439E-002       (0.99996300248534631,-7.45460256300728555E-017)
   3.3702069060661088E-002   1.7922196994007000E-002       (0.99987291923507005,-1.06655774745910122E-016)
   5.4000045624833959E-002   2.2670525050470371E-002       (0.99967484560757280,-1.13704700703171674E-016)
   7.9035891848898920E-002   2.7397173418911468E-002       (0.99930638374937875,-2.82278706460229469E-016)
  0.10878564856778450        3.2097591350888688E-002       (0.99869261091498462,-3.95218164523100082E-016)
  0.14322082720914689        3.6767268373956073E-002       (0.99774745962162070,-6.04150793677412787E-016)
  0.18230844583432851        4.1401728128614382E-002       (0.99637536894088330,-7.25190617910357597E-016)
  0.22601106364404361        4.5996529704611162E-002       (0.99447320114923576,-7.86874959911595118E-016)
  0.27428681797675752        5.0547270897557298E-002       (0.99193240980963737,-1.01446768766219978E-015)
  0.32708946490527341        5.5049592040298967E-002       (0.98864143491833345,-8.28251030503428755E-016)
  0.38436842377192892        5.9499180013559833E-002       (0.98448828836798030,-1.13816401120281626E-015)
  0.44606882576302992        6.3891772300448735E-002       (0.97936327926104760,-1.84748610806632194E-015)
  0.51213156653560521        6.8223161031108009E-002       (0.97316181442976901,-2.44635533985896215E-015)
  0.58249336287319675        7.2489196993194935E-002       (0.96578719600909801,-1.52324851799076844E-015)
  0.65708681332934926        7.6685793595228563E-002       (0.95715332639899164,-3.06385924641288912E-015)
  0.73584046280744708        8.0808930774774967E-002       (0.94718722289185853,-2.86550788984057306E-015)
  0.81867887101855441        8.4854658845467307E-002       (0.93583124107477678,-2.97884162590408805E-015)
  0.90552268475371278        8.8819102278058171E-002       (0.92304490912263182,-2.18865556391830797E-015)
  0.99628871390256446        9.2698463411467091E-002       (0.90880628520705198,-3.48151104555880565E-015)
   1.0908900111462849        9.6489026089589813E-002       (0.89311276784481763,-3.21077923495756976E-015)
   1.1892359552487530       0.10018715922048080            (0.87598131377808519,-3.57081544197068887E-015)
   1.2912323378665771       0.10378932025422750            (0.85744804877095449,-4.00490409772431704E-015)
   1.3967814537949170       0.10729205857614310            (0.83756729151878584,-4.65299623615982547E-015)
   1.5057821945627801       0.11069201881199080            (0.81641004692057062,-5.71993639804412694E-015)
   1.6181301452882300       0.11398594404203290            (0.79406205891730486,-5.61333284735597049E-015)
   1.7337176847007749       0.11717067892082279            (0.77062154138247296,-4.42053406695405434E-015)
   1.8524340882351109       0.12024317269970000            (0.74619672480526589,-4.80593193538371301E-015)
   1.9741656340975731       0.12320048214914550            (0.72090336406714450,-7.22823868770695285E-015)
   2.0987957122036320       0.12603977437811911            (0.69486234696801497,-6.60709945691825701E-015)
   2.2262049358821341       0.12875832954775271            (0.66819752430172241,-9.53240256862454959E-015)
   2.3562712562393018       0.13135354347673259            (0.64103385187636530,-5.86106412126236507E-015)
   2.4888700790729028       0.13382293013586849            (0.61349589617794797,-8.92162366128526833E-015)
   2.6238743842246182       0.13616412402953351            (0.58570671288465515,-8.69188827651996026E-015)
   2.7611548472563232       0.13837488246165519            (0.55778706632542074,-7.51226702718164910E-015)
   2.9005799633336649       0.14045308768400111            (0.52985492334218798,-6.82328017049024932E-015)
   3.0420161731982889       0.14239674892484550            (0.50202513112952096,-7.58613069001426886E-015)
   3.1853279911080921       0.14420400429597729            (0.47440917824800377,-1.14391842931661736E-014)
   3.3303781346228400       0.14587312257625079            (0.44711494195528717,-7.43778904559424802E-015)
   3.4770276561109328       0.14740250486995851            (0.42024634201660171,-1.01484686718121185E-014)
   3.6251360758513012       0.14879068613849480            (0.39390284815445342,-9.45466501399925458E-015)
   3.7745615166028998       0.15003633660365540            (0.36817882088506865,-9.42413560457227186E-015)
   3.9251608395129529       0.15113826302160380            (0.34316269872654964,-9.50031710886317280E-015)
   4.0767897812337139       0.15209540982582290            (0.31893607396876400,-1.06192593449730634E-014)
   4.2293030921164210       0.15290686013826610            (0.29557272066622359,-1.02260584958265194E-014)
   4.3825546753500522       0.15357183664770649            (0.27313765003041096,-1.06331426548065944E-014)
   4.5363977269115852       0.15408970235432370            (0.25168626941439320,-9.23080538586598295E-015)
   4.6906848761937594       0.15445996117988589            (0.23126371263497711,-1.15087558687027005E-014)
   4.8452683271755088       0.15468225844298891            (0.21190439370753020,-1.24969666292498696E-014)
   4.9999999999999991       0.15475638119878171            (0.19363181611060123,-1.10799488620709365E-014)
   5.1547316728244903       0.15468225844298950            (0.17645864851129020,-1.04229701312229393E-014)
   5.3093151238062406       0.15445996117988339            (0.16038705816723442,-1.14872605007781493E-014)
   5.4636022730884104       0.15408970235432370            (0.14540927697219130,-7.23031307753230581E-015)
   5.6174453246499496       0.15357183664770541            (0.13150836346533348,-9.53910085341448876E-015)
   5.7706969078835790       0.15290686013826010            (0.11865911737535427,-1.09872049379538643E-014)
   5.9232102187662878       0.15209540982582831            (0.10682910102977332,-1.02062720211046945E-014)
   6.0748391604870484       0.15113826302160929       (9.59797233838865366E-002,-9.89692493580340257E-015)
   6.2254384833970970       0.15003633660365320       (8.60673464569298996E-002,-5.13986424504799813E-015)
   6.3748639241486966       0.14879068613848589       (7.70443795531978032E-002,-1.06094833231790574E-014)
   6.5229723438890641       0.14740250486996201       (6.88603328888645894E-002,-7.13382898346457492E-015)
   6.6696218653771613       0.14587312257625010       (6.14628084673332492E-002,-8.48959768995858023E-015)
   6.8146720088919093       0.14420400429597949       (5.47984118149174096E-002,-1.06227109780941066E-014)
   6.9579838268017120       0.14239674892484641       (4.88135732857843674E-002,-8.38959458548999215E-015)
   7.0994200366663378       0.14045308768400161       (4.34552720094770681E-002,-2.89881300988436651E-015)
   7.2388451527436768       0.13837488246165650       (3.86716592214808585E-002,-9.83067310335243589E-015)
   7.3761256157753827       0.13616412402953590       (3.44125807690403851E-002,-9.61941595455704470E-015)
   7.5111299209270967       0.13382293013586580       (3.06300011079851282E-002,-8.24782684970615201E-015)
   7.6437287437606951       0.13135354347673520       (2.72783331761269690E-002,-9.31493637294658453E-015)
   7.7737950641178672       0.12875832954775909       (2.43146801955824582E-002,-7.82455537090584930E-015)
   7.9012042877963724       0.12603977437812161       (2.16989967526350011E-002,-7.51597222251165752E-015)
   8.0258343659024263       0.12320048214913860       (1.93941774479311248E-002,-8.57504135417724525E-015)
   8.1475659117648860       0.12024317269969990       (1.73660820165081123E-002,-5.20258662931810529E-015)
   8.2662823152992253       0.11717067892081910       (1.55835061033336893E-002,-6.64278922668607122E-015)
   8.3818698547117680       0.11398594404203451       (1.40181068701383544E-002,-6.27638140510645617E-015)
   8.4942178054372217       0.11069201881198500       (1.26442923357419097E-002,-5.01708883560808934E-015)
   8.6032185462050847       0.10729205857614869       (1.14390828560580401E-002,-4.12257408961188863E-015)
   8.7087676621334218       0.10378932025422240       (1.03819524780198059E-002,-1.93470182523810675E-015)
   8.8107640447512470       0.10018715922047770       (9.45465710288432952E-003,-6.36622700078903510E-015)
   8.9091099888537144        9.6489026089588079E-002  (8.64105551715639922E-003,-6.52725446941922373E-015)
   9.0037112860974329        9.2698463411470367E-002  (7.92692843899771987E-003,-5.81357848169361846E-015)
   9.0944773152462908        8.8819102278059059E-002  (7.29979982355155686E-003,-5.44869246519725244E-015)
   9.1813211289814411        8.4854658845461853E-002  (6.74876380456557873E-003,-3.95195129440418560E-015)
   9.2641595371925511        8.0808930774778423E-002  (6.26431984703804470E-003,-3.60430803847908717E-015)
   9.3429131866706516        7.6685793595227522E-002  (5.83821796315563742E-003,-6.77534510052389597E-015)
   9.4175066371268041        7.2489196993191174E-002  (5.46331521269103823E-003,-6.45434548580315908E-016)
   9.4878684334643921        6.8223161031115157E-002  (5.13344417268182113E-003,-6.65682798555344204E-015)
   9.5539311742369701        6.3891772300448235E-002  (4.84329361975443379E-003,-2.04261262863885896E-015)
   9.6156315762280702        5.9499180013558819E-002  (4.58830131689277280E-003,-4.69240667013529661E-015)
   9.6729105350947293        5.5049592040302832E-002  (4.36455852801150446E-003,-1.74953380411912020E-015)
   9.7257131820232416        5.0547270897555480E-002  (4.16872568895160830E-003,-5.01089832678054243E-015)
   9.7739889363559556        4.5996529704606791E-002  (3.99795853324751323E-003,-4.67833717167222964E-015)
   9.8176915541656733        4.1401728128618587E-002  (3.84984389477635580E-003,-1.57831403272242512E-015)
   9.8567791727908585        3.6767268373957399E-002  (3.72234437771238637E-003,-4.83503628999814110E-015)
   9.8912143514322182        3.2097591350888181E-002   (3.61375108815001605E-003,2.32387721755448654E-016)
   9.9209641081511037        2.7397173418911829E-002  (3.52264365292522278E-003,-3.94226928560225526E-015)
   9.9459999543751678        2.2670525050469219E-002  (3.44785680170802290E-003,-6.58384586444521605E-015)
   9.9662979309393389        1.7922196994011829E-002  (3.38845284832147483E-003,-3.23894897167368565E-015)
   9.9818386639547203        1.3156824365909120E-002  (3.34369944541306179E-003,-3.84942152286505195E-015)
   9.9926075599487909        8.3794638024927877E-003  (3.31305178799667357E-003,-3.68361986338205941E-015)
   9.9985966976488534        3.6011585320100820E-003  (3.29613448640325409E-003,-3.70728293433065076E-015)
