   0.0000000000000000       0.49561698843922197        6.6623545767909275E-018  0.49561698843922197     
   1.0000000000000000E-002  0.49561353177321393       -1.7935590793370990E-004  0.49561356422646491     
   2.0000000000000000E-002  0.49560320688685788       -3.5871146676791116E-004  0.49560333670230072     
   2.9999999999999999E-002  0.49558608159445289       -5.3806636604171866E-004  0.49558637368833902     
   4.0000000000000001E-002  0.49556222389825011       -7.1742033699207289E-004  0.49556274319900129     
   5.0000000000000003E-002  0.49553170197870711       -8.9677315204865255E-004  0.49553251343176308     
   6.0000000000000005E-002  0.49549458418475462       -1.0761246243218021E-003  0.49549575275740754     
   7.0000000000000007E-002  0.49545093902409471       -1.2554746070839182E-003  0.49545252971031062     
   8.0000000000000002E-002  0.49540083515350125       -1.4348229932442211E-003  0.49540291297872729     
   8.9999999999999997E-002  0.49534434136913186       -1.6141697148168571E-003  0.49534697139508915     
   9.9999999999999992E-002  0.49528152659686880       -1.7935147423828741E-003  0.49528477392633019     
  0.10999999999999999       0.49521245988267026       -1.9728580845460274E-003  0.49521638966422249     
  0.11999999999999998       0.49513721038295022       -2.1521997873822189E-003  0.49514188781573987     
  0.12999999999999998       0.49505584735497016       -2.3315399338834598E-003  0.49506133769343247     
  0.13999999999999999       0.49496844014727076       -2.5108786433955784E-003  0.49497480870584132     
  0.14999999999999999       0.49487505819011268       -2.6902160710506728E-003  0.49488237034792049     
  0.16000000000000000       0.49477577098593867       -2.8695524071937796E-003  0.49478409219148067     
  0.17000000000000001       0.49467064809991235       -3.0488878768043658E-003  0.49468004387570824     
  0.18000000000000002       0.49455975915040601       -3.2282227389124627E-003  0.49457029509763284     
  0.19000000000000003       0.49444317379960406       -3.4075572860098350E-003  0.49445491560270982     
  0.20000000000000004       0.49432096174406498       -3.5868918434560711E-003  0.49433397517536060     
  0.21000000000000005       0.49419319270539175       -3.7662267688803393E-003  0.49420754362962033     
  0.22000000000000006       0.49405993642087004       -3.9455624515775476E-003  0.49407569079975333     
  0.23000000000000007       0.49392126263417763       -4.1248993119015068E-003  0.49393848653093797     
  0.24000000000000007       0.49377724108614424       -4.3042378006522344E-003  0.49379600067000218     
  0.25000000000000006       0.49362794150551964       -4.4835783984601869E-003  0.49364830305616553     
  0.26000000000000006       0.49347343359981855       -4.6629216151660349E-003  0.49349546351185813     
  0.27000000000000007       0.49331378704617201       -4.8422679891965111E-003  0.49333755183354444     
  0.28000000000000008       0.49314907148225312       -5.0216180869369475E-003  0.49317463778262105     
  0.29000000000000009       0.49297935649723962       -5.2009725020997636E-003  0.49300679107635026     
  0.30000000000000010       0.49280471162281336       -5.3803318550902221E-003  0.49283408137882989     
  0.31000000000000011       0.49262520632422802       -5.5596967923681887E-003  0.49265657829203019     
  0.32000000000000012       0.49244090999142220       -5.7390679858075836E-003  0.49247435134687539     
  0.33000000000000013       0.49225189193015517       -5.9184461320524904E-003  0.49228746999434708     
  0.34000000000000014       0.49205822135325888       -6.0978319518704442E-003  0.49209600359670264     
  0.35000000000000014       0.49185996737187038       -6.2772261895040118E-003  0.49190002141867362     
  0.36000000000000015       0.49165719898677251       -6.4566296120186772E-003  0.49169959261877128     
  0.37000000000000016       0.49144998507978199       -6.6360430086496733E-003  0.49149478624063814     
  0.38000000000000017       0.49123839440517691       -6.8154671901457789E-003  0.49128567120443895     
  0.39000000000000018       0.49102249558119876       -6.9949029881121996E-003  0.49107231629832432     
  0.40000000000000019       0.49080235708162995       -7.1743512543505144E-003  0.49085479016996930     
  0.41000000000000020       0.49057804722738552       -7.3538128601989107E-003  0.49063316131812545     
  0.42000000000000021       0.49034963417823663       -7.5332886958685572E-003  0.49040749808430312     
  0.43000000000000022       0.49011718592453107       -7.7127796697809376E-003  0.49017786864445029     
  0.44000000000000022       0.48988077027904992       -7.8922867079030921E-003  0.48994434100076617     
  0.45000000000000023       0.48964045486884605       -8.0718107530819809E-003  0.48970698297349613     
  0.46000000000000024       0.48939630712724885       -8.2513527643782759E-003  0.48946586219289157     
  0.47000000000000025       0.48914839428585433       -8.4309137164000174E-003  0.48922104609115397     
  0.48000000000000026       0.48889678336662729       -8.6104945986352488E-003  0.48897260189449060     
  0.49000000000000027       0.48864154117409203       -8.7900964147846344E-003  0.48872059661525735     
  0.50000000000000022       0.48838273428754780       -8.9697201820944407E-003  0.48846509704412511     
  0.51000000000000023       0.48812042905339331       -9.1493669306890422E-003  0.48820616974235503     
  0.52000000000000024       0.48785469157752998       -9.3290377029041777E-003  0.48794388103415037     
  0.53000000000000025       0.48758558771781912       -9.5087335526207288E-003  0.48767829699906251     
  0.54000000000000026       0.48731318307662630       -9.6884555445983338E-003  0.48740948346448199     
  0.55000000000000027       0.48703754299346447       -9.8682047538114909E-003  0.48713750599822830     
  0.56000000000000028       0.48675873253767199       -1.0047982264784806E-002  0.48686242990117273     
  0.57000000000000028       0.48647681650123098       -1.0227789170930344E-002  0.48658432020000125     
  0.58000000000000029       0.48619185939161319       -1.0407626573886339E-002  0.48630324164000349     
  0.59000000000000030       0.48590392542474176       -1.0587495582857317E-002  0.48601925867797668     
  0.60000000000000031       0.48561307851801838       -1.0767397313955790E-002  0.48573243547519418     
  0.61000000000000032       0.48531938228345273       -1.0947332889545322E-002  0.48544283589047499     
  0.62000000000000033       0.48502290002086929       -1.1127303437586753E-002  0.48515052347333021     
  0.63000000000000034       0.48472369471119886       -1.1307310090985510E-002  0.48485556145719233     
  0.64000000000000035       0.48442182900984965       -1.1487353986941664E-002  0.48455801275272425     
  0.65000000000000036       0.48411736524018845       -1.1667436266302853E-002  0.48425793994123656     
  0.66000000000000036       0.48381036538710415       -1.1847558072918393E-002  0.48395540526818626     
  0.67000000000000037       0.48350089109063554       -1.2027720552999136E-002  0.48365047063673955     
  0.68000000000000038       0.48318900363973610       -1.2207924854476913E-002  0.48334319760146977     
  0.69000000000000039       0.48287476396608564       -1.2388172126369156E-002  0.48303364736210197     
  0.70000000000000040       0.48255823263803882       -1.2568463518146627E-002  0.48272188075739281     
  0.71000000000000041       0.48223946985461064       -1.2748800179104219E-002  0.48240795825904725     
  0.72000000000000042       0.48191853543962465       -1.2929183257735411E-002  0.48209193996579625     
  0.73000000000000043       0.48159548883588937       -1.3109613901110722E-002  0.48177388559750250     
  0.74000000000000044       0.48127038909952502       -1.3290093254260249E-002  0.48145385448941536     
  0.75000000000000044       0.48094329489434251       -1.3470622459559845E-002  0.48113190558647689     
  0.76000000000000045       0.48061426448636069       -1.3651202656121596E-002  0.48080809743776565     
  0.77000000000000046       0.48028335573837744       -1.3831834979189288E-002  0.48048248819099365     
  0.78000000000000047       0.47995062610467565       -1.4012520559538119E-002  0.48015513558713674     
  0.79000000000000048       0.47961613262581104       -1.4193260522878524E-002  0.47982609695514672     
  0.80000000000000049       0.47927993192349949       -1.4374055989265838E-002  0.47949542920676191     
  0.81000000000000050       0.47894208019561130       -1.4554908072514191E-002  0.47916318883142378     
  0.82000000000000051       0.47860263321125018       -1.4735817879616545E-002  0.47882943189127763     
  0.83000000000000052       0.47826164630595441       -1.4916786510168189E-002  0.47849421401629483     
  0.84000000000000052       0.47791917437698750       -1.5097815055798129E-002  0.47815759039948375     
  0.85000000000000053       0.47757527187873072       -1.5278904599603699E-002  0.47781961579220184     
  0.86000000000000054       0.47722999281817396       -1.5460056215592861E-002  0.47748034449956545     
  0.87000000000000055       0.47688339075052211       -1.5641270968130491E-002  0.47713983037597441     
  0.88000000000000056       0.47653551877489164       -1.5822549911392883E-002  0.47679812682072653     
  0.89000000000000057       0.47618642953011758       -1.6003894088826055E-002  0.47645528677374127     
  0.90000000000000058       0.47583617519066451       -1.6185304532611737E-002  0.47611136271138726     
  0.91000000000000059       0.47548480746263583       -1.6366782263139455E-002  0.47576640664240771     
  0.92000000000000060       0.47513237757989801       -1.6548328288485410E-002  0.47542047010395994     
  0.93000000000000060       0.47477893630028012       -1.6729943603897075E-002  0.47507360415772948     
  0.94000000000000061       0.47442453390194117       -1.6911629191285596E-002  0.47472585938621215     
  0.95000000000000062       0.47406922017976139       -1.7093386018723955E-002  0.47437728588901912     
  0.96000000000000063       0.47371304444190304       -1.7275215039954498E-002  0.47402793327935128     
  0.97000000000000064       0.47335605550644794       -1.7457117193899988E-002  0.47367785068054952     
  0.98000000000000065       0.47299830169814544       -1.7639093404184514E-002  0.47332708672275597     
  0.99000000000000066       0.47263983084526034       -1.7821144578662379E-002  0.47297568953967378     
   1.0000000000000007       0.47228069027654479       -1.8003271608951057E-002  0.47262370676545129     
   1.1000000000000008       0.46866249983416447       -1.9828897636653575E-002  0.46908178810554252     
   1.2000000000000008       0.46502559121452669       -2.1662952889631003E-002  0.46552989593829358     
   1.3000000000000009       0.46140869196032214       -2.3505997130336527E-002  0.46200704855838165     
   1.4000000000000010       0.45784515019345468       -2.5358347883347492E-002  0.45854686495825042     
   1.5000000000000011       0.45436291699760623       -2.7220057994185354E-002  0.45517753887882079     
   1.6000000000000012       0.45098462583377630       -2.9090902838457972E-002  0.45192191069518617     
   1.7000000000000013       0.44772776213303300       -3.0970377257184011E-002  0.44879763062220601     
   1.8000000000000014       0.44460491453296153       -3.2857702004767765E-002  0.44581740500780825     
   1.9000000000000015       0.44162409780167450       -3.4751839215954976E-002  0.44298931599761471     
   2.0000000000000013       0.43878913635738664       -3.6651516136362083E-002  0.44031720363887134     
   2.1000000000000014       0.43610009646501369       -3.8555256126301882E-002  0.43780109857303806     
   2.2000000000000015       0.43355375468705459       -4.0461415747131468E-002  0.43543769286489764     
   2.3000000000000016       0.43114408998816722       -4.2368226579526894E-002  0.43322083624315549     
   2.4000000000000017       0.42886278703523795       -4.4273840308781717E-002  0.43114204508412229     
   2.5000000000000018       0.42669973868279693       -4.6176375546687208E-002  0.42919101184740094     
   2.6000000000000019       0.42464353636401037       -4.8073964844302104E-002  0.42735610335127283     
   2.7000000000000020       0.42268193808969989       -4.9964800384777866E-002  0.42562483722728822     
   2.8000000000000020       0.42080230495503645       -5.1847176928410427E-002  0.42398432708169459     
   2.9000000000000021       0.41899199842401419       -5.3719530709685590E-002  0.42242168827253407     
   3.0000000000000022       0.41723873216017004       -5.5580473153231044E-002  0.42092439773736468     
   3.1000000000000023       0.41553087375125253       -5.7428818475919532E-002  0.41948060292702388     
   3.2000000000000024       0.41385769328768662       -5.9263604468489696E-002  0.41807937656383209     
   3.3000000000000025       0.41220955735328252       -6.1084105993833612E-002  0.41671091559791784     
   3.4000000000000026       0.41057806852728751       -6.2889840991876472E-002  0.41536668433515644     
   3.5000000000000027       0.40895615193889956       -6.4680569033994370E-002  0.41403950321102651     
   3.6000000000000028       0.40733809172306684       -6.6456282714537865E-002  0.41272358604860976     
   3.7000000000000028       0.40571952136958878       -6.8217192395155710E-002  0.41141452983413929     
   3.8000000000000029       0.40409737291217879       -6.9963705021745329E-002  0.41010926204475595     
   3.9000000000000030       0.40246979065383193       -7.1696397907742099E-002  0.40880595135330966     
   4.0000000000000027       0.40083601565895244       -7.3415988515749847E-002  0.40750388810303229     
   4.1000000000000023       0.39919624755902972       -7.5123301368517317E-002  0.40620334128822133     
   4.2000000000000020       0.39755149032069681       -7.6819233277575338E-002  0.40490539889900412     
   4.3000000000000016       0.39590338852312063       -7.8504718092644421E-002  0.40361179839902422     
   4.4000000000000012       0.39425406040198163       -8.0180692147972174E-002  0.40232475382056382     
   4.5000000000000009       0.39260593346046907       -8.1848061515164688E-002  0.40104678550283435     
   4.6000000000000005       0.39096158784881418       -8.3507672069423416E-002  0.39978055789110156     
   4.7000000000000002       0.38932361200063786       -8.5160283242051063E-002  0.39852873008490819     
   4.7999999999999998       0.38769447421675274       -8.6806546172364468E-002  0.39729382300330218     
   4.8999999999999995       0.38607641303581386       -8.8446986793243920E-002  0.39607810615509237     
   4.9999999999999991       0.38447134835659669       -9.0081994193288842E-002  0.39488350609385958     
   5.0999999999999988       0.38288081440864730       -9.1711814402328465E-002  0.39371153773187312     
   5.1999999999999984       0.38130591483347898       -9.3336549552765907E-002  0.39256325881240117     
   5.2999999999999980       0.37974729936230800       -9.4956162184002796E-002  0.39143924702267785     
   5.3999999999999977       0.37820516087949246       -9.6570484287144293E-002  0.39033959849256439     
   5.4999999999999973       0.37667925106058187       -9.8179230537997764E-002  0.38926394578562523     
   5.5999999999999970       0.37516891228294452       -9.9782015042597705E-002  0.38821149296424612     
   5.6999999999999966       0.37367312313399670      -0.10137837082475576       0.38718106490865067     
   5.7999999999999963       0.37219055459057881      -0.10296777122172054       0.38617116779585087     
   5.8999999999999959       0.37071963381300382      -0.10454965232314627       0.38518005749952633     
   5.9999999999999956       0.36925861248399350      -0.10612343559012705       0.38420581265131315     
   6.0999999999999952       0.36780563671792954      -0.10768854982370939       0.38324640919989728     
   6.1999999999999948       0.36635881575858559      -0.10924445171378035       0.38229979350540821     
   6.2999999999999945       0.36491628695927947      -0.11079064428607206       0.38136395129779915     
   6.3999999999999941       0.36347627488312739      -0.11232669267312671       0.38043697019322115     
   6.4999999999999938       0.36203714275506982      -0.11385223675961656       0.37951709388303262     
   6.5999999999999934       0.36059743492424640      -0.11536700038809992       0.37860276656740632     
   6.6999999999999931       0.35915590943749848      -0.11687079695274250       0.37769266668052448     
   6.7999999999999927       0.35771156026527534      -0.11836353135021427       0.37678572942869115     
   6.8999999999999924       0.35626362914433884      -0.11984519839360908       0.37588115811928979     
   6.9999999999999920       0.35481160739357809      -0.12131587792197868       0.37497842468226755     
   7.0999999999999917       0.35335522840789080      -0.12277572695058657       0.37407726016350912     
   7.1999999999999913       0.35189445183104279      -0.12422496930160161       0.37317763629061956     
   7.2999999999999909       0.35042944064482834      -0.12566388322896804       0.37227973946862997     
   7.3999999999999906       0.34896053258430854      -0.12709278760257658       0.37138393875088066     
   7.4999999999999902       0.34748820739573494      -0.12851202724471689       0.37049074944679544     
   7.5999999999999899       0.34601305149596223      -0.12992195801602704       0.36960079407418173     
   7.6999999999999895       0.34453572157267659      -0.13132293222963587       0.36871476234210432     
   7.7999999999999892       0.34305690858889903      -0.13271528493257084       0.36783337176676301     
   7.8999999999999888       0.34157730352997123      -0.13409932153523757       0.36695733038463357     
   7.9999999999999885       0.34009756606455299      -0.13547530719581641       0.36608730284296093     
   8.0999999999999890       0.33861829709271452      -0.13684345828037320       0.36522388092798930     
   8.1999999999999886       0.33714001593327536      -0.13820393612504484       0.36436755934625220     
   8.2999999999999883       0.33566314266938163      -0.13955684322790254       0.36351871731511026     
   8.3999999999999879       0.33418798593544835      -0.14090222189896093       0.36267760625610101     
   8.4999999999999876       0.33271473619916031      -0.14224005530110534       0.36184434362877410     
   8.5999999999999872       0.33124346437738345      -0.14357027072597223       0.36101891270272790     
   8.6999999999999869       0.32977412543190754      -0.14489274487020587       0.36020116784985867     
   8.7999999999999865       0.32830656642538325      -0.14620731081152177       0.35939084475367694     
   8.8999999999999861       0.32684053838427163      -0.14751376633267729       0.35858757478330489     
   8.9999999999999858       0.32537571121675629      -0.14881188320610919       0.35779090266964403     
   9.0999999999999854       0.32391169087074062      -0.15010141703325827       0.35700030655187726     
   9.1999999999999851       0.32244803789013277      -0.15138211723048348       0.35621521943395451     
   9.2999999999999847       0.32098428653503597      -0.15265373676725932       0.35543505110134221     
   9.3999999999999844       0.31951996367064234      -0.15391604129084660       0.35465920959525948     
   9.4999999999999840       0.31805460669658742      -0.15516881731296867       0.35388712142041329     
   9.5999999999999837       0.31658777987901937      -0.15641187918611738       0.35311824976806139     
   9.6999999999999833       0.31511908855623044      -0.15764507465732183       0.35235211016286250     
   9.7999999999999829       0.31364819081014950      -0.15886828885290691       0.35158828308339657     
   9.8999999999999826       0.31217480632452066      -0.16008144661605431       0.35082642325577562     
   9.9999999999999822       0.31069872228091183      -0.16128451318710813       0.35006626547125852     
