   1.4033023511483831E-003   3.6011585320111020E-003         (1.0846942232856558,3.67995665271833240E-015)
   7.3924400512135344E-003   8.3794638024942622E-003         (1.0839049469704116,3.63901392060833484E-015)
   1.8161336045278809E-002   1.3156824365909439E-002         (1.0824470008778526,3.54996180943545315E-015)
   3.3702069060661088E-002   1.7922196994007000E-002         (1.0802553577887506,3.44411642977154696E-015)
   5.4000045624833959E-002   2.2670525050470371E-002         (1.0772373636818566,3.27142351949069284E-015)
   7.9035891848898920E-002   2.7397173418911468E-002         (1.0732735505418785,3.07244370155508309E-015)
  0.10878564856778450        3.2097591350888688E-002         (1.0682191646798860,2.84582262677539190E-015)
  0.14322082720914689        3.6767268373956073E-002         (1.0619063326235274,2.59813839786576437E-015)
  0.18230844583432851        4.1401728128614382E-002         (1.0541469875053944,2.25265187510732225E-015)
  0.22601106364404361        4.5996529704611162E-002         (1.0447366954218282,1.95515025151382426E-015)
  0.27428681797675752        5.0547270897557298E-002         (1.0334595126045980,1.52573506033519915E-015)
  0.32708946490527341        5.5049592040298967E-002         (1.0200939772064688,1.26154110841853720E-015)
  0.38436842377192892        5.9499180013559833E-002         (1.0044202925953907,7.54632190153333061E-016)
  0.44606882576302992        6.3891772300448735E-002        (0.98622869076945785,3.74340455179544152E-016)
  0.51213156653560521        6.8223161031108009E-002       (0.96532887472551243,-9.73537915100303363E-017)
  0.58249336287319675        7.2489196993194935E-002       (0.94156032942442980,-4.37526240268801266E-016)
  0.65708681332934926        7.6685793595228563E-002       (0.91480316734549461,-9.55187235188391375E-016)
  0.73584046280744708        8.0808930774774967E-002       (0.88498904478526874,-1.38380237601629097E-015)
  0.81867887101855441        8.4854658845467307E-002       (0.85211156074710870,-1.74322181069977073E-015)
  0.90552268475371278        8.8819102278058171E-002       (0.81623544625591804,-2.03660487039372433E-015)
  0.99628871390256446        9.2698463411467091E-002       (0.77750378503253847,-2.56588126421712927E-015)
   1.0908900111462849        9.6489026089589813E-002       (0.73614249382477803,-3.01677540881757927E-015)
   1.1892359552487530       0.10018715922048080            (0.69246134746133736,-3.42887224561431087E-015)
   1.2912323378665771       0.10378932025422750            (0.64685097021556737,-3.24900977034007198E-015)
   1.3967814537949170       0.10729205857614310            (0.59977543400709632,-3.62293147888282348E-015)
   1.5057821945627801       0.11069201881199080            (0.55176039786728859,-3.51755388106160939E-015)
   1.6181301452882300       0.11398594404203290            (0.50337707290991163,-3.74763363820575150E-015)
   1.7337176847007749       0.11717067892082279            (0.45522267231303726,-4.15034441847839647E-015)
   1.8524340882351109       0.12024317269970000            (0.40789836679629976,-3.76902574143944515E-015)
   1.9741656340975731       0.12320048214914550            (0.36198606805454703,-3.79879255216617958E-015)
   2.0987957122036320       0.12603977437811911            (0.31802556199050858,-3.41454566501766953E-015)
   2.2262049358821341       0.12875832954775271            (0.27649357500244176,-3.31660240708955237E-015)
   2.3562712562393018       0.13135354347673259            (0.23778625975083464,-2.70131533573448347E-015)
   2.4888700790729028       0.13382293013586849            (0.20220633176318087,-2.63206432713481068E-015)
   2.6238743842246182       0.13616412402953351            (0.16995569739949581,-2.10382333205484631E-015)
   2.7611548472563232       0.13837488246165519            (0.14113393025289392,-1.01708980193054297E-015)
   2.9005799633336649       0.14045308768400111            (0.11574243509549723,-9.24236645489600623E-016)
   3.0420161731982889       0.14239674892484550       (9.36936501088758700E-002,-6.10941617209574180E-016)
   3.1853279911080921       0.14420400429597729        (7.48242390540826141E-002,1.44185309137291509E-017)
   3.3303781346228400       0.14587312257625079        (5.89109607201068336E-002,7.44320047871687519E-016)
   3.4770276561109328       0.14740250486995851        (4.56877976021235269E-002,1.30391815208915417E-015)
   3.6251360758513012       0.14879068613849480        (3.48629791885771007E-002,1.28974388930896260E-015)
   3.7745615166028998       0.15003633660365540        (2.61347247633928470E-002,1.82620547780963951E-015)
   3.9251608395129529       0.15113826302160380        (1.92048166354712238E-002,2.21545426828085255E-015)
   4.0767897812337139       0.15209540982582290        (1.37894489013686596E-002,2.68584244091095432E-015)
   4.2293030921164210       0.15290686013826610        (9.62713112087247233E-003,2.93041875177058945E-015)
   4.3825546753500522       0.15357183664770649        (6.48372033297790404E-003,3.14618434359428279E-015)
   4.5363977269115852       0.15408970235432370        (4.15488120675078232E-003,3.20807105423361561E-015)
   4.6906848761937594       0.15445996117988589        (2.46642010934599101E-003,3.62541966985853881E-015)
   4.8452683271755088       0.15468225844298891        (1.27300549999462493E-003,3.55262152964661107E-015)
   4.9999999999999991       0.15475638119878171        (4.55785860941688547E-004,3.40012406582822011E-015)
   5.1547316728244903       0.15468225844298950       (-8.06348661195555798E-005,3.30389262596648443E-015)
   5.3093151238062406       0.15445996117988339       (-4.11485927061577687E-004,3.31661954954580971E-015)
   5.4636022730884104       0.15408970235432370       (-5.95097769168721389E-004,2.91109605763805325E-015)
   5.6174453246499496       0.15357183664770541       (-6.75956180309461390E-004,2.69779033556020518E-015)
   5.7706969078835790       0.15290686013826010       (-6.87429003176948106E-004,2.69279552539893792E-015)
   5.9232102187662878       0.15209540982582831       (-6.54114889472343889E-004,2.18107878587404739E-015)
   6.0748391604870484       0.15113826302160929       (-5.93808832623806521E-004,2.33294237916061489E-015)
   6.2254384833970970       0.15003633660365320       (-5.19108329870372667E-004,2.00691827248304875E-015)
   6.3748639241486966       0.14879068613848589       (-4.38700008798595734E-004,1.80175590198645378E-015)
   6.5229723438890641       0.14740250486996201       (-3.58372908864744942E-004,1.66800735527678382E-015)
   6.6696218653771613       0.14587312257625010       (-2.81804614534770701E-004,1.70774026145487997E-015)
   6.8146720088919093       0.14420400429597949       (-2.11162774807860891E-004,1.51966232032421385E-015)
   6.9579838268017120       0.14239674892484641       (-1.47559169672700709E-004,1.64411406675746659E-015)
   7.0994200366663378       0.14045308768400161       (-9.13876710854551346E-005,1.48219377549970339E-015)
   7.2388451527436768       0.13837488246165650       (-4.25719195672009189E-005,1.46828858623394993E-015)
   7.3761256157753827       0.13616412402953590       (-7.43635785624428311E-007,1.37323868469482151E-015)
   7.5111299209270967       0.13382293013586580        (3.46316919781682143E-005,1.33282176864802899E-015)
   7.6437287437606951       0.13135354347673520        (6.41684869527971494E-005,1.46438021120032277E-015)
   7.7737950641178672       0.12875832954775909        (8.85037405466882106E-005,1.35424632503872039E-015)
   7.9012042877963724       0.12603977437812161        (1.08260601360596706E-004,1.44121513974765234E-015)
   8.0258343659024263       0.12320048214913860        (1.24026752665826645E-004,1.35896104815031376E-015)
   8.1475659117648860       0.12024317269969990        (1.36342962424461405E-004,1.30773997148007427E-015)
   8.2662823152992253       0.11717067892081910        (1.45698402570790383E-004,1.34725071038366864E-015)
   8.3818698547117680       0.11398594404203451        (1.52530281587893632E-004,1.35443869411044811E-015)
   8.4942178054372217       0.11069201881198500        (1.57226061003395967E-004,1.28460140468174783E-015)
   8.6032185462050847       0.10729205857614869        (1.60127072440582701E-004,1.23254398660803535E-015)
   8.7087676621334218       0.10378932025422240        (1.61532753321455953E-004,1.21781137342724378E-015)
   8.8107640447512470       0.10018715922047770        (1.61705007649846384E-004,1.14981859552287286E-015)
   8.9091099888537144        9.6489026089588079E-002   (1.60872400133091375E-004,1.05005086809664471E-015)
   9.0037112860974329        9.2698463411470367E-002   (1.59234029049651235E-004,1.04040060539844437E-015)
   9.0944773152462908        8.8819102278059059E-002   (1.56963013045766840E-004,9.50093495374997243E-016)
   9.1813211289814411        8.4854658845461853E-002   (1.54209582878133225E-004,8.99349517132754876E-016)
   9.2641595371925511        8.0808930774778423E-002   (1.51103801173127061E-004,8.17691854252033094E-016)
   9.3429131866706516        7.6685793595227522E-002   (1.47757949163162904E-004,7.66105976972770112E-016)
   9.4175066371268041        7.2489196993191174E-002   (1.44268624678094295E-004,7.09827709054639600E-016)
   9.4878684334643921        6.8223161031115157E-002   (1.40718594509601044E-004,6.60533174837436896E-016)
   9.5539311742369701        6.3891772300448235E-002   (1.37178439509097851E-004,6.06760189794268515E-016)
   9.6156315762280702        5.9499180013558819E-002   (1.33708024447253969E-004,5.39556884551186762E-016)
   9.6729105350947293        5.5049592040302832E-002   (1.30357818055077724E-004,4.37915675876111302E-016)
   9.7257131820232416        5.0547270897555480E-002   (1.27170082584836394E-004,3.92797280120579746E-016)
   9.7739889363559556        4.5996529704606791E-002   (1.24179947073414245E-004,4.04538422591597450E-016)
   9.8176915541656733        4.1401728128618587E-002   (1.21416374412743679E-004,3.04670842668837114E-016)
   9.8567791727908585        3.6767268373957399E-002   (1.18903029284228657E-004,2.99516879250490340E-016)
   9.8912143514322182        3.2097591350888181E-002   (1.16659051866447534E-004,2.29846940798763660E-016)
   9.9209641081511037        2.7397173418911829E-002   (1.14699740782266835E-004,2.44658014921211657E-016)
   9.9459999543751678        2.2670525050469219E-002   (1.13037147802389084E-004,1.80306448939719286E-016)
   9.9662979309393389        1.7922196994011829E-002   (1.11680586075404395E-004,1.37040226976404976E-016)
   9.9818386639547203        1.3156824365909120E-002   (1.10637052352276490E-004,7.98751382436335040E-017)
   9.9926075599487909        8.3794638024927877E-003   (1.09911556596502922E-004,1.42272744173235256E-016)
   9.9985966976488534        3.6011585320100820E-003   (1.09507254978726372E-004,1.04566782216142249E-016)
