  -4.9985966976488516        3.6011585320111020E-003  (1.06457088644247300E-002,-9.59232608568298499E-003)
  -4.9926075599487856        8.3794638024942622E-003  (1.06027213268969391E-002,-9.70722987614014605E-003)
  -4.9818386639547212        1.3156824365909439E-002  (1.05214616670726898E-002,-9.91464379624461788E-003)
  -4.9662979309393389        1.7922196994007000E-002  (1.03950769512260663E-002,-1.02157239307577984E-002)
  -4.9459999543751660        2.2670525050470371E-002  (1.02134375233983617E-002,-1.06119019978068579E-002)
  -4.9209641081511011        2.7397173418911468E-002  (9.96285598348119715E-003,-1.11047148941623239E-002)
  -4.8912143514322164        3.2097591350888688E-002  (9.62574980799033725E-003,-1.16955187331311602E-002)
  -4.8567791727908531        3.6767268373956073E-002  (9.18025154167629621E-003,-1.23851017575449703E-002)
  -4.8176915541656724        4.1401728128614382E-002  (8.59978810211356644E-003,-1.31731796480863417E-002)
  -4.7739889363559556        4.5996529704611162E-002  (7.85266176986686680E-003,-1.40577519222644508E-002)
  -4.7257131820232434        5.0547270897557298E-002  (6.90167923564355325E-003,-1.50342957653761822E-002)
  -4.6729105350947266        5.5049592040298967E-002  (5.70389266769057070E-003,-1.60947727710434689E-002)
  -4.6156315762280711        5.9499180013559833E-002  (4.21053865689682578E-003,-1.72264252213728160E-002)
  -4.5539311742369701        6.3891772300448735E-002  (2.36728727501550216E-003,-1.84103425687478992E-002)
  -4.4878684334643948        6.8223161031108009E-002  (1.14943984278306565E-004,-1.96197867842330814E-002)
  -4.4175066371268032        7.2489196993194935E-002 (-2.60921921619713384E-003,-2.08182785642269212E-002)
  -4.3429131866706507        7.6685793595228563E-002 (-5.86929230407076240E-003,-2.19574665680119969E-002)
  -4.2641595371925529        8.0808930774774967E-002 (-9.72747196943776933E-003,-2.29748305022080025E-002)
  -4.1813211289814456        8.4854658845467307E-002 (-1.42394545046459556E-002,-2.37913074976505365E-002)
  -4.0944773152462872        8.8819102278058171E-002 (-1.94481992043053671E-002,-2.43089810653920498E-002)
  -4.0037112860974364        9.2698463411467091E-002 (-2.53758001073321332E-002,-2.44090333080819316E-002)
  -3.9091099888537149        9.6489026089589813E-002 (-3.20132565384983539E-002,-2.39502331727734739E-002)
  -3.8107640447512470       0.10018715922048080      (-3.93080369657922979E-002,-2.27683133306032480E-002)
  -3.7087676621334231       0.10378932025422750      (-4.71495009364503379E-002,-2.06766700089866216E-002)
  -3.6032185462050830       0.10729205857614310      (-5.53524939301236127E-002,-1.74688941998259392E-002)
  -3.4942178054372199       0.11069201881199080      (-6.36397687087126435E-002,-1.29236952323787922E-002)
  -3.3818698547117698       0.11398594404203290      (-7.16243144447566565E-002,-6.81278995315415595E-003)
  -3.2662823152992249       0.11717067892082279       (-7.87931772041614020E-002,1.08772017648198259E-003)
  -3.1475659117648891       0.12024317269970000       (-8.44948984014624177E-002,1.09821016025740611E-002)
  -3.0258343659024272       0.12320048214914550       (-8.79332223556427983E-002,2.30357420812775625E-002)
  -2.9012042877963680       0.12603977437811911       (-8.81701431392951512E-002,3.73521631186312583E-002)
  -2.7737950641178659       0.12875832954775271       (-8.41415612764291193E-002,5.39470761230304019E-002)
  -2.6437287437606982       0.13135354347673259       (-7.46886709456284353E-002,7.27209183143584653E-002)
  -2.5111299209270972       0.13382293013586849       (-5.86075651898372435E-002,9.34320362584440817E-002)
  -2.3761256157753818       0.13616412402953351            (-3.47183212801529667E-002,0.11567341680279898)
  -2.2388451527436768       0.13837488246165519            (-1.95295965668391860E-003,0.13885647945923171)
  -2.0994200366663351       0.14045308768400111             (4.05407986574475299E-002,0.16220579263689811)
  -1.9579838268017109       0.14239674892484550             (9.32859489853171825E-002,0.18476849699167366)
  -1.8146720088919079       0.14420400429597729                  (0.15636177779146967,0.20544156672157199)
  -1.6696218653771600       0.14587312257625079                  (0.22930024974153357,0.22301872191798877)
  -1.5229723438890670       0.14740250486995851                  (0.31100664614602891,0.23625682563867120)
  -1.3748639241486991       0.14879068613849480                  (0.39971823575465287,0.24395909196074997)
  -1.2254384833970999       0.15003633660365540                  (0.49301320526891085,0.24506967532187540)
  -1.0748391604870460       0.15113826302160380                  (0.58787840773276001,0.23877161597106508)
 -0.92321021876628562       0.15209540982582290                  (0.68083882564626896,0.22457816564218178)
 -0.77069690788357925       0.15290686013826610                  (0.76814451901900338,0.20240668176309329)
 -0.61744532464994806       0.15357183664770649                  (0.84600314378876973,0.17262490463964666)
 -0.46360227308841478       0.15408970235432370                  (0.91083905174303703,0.13606164242435403)
 -0.30931512380624121       0.15445996117988589             (0.95955474731392987,9.39775174852043177E-002)
 -0.15473167282449099       0.15468225844298891             (0.98976812037319650,4.79960203787199377E-002)
  -9.4532747888206299E-016  0.15475638119878171              (1.0000000200623700,2.95611808294084402E-016)
  0.15473167282448999       0.15468225844298950            (0.98979142981632062,-4.79968767010533551E-002)
  0.30931512380624160       0.15445996117988339            (0.95973717979543882,-9.39909443235834308E-002)
  0.46360227308841068       0.15408970235432370                 (0.91143269515545189,-0.13612736957460661)
  0.61744532464994983       0.15357183664770541                 (0.84734030328385890,-0.17282313097190996)
  0.77069690788357859       0.15290686013826010                 (0.77059061858407951,-0.20286251705702718)
  0.92321021876628773       0.15209540982582831                 (0.68474119799722422,-0.22545717647906729)
   1.0748391604870480       0.15113826302160929                 (0.59351814526178792,-0.24026724672596675)
   1.2254384833970970       0.15003633660365320                 (0.50056632452237260,-0.24738471021605418)
   1.3748639241486971       0.14879068613848589                 (0.40923059235108372,-0.24728420400682483)
   1.5229723438890641       0.14740250486996201                 (0.32238473188659267,-0.24074951157251043)
   1.6696218653771611       0.14587312257625010                 (0.24231765028488950,-0.22878558382016612)
   1.8146720088919090       0.14420400429597949                 (0.17067905191440794,-0.21252611880663949)
   1.9579838268017120       0.14239674892484641                 (0.10848027303465892,-0.19314565712150406)
   2.0994200366663378       0.14045308768400161            (5.61410194760289666E-002,-0.17178317414313457)
   2.2388451527436759       0.13837488246165650            (1.35697751791393831E-002,-0.14948170337923730)
   2.3761256157753818       0.13616412402953590           (-1.97353364914732397E-002,-0.12714602910852452)
   2.5111299209270972       0.13382293013586580           (-4.45777369677149982E-002,-0.10551828299212050)
   2.6437287437606951       0.13135354347673520      (-6.19561642474993762E-002,-8.51695888851759786E-002)
   2.7737950641178668       0.12875832954775909      (-7.29689175048243710E-002,-6.65048149798218163E-002)
   2.9012042877963720       0.12603977437812161      (-7.87336037824445251E-002,-4.97769945955975207E-002)
   3.0258343659024272       0.12320048214913860      (-8.03247577421846021E-002,-3.51079710565895126E-002)
   3.1475659117648860       0.12024317269969990      (-7.87295066272990646E-002,-2.25121725976114538E-002)
   3.2662823152992249       0.11717067892081910      (-7.48198395541404410E-002,-1.19209869614279249E-002)
   3.3818698547117680       0.11398594404203451      (-6.93390263505607868E-002,-3.20585505386503490E-003)
   3.4942178054372222       0.11069201881198500       (-6.28992500410734678E-002,3.80115938227124518E-003)
   3.6032185462050852       0.10729205857614869       (-5.59874574426181132E-002,9.29000650027252475E-003)
   3.7087676621334209       0.10378932025422240       (-4.89766678801090566E-002,1.34587264061497899E-002)
   3.8107640447512470       0.10018715922047770       (-4.21403914206186087E-002,1.65028685626390573E-002)
   3.9091099888537140        9.6489026089588079E-002  (-3.56682957752113700E-002,1.86079428275211685E-002)
   4.0037112860974329        9.2698463411470367E-002  (-2.96817513884441060E-002,1.99444703936384540E-002)
   4.0944773152462908        8.8819102278059059E-002  (-2.42483288495884443E-002,2.06651571165458459E-002)
   4.1813211289814420        8.4854658845461853E-002  (-1.93946954416641774E-002,2.09037186428759278E-002)
   4.2641595371925520        8.0808930774778423E-002  (-1.51176490945359229E-002,2.07749273794035905E-002)
   4.3429131866706516        7.6685793595227522E-002  (-1.13932406890127937E-002,2.03755103220646452E-002)
   4.4175066371268041        7.2489196993191174E-002  (-8.18407894776407123E-003,1.97855926829835181E-002)
   4.4878684334643930        6.8223161031115157E-002  (-5.44499871907950898E-003,1.90704473077652724E-002)
   4.5539311742369701        6.3891772300448235E-002  (-3.12731661581596180E-003,1.82823692555348430E-002)
   4.6156315762280702        5.9499180013558819E-002  (-1.18191002597125205E-003,1.74625461051623465E-002)
   4.6729105350947284        5.5049592040302832E-002   (4.38653071493489029E-004,1.66428366753984501E-002)
   4.7257131820232434        5.0547270897555480E-002   (1.77872701200383230E-003,1.58474041034600485E-002)
   4.7739889363559556        4.5996529704606791E-002   (2.87876472769904666E-003,1.50941744353887981E-002)
   4.8176915541656742        4.1401728128618587E-002   (3.77490705008410319E-003,1.43961101780241477E-002)
   4.8567791727908576        3.6767268373957399E-002   (4.49886271632878639E-003,1.37623008786110657E-002)
   4.8912143514322173        3.2097591350888181E-002   (5.07798218664788290E-003,1.31988809066222752E-002)
   4.9209641081511037        2.7397173418911829E-002   (5.53545039997319424E-003,1.27097892681740914E-002)
   4.9459999543751678        2.2670525050469219E-002   (5.89054196547997202E-003,1.22973883756934271E-002)
   4.9662979309393389        1.7922196994011829E-002   (6.15889717051018842E-003,1.19629589245205080E-002)
   4.9818386639547203        1.3156824365909120E-002   (6.35278902057534456E-003,1.17070868058915811E-002)
   4.9926075599487900        8.3794638024927877E-003   (6.48136164401307870E-003,1.15299545108572803E-002)
   4.9985966976488534        3.6011585320100820E-003   (6.55084351653008930E-003,1.14315235119698266E-002)
