   0.0000000000000000        2.1510691045571959       0.37445446006244637        2.1834180624060879     
  0.10000000000000001        2.1121995029033673       0.35333049628272345        2.1415483136433386     
  0.20000000000000001        2.0637543975771853       0.33207128125147156        2.0902998706767324     
  0.30000000000000004        2.0062219848613934       0.31088030194648297        2.0301658096518929     
  0.40000000000000002        1.9402712864599794       0.28995183971261096        1.9618166923578235     
  0.50000000000000000        1.8667322969845972       0.26946701437901421        1.8860811065390932     
  0.59999999999999998        1.7865704026613025       0.24958980774956932        1.8039204183660198     
  0.69999999999999996        1.7008564093555134       0.23046348521236334        1.7163991212016974     
  0.79999999999999993        1.6107337128064871       0.21220775233130473        1.6246523393393664     
  0.89999999999999991        1.5173842262644130       0.19491688037349161        1.5298521106206919     
  0.99999999999999989        1.4219946538971282       0.17865892368498820        1.4331740322529891     
   1.0999999999999999        1.3257245738801235       0.16347604436768171        1.3357657215514027     
   1.2000000000000000        1.2296775908022537       0.14938586537889906        1.2387183352547251     
   1.3000000000000000        1.1348765548319610       0.13638369875100620        1.1430421287040413     
   1.4000000000000001        1.0422435487743158       0.12444544489314086        1.0496467423454099     
   1.5000000000000002       0.95258503720600740       0.11353093279881091       0.95932660017896865     
   1.6000000000000003       0.86658227569112944       0.10358746786699755       0.87275151334220724     
   1.7000000000000004       0.78478681052990984        9.4553370474823040E-002  0.79046231905756126     
   1.8000000000000005       0.70762067403106721        8.6361319712648987E-002  0.71287116357634517     
   1.9000000000000006       0.63538070555698178        7.8941357553711330E-002  0.64026586581396860     
   2.0000000000000004       0.56824630843071267        7.2223453987267636E-002  0.57281767985196097     
   2.1000000000000005       0.50628988674503594        6.6139578656737349E-002  0.51059170898594908     
   2.2000000000000006       0.44948919009474592        6.0625265567799576E-002  0.45355920764239460     
   2.3000000000000007       0.39774082146357737        5.5620691802795545E-002  0.40161103373182228     
   2.4000000000000008       0.35087422537330043        5.1071317356140900E-002  0.35457157456260546     
   2.5000000000000009       0.30866556054809924        4.6928150692024488E-002  0.31221255515408997     
   2.6000000000000010       0.27085096435846007        4.3147713795951573E-002  0.27426623944577128     
   2.7000000000000011       0.23713882644765702        3.9691782375572832E-002  0.24043764388531558     
   2.8000000000000012       0.20722079863221093        3.6526972910098619E-002  0.21041549167242032     
   2.9000000000000012       0.18078137129420321        3.3624240086875312E-002  0.18388173843106986     
   3.0000000000000013       0.15750593853831460        3.0958337427580120E-002  0.16051959173607203     
   3.1000000000000014       0.13708735244741918        2.8507282067385360E-002  0.14002002475329162     
   3.2000000000000015       0.11923102937217858        2.6251852923974653E-002  0.12208684674071694     
   3.3000000000000016       0.10365871811404810        2.4175140787025914E-002  0.10644044002690052     
   3.4000000000000017        9.0111071880384946E-002   2.2262159763698629E-002   9.2820305067244549E-002
   3.5000000000000018        7.8349184498695254E-002   2.0499522330694471E-002   8.0986573747734450E-002
   3.6000000000000019        6.8155258528286911E-002   1.8875175022539995E-002   7.0720658206701828E-002
   3.7000000000000020        5.9332570783073940E-002   1.7378188396831220E-002   6.1825200264004308E-002
   3.8000000000000020        5.1704891594365289E-002   1.5998593104162170E-002   5.4123477309736961E-002
   3.9000000000000021        4.5115499997742753E-002   1.4727253330789910E-002   4.7458406322964414E-002
   4.0000000000000018        3.9425919804969199E-002   1.3555769235381838E-002   4.1691270453546835E-002
   4.1000000000000014        3.4514482819472683E-002   1.2476400946244741E-002   3.6700273907249406E-002
   4.2000000000000011        3.0274806561332177E-002   1.1482007944962952E-002   3.2379012010471754E-002
   4.3000000000000007        2.6614255763819237E-002   1.0565999016400183E-002   2.8634925267521743E-002
   4.4000000000000004        2.3452440277941401E-002   9.7222892346885761E-003   2.5387789642923809E-002
   4.5000000000000000        2.0719787308239888E-002   8.9452615790209175E-003   2.2568280634904524E-002
   4.5999999999999996        1.8356213322558806E-002   8.2297316802322860E-003   2.0116636176853830E-002
   4.6999999999999993        1.6309910580814175E-002   7.5709148766825831E-003   1.7981433069255849E-002
   4.7999999999999989        1.4536254935646687E-002   6.9643952208000822E-003   1.6118483438140690E-002
   4.8999999999999986        1.2996835205184765E-002   6.4060963578002027E-003   1.4489851479437293E-002
   4.9999999999999982        1.1658599783572227E-002   5.8922543355713194E-003   1.3062986261516522E-002
   5.0999999999999979        1.0493112989103074E-002   5.4193924406639483E-003   1.1809963362686998E-002
   5.1999999999999975        9.4759116968730298E-003   4.9842981272325924E-003   1.0706826341548153E-002
   5.2999999999999972        8.5859518161340524E-003   4.5840020447095366E-003   9.7330182027404455E-003
   5.3999999999999968        7.8051339252953617E-003   4.2157590993749383E-003   8.8708928736491444E-003
   5.4999999999999964        7.1178976695578039E-003   3.8770314207003686E-003   8.1052970254885982E-003
   5.5999999999999961        6.5108751870199023E-003   3.5654730545643535E-003   7.4232131724594778E-003
   5.6999999999999957        5.9725947186226236E-003   3.2789161759720631E-003   6.8134557283341989E-003
   5.7999999999999954        5.4932265644623869E-003   3.0153586036424079E-003   6.2664124981583781E-003
   5.8999999999999950        5.0643645893432634E-003   2.7729524051194701E-003   5.7738248791292428E-003
   5.9999999999999947        4.6788374928293311E-003   2.5499933999629082E-003   5.3286008129864500E-003
   6.0999999999999943        4.3305450020882487E-003   2.3449113957114535E-003   4.9246552639600006E-003
   6.1999999999999940        4.0143149941535491E-003   2.1562610225864232E-003   4.5567736908707079E-003
   6.2999999999999936        3.7257782951552092E-003   1.9827130648376666E-003   4.2204946395094055E-003
   6.3999999999999932        3.4612585343325661E-003   1.8230462165872042E-003   3.9120081990331951E-003
   6.4999999999999929        3.2176749537728339E-003   1.6761392162051695E-003   3.6280676372192800E-003
   6.5999999999999925        2.9924564988371575E-003   1.5409633346438142E-003   3.3659120452188473E-003
   6.6999999999999922        2.7834658498614800E-003   1.4165752093910123E-003   3.1231982743985822E-003
   6.7999999999999918        2.5889323149787496E-003   1.3021100269127635E-003   2.8979408299218230E-003
   6.8999999999999915        2.4073926991066727E-003   1.1967750631020624E-003   2.6884586958655430E-003
   6.9999999999999911        2.2376394071715539E-003   1.0998435940178320E-003   2.4933283072690457E-003
   7.0999999999999908        2.0786751414883331E-003   1.0106491888594098E-003   2.3113420618298204E-003
   7.1999999999999904        1.9296736237238816E-003   9.2858039447031983E-004   2.1414718870651351E-003
   7.2999999999999901        1.7899458195650929E-003   8.5307581645059573E-004   1.9828374581874839E-003
   7.3999999999999897        1.6589111762709140E-003   7.8361959684352083E-004   1.8346787084701642E-003
   7.4999999999999893        1.5360734055548976E-003   7.1973728291406340E-004   1.6963322975377022E-003
   7.5999999999999890        1.4210003612955288E-003   6.6099207620077540E-004   1.5672117124378043E-003
   7.6999999999999886        1.3133075768064989E-003   6.0698144613942026E-004   1.4467906784517448E-003
   7.7999999999999883        1.2126450421616134E-003   5.5733408835900321E-004   1.3345895565027108E-003
   7.8999999999999879        1.1186868197891123E-003   5.1170720438352012E-004   1.2301644051865082E-003
   7.9999999999999876        1.0311231168967871E-003   4.6978407700306983E-004   1.1330983899046770E-003
   8.0999999999999872        9.4965445634249935E-004   4.3127191401297500E-004   1.0429952302228342E-003
   8.1999999999999869        8.7398761297645508E-004   3.9589993232002241E-004   9.5947438946919277E-004
   8.2999999999999865        8.0383300964720545E-004   3.6341765450892920E-004   8.8216772725330174E-004
   8.3999999999999861        7.3890329525910846E-004   3.3359339075514279E-004   8.1071735524798193E-004
   8.4999999999999858        6.7891285577466765E-004   3.0621288035495147E-004   7.4477445836400064E-004
   8.5999999999999854        6.2357803724219854E-004   2.8107806900615732E-004   6.8399886652469163E-004
   8.6999999999999851        5.7261788730609035E-004   2.5800600019589888E-004   6.2805918590525889E-004
   8.7999999999999847        5.2575524788991469E-004   2.3682780152230637E-004   5.7663332218809088E-004
   8.8999999999999844        4.8271805663763976E-004   2.1738774938439431E-004   5.2940925170082912E-004
   8.9999999999999840        4.4324073816621274E-004   1.9954239811693358E-004   4.8608591896534710E-004
   9.0999999999999837        4.0706558819309202E-004   1.8315976223297871E-004   4.4637416098182616E-004
   9.1999999999999833        3.7394407413359355E-004   1.6811854288509561E-004   4.0999757931168109E-004
   9.2999999999999829        3.4363799476868137E-004   1.5430739190168329E-004   3.7669330050339359E-004
   9.3999999999999826        3.1592045896761811E-004   1.4162420874654850E-004   3.4621258338973820E-004
   9.4999999999999822        2.9057665906676933E-004   1.2997546745348616E-004   3.1832124800923635E-004
   9.5999999999999819        2.6740442817806451E-004   1.1927557198459088E-004   2.9279991509815876E-004
   9.6999999999999815        2.4621458224809335E-004   1.0944623954911519E-004   2.6944405701934761E-004
   9.7999999999999812        2.2683105697168438E-004   1.0041591220759697E-004   2.4806387046761837E-004
   9.8999999999999808        2.0909085661773735E-004   9.2119197596561851E-005   2.2848398825076036E-004
   9.9999999999999805        1.9284383649067734E-004   8.4496339871181151E-005   2.1054305194916610E-004
