   0.0000000000000000        5.4520596873447048E-002   2.7620672889542116E-002   6.1117894714297960E-002
   1.0000000000000000E-002   5.4713279669220946E-002   2.7197500203001438E-002   6.1100302695278434E-002
   2.0000000000000000E-002   5.4902684797610173E-002   2.6772996921820131E-002   6.1082715739900803E-002
   2.9999999999999999E-002   5.5088803182597297E-002   2.6347188381786998E-002   6.1065133846707600E-002
   4.0000000000000001E-002   5.5271625943622976E-002   2.5920099979655071E-002   6.1047557014241700E-002
   5.0000000000000003E-002   5.5451144395987556E-002   2.5491757171636615E-002   6.1029985241046462E-002
   6.0000000000000005E-002   5.5627350051240934E-002   2.5062185471895509E-002   6.1012418525665614E-002
   7.0000000000000007E-002   5.5800234617560951E-002   2.4631410451037148E-002   6.0994856866643347E-002
   8.0000000000000002E-002   5.5969790000120111E-002   2.4199457734595954E-002   6.0977300262524257E-002
   8.9999999999999997E-002   5.6136008301440707E-002   2.3766353001520552E-002   6.0959748711853341E-002
   9.9999999999999992E-002   5.6298881821738346E-002   2.3332121982656783E-002   6.0942202213176019E-002
  0.10999999999999999        5.6458403059253814E-002   2.2896790459228527E-002   6.0924660765038149E-002
  0.11999999999999998        5.6614564710573294E-002   2.2460384261316531E-002   6.0907124365986005E-002
  0.12999999999999998        5.6767359670936886E-002   2.2022929266335228E-002   6.0889593014566257E-002
  0.13999999999999999        5.6916781034535520E-002   2.1584451397507767E-002   6.0872066709326024E-002
  0.14999999999999999        5.7062822094796121E-002   2.1144976622339197E-002   6.0854545448812809E-002
  0.16000000000000000        5.7205476344655101E-002   2.0704530951088027E-002   6.0837029231574552E-002
  0.17000000000000001        5.7344737476820160E-002   2.0263140435236155E-002   6.0819518056159615E-002
  0.18000000000000002        5.7480599384020357E-002   1.9820831165957290E-002   6.0802011921116769E-002
  0.19000000000000003        5.7613056159244475E-002   1.9377629272583997E-002   6.0784510824995225E-002
  0.20000000000000004        5.7742102095967557E-002   1.8933560921073345E-002   6.0767014766344551E-002
  0.21000000000000005        5.7867731688365967E-002   1.8488652312471408E-002   6.0749523743714805E-002
  0.22000000000000006        5.7989939631520410E-002   1.8042929681376559E-002   6.0732037755656450E-002
  0.23000000000000007        5.8108720821607340E-002   1.7596419294401675E-002   6.0714556800720319E-002
  0.24000000000000007        5.8224070356078655E-002   1.7149147448635493E-002   6.0697080877457676E-002
  0.25000000000000006        5.8335983533829634E-002   1.6701140470102974E-002   6.0679609984420249E-002
  0.26000000000000006        5.8444455855355008E-002   1.6252424712224905E-002   6.0662144120160133E-002
  0.27000000000000007        5.8549483022893388E-002   1.5803026554276858E-002   6.0644683283229868E-002
  0.28000000000000008        5.8651060940559906E-002   1.5352972399847448E-002   6.0627227472182403E-002
  0.29000000000000009        5.8749185714467030E-002   1.4902288675296150E-002   6.0609776685571090E-002
  0.30000000000000010        5.8843853652833754E-002   1.4451001828210663E-002   6.0592330921949725E-002
  0.31000000000000011        5.8935061266082833E-002   1.3999138325863893E-002   6.0574890179872456E-002
  0.32000000000000012        5.9022805266926520E-002   1.3546724653670754E-002   6.0557454457893956E-002
  0.33000000000000013        5.9107082570440242E-002   1.3093787313644750E-002   6.0540023754569218E-002
  0.34000000000000014        5.9187890294124745E-002   1.2640352822854495E-002   6.0522598068453670E-002
  0.35000000000000014        5.9265225757956480E-002   1.2186447711880308E-002   6.0505177398103224E-002
  0.36000000000000015        5.9339086484426019E-002   1.1732098523270812E-002   6.0487761742074105E-002
  0.37000000000000016        5.9409470198565052E-002   1.1277331809999812E-002   6.0470351098923035E-002
  0.38000000000000017        5.9476374827961358E-002   1.0822174133923420E-002   6.0452945467207107E-002
  0.39000000000000018        5.9539798502762240E-002   1.0366652064237571E-002   6.0435544845483850E-002
  0.40000000000000019        5.9599739555666102E-002   9.9107921759360000E-003   6.0418149232311189E-002
  0.41000000000000020        5.9656196521902419E-002   9.4546210482687500E-003   6.0400758626247476E-002
  0.42000000000000021        5.9709168139199902E-002   8.9981652632013347E-003   6.0383373025851478E-002
  0.43000000000000022        5.9758653347743017E-002   8.5414514038746649E-003   6.0365992429682373E-002
  0.44000000000000022        5.9804651290116820E-002   8.0845060530657202E-003   6.0348616836299801E-002
  0.45000000000000023        5.9847161311239981E-002   7.6273557916491756E-003   6.0331246244263705E-002
  0.46000000000000024        5.9886182958286370E-002   7.1700271970600547E-003   6.0313880652134548E-002
  0.47000000000000025        5.9921715980594793E-002   6.7125468417573858E-003   6.0296520058473163E-002
  0.48000000000000026        5.9953760329567111E-002   6.2549412916890930E-003   6.0279164461840812E-002
  0.49000000000000027        5.9982316158554767E-002   5.7972371047581191E-003   6.0261813860799152E-002
  0.50000000000000022        6.0007383822733677E-002   5.3394608292899222E-003   6.0244468253910256E-002
  0.51000000000000023        6.0028963878967528E-002   4.8816390025013673E-003   6.0227127639736651E-002
  0.52000000000000024        6.0047057085659369E-002   4.4237981489711926E-003   6.0209792016841214E-002
  0.53000000000000025        6.0061664402591822E-002   3.9659647791120516E-003   6.0192461383787275E-002
  0.54000000000000026        6.0072786990755564E-002   3.5081653876442576E-003   6.0175135739138602E-002
  0.55000000000000027        6.0080426212166263E-002   3.0504264520713406E-003   6.0157815081459294E-002
  0.56000000000000028        6.0084583629670160E-002   2.5927744311574560E-003   6.0140499409313951E-002
  0.57000000000000028        6.0085261006737924E-002   2.1352357634067433E-003   6.0123188721267533E-002
  0.58000000000000029        6.0082460307247107E-002   1.6778368655447594E-003   6.0105883015885431E-002
  0.59000000000000030        6.0076183695253201E-002   1.2206041310020461E-003   6.0088582291733472E-002
  0.60000000000000031        6.0066433534749046E-002   7.6356392839987616E-004   6.0071286547377846E-002
  0.61000000000000032        6.0053212389413024E-002   3.0674260003838230E-004   6.0053995781385171E-002
  0.62000000000000033        6.0036523022345703E-002  -1.4983353961299864E-004   6.0036709992322516E-002
  0.63000000000000034        6.0016368395795106E-002  -6.0613820542255656E-004   6.0019429178757328E-002
  0.64000000000000035        5.9992751670870648E-002  -1.0621451431007678E-003   6.0002153339257465E-002
  0.65000000000000036        5.9965676207245709E-002  -1.5178281307021597E-003   5.9984882472391199E-002
  0.66000000000000036        5.9935145562848888E-002  -1.9731609801243548E-003   5.9967616576727223E-002
  0.67000000000000037        5.9901163493543963E-002  -2.4281175386043491E-003   5.9950355650834647E-002
  0.68000000000000038        5.9863733952798565E-002  -2.8826716902119083E-003   5.9933099693282983E-002
  0.69000000000000039        5.9822861091341620E-002  -3.3367973573398685E-003   5.9915848702642154E-002
  0.70000000000000040        5.9778549256809560E-002  -3.7904685021914845E-003   5.9898602677482489E-002
  0.71000000000000041        5.9730802993381363E-002  -4.2436591282645694E-003   5.9881361616374751E-002
  0.72000000000000042        5.9679627041402394E-002  -4.6963432818323096E-003   5.9864125517890089E-002
  0.73000000000000043        5.9625026336997129E-002  -5.1484950534209165E-003   5.9846894380600077E-002
  0.74000000000000044        5.9567006011670781E-002  -5.6000885792837039E-003   5.9829668203076697E-002
  0.75000000000000044        5.9505571391899825E-002  -6.0510980428717595E-003   5.9812446983892348E-002
  0.76000000000000045        5.9440727998711473E-002  -6.5014976763010622E-003   5.9795230721619852E-002
  0.77000000000000046        5.9372481547252123E-002  -6.9512617618158364E-003   5.9778019414832378E-002
  0.78000000000000047        5.9300837946344900E-002  -7.4003646332482242E-003   5.9760813062103582E-002
  0.79000000000000048        5.9225803298036110E-002  -7.8487806774742014E-003   5.9743611662007486E-002
  0.80000000000000049        5.9147383897130909E-002  -8.2964843358654151E-003   5.9726415213118569E-002
  0.81000000000000050        5.9065586230717920E-002  -8.7434501057372035E-003   5.9709223714011640E-002
  0.82000000000000051        5.8980416977683192E-002  -9.1896525417924334E-003   5.9692037163262004E-002
  0.83000000000000052        5.8891883008213172E-002  -9.6350662575612339E-003   5.9674855559445322E-002
  0.84000000000000052        5.8799991383286961E-002  -1.0079665926836474E-002   5.9657678901137691E-002
  0.85000000000000053        5.8704749354157829E-002  -1.0523426285104949E-002   5.9640507186915603E-002
  0.86000000000000054        5.8606164361823962E-002  -1.0966322130974149E-002   5.9623340415355948E-002
  0.87000000000000055        5.8504244036488642E-002  -1.1408328327594586E-002   5.9606178585036078E-002
  0.88000000000000056        5.8398996197009612E-002  -1.1849419804077499E-002   5.9589021694533693E-002
  0.89000000000000057        5.8290428850338014E-002  -1.2289571556908026E-002   5.9571869742426925E-002
  0.90000000000000058        5.8178550190946671E-002  -1.2728758651353561E-002   5.9554722727294340E-002
  0.91000000000000059        5.8063368600247842E-002  -1.3166956222867392E-002   5.9537580647714881E-002
  0.92000000000000060        5.7944892646000529E-002  -1.3604139478487435E-002   5.9520443502267914E-002
  0.93000000000000060        5.7823131081707307E-002  -1.4040283698230040E-002   5.9503311289533206E-002
  0.94000000000000061        5.7698092846000790E-002  -1.4475364236478713E-002   5.9486184008090942E-002
  0.95000000000000062        5.7569787062019685E-002  -1.4909356523367841E-002   5.9469061656521709E-002
  0.96000000000000063        5.7438223036774573E-002  -1.5342236066161138E-002   5.9451944233406502E-002
  0.97000000000000064        5.7303410260503382E-002  -1.5773978450624865E-002   5.9434831737326742E-002
  0.98000000000000065        5.7165358406016609E-002  -1.6204559342395761E-002   5.9417724166864208E-002
  0.99000000000000066        5.7024077328032455E-002  -1.6633954488343462E-002   5.9400621520601167E-002
   1.0000000000000007        5.6879577062501650E-002  -1.7062139717927551E-002   5.9383523797120231E-002
   1.1000000000000008        5.5259855180789720E-002  -2.1272190835061773E-002   5.9212817003796894E-002
   1.2000000000000008        5.3330572085229608E-002  -2.5335327231926826E-002   5.9042600932603606E-002
   1.3000000000000009        5.1104637315495000E-002  -2.9228947265138260E-002   5.8872874172886426E-002
   1.4000000000000010        4.8596598034901253E-002  -3.2931557190458420E-002   5.8703635318046545E-002
   1.5000000000000011        4.5822545688794639E-002  -3.6422888825386517E-002   5.8534882965528667E-002
   1.6000000000000012        4.2800014288012042E-002  -3.9684009464514253E-002   5.8366615716809310E-002
   1.7000000000000013        3.9547870952415694E-002  -4.2697423457891848E-002   5.8198832177385293E-002
   1.8000000000000014        3.6086199390523502E-002  -4.5447164914139818E-002   5.8031530956762119E-002
   1.9000000000000015        3.2436177028134006E-002  -4.7918881044345267E-002   5.7864710668442475E-002
   2.0000000000000013        2.8619946531399147E-002  -5.0099905719563409E-002   5.7698369929914735E-002
   2.1000000000000014        2.4660482497863314E-002  -5.1979322873667577E-002   5.7532507362641545E-002
   2.2000000000000015        2.0581454112427955E-002  -5.3548019443998861E-002   5.7367121592048334E-002
   2.3000000000000016        1.6407084583909305E-002  -5.4798727604401805E-002   5.7202211247511951E-002
   2.4000000000000017        1.2162008191750015E-002  -5.5726056108425667E-002   5.7037774962349297E-002
   2.5000000000000018        7.8711257814733371E-003  -5.6326510624354273E-002   5.6873811373806038E-002
   2.6000000000000019        3.5594595516047593E-003  -5.6598503007925224E-002   5.6710319123045243E-002
   2.7000000000000020       -7.4799202596332465E-004  -5.6542349522742605E-002   5.6547296855136195E-002
   2.8000000000000020       -5.0263983157925567E-003  -5.6160258082103079E-002   5.6384743219043097E-002
   2.9000000000000021       -9.2512388329311149E-003  -5.5456304648881211E-002   5.6222656867613935E-002
   3.0000000000000022       -1.3398442950287932E-002  -5.4436398991895021E-002   5.6061036457569255E-002
   3.1000000000000023       -1.7444526208174736E-002  -5.3108240057449220E-002   5.5899880649491099E-002
   3.2000000000000024       -2.1366722458990815E-002  -5.1481261273190346E-002   5.5739188107811824E-002
   3.3000000000000025       -2.5143111108460126E-002  -4.9566566157680368E-002   5.5578957500803085E-002
   3.4000000000000026       -2.8752738747365322E-002  -4.7376854662889101E-002   5.5419187500564820E-002
   3.5000000000000027       -3.2175734504144210E-002  -4.4926340727826156E-002   5.5259876783014160E-002
   3.6000000000000028       -3.5393418488790504E-002  -4.2230661569501268E-002   5.5101024027874555E-002
   3.7000000000000028       -3.8388402741979591E-002  -3.9306779282057905E-002   5.4942627918664784E-002
   3.8000000000000029       -4.1144684149950997E-002  -3.6172875356031309E-002   5.4784687142688020E-002
   3.9000000000000030       -4.3647728835135492E-002  -3.2848238767021358E-002   5.4627200391020987E-002
   4.0000000000000027       -4.5884547584514754E-002  -2.9353148316448231E-002   5.4470166358503130E-002
   4.1000000000000023       -4.7843761931929588E-002  -2.5708749936306806E-002   5.4313583743725753E-002
   4.2000000000000020       -4.9515660566685507E-002  -2.1936929694806831E-002   5.4157451249021236E-002
   4.3000000000000016       -5.0892245798503641E-002  -1.8060183260362551E-002   5.4001767580452324E-002
   4.4000000000000012       -5.1967269867792341E-002  -1.4101482597482600E-002   5.3846531447801375E-002
   4.5000000000000009       -5.2736260950020417E-002  -1.0084140679642209E-002   5.3691741564559657E-002
   4.6000000000000005       -5.3196538763308293E-002  -6.0316750111558473E-003   5.3537396647916714E-002
   4.7000000000000002       -5.3347219748866477E-002  -1.9676707523926494E-003   5.3383495418749705E-002
   4.7999999999999998       -5.3189211854251905E-002   2.0843557595936375E-003   5.3230036601612837E-002
   4.8999999999999995       -5.2725199009234343E-002   6.1010923097783408E-003   5.3077018924726757E-002
   4.9999999999999991       -5.1959615443025207E-002   1.0059564149300954E-002   5.2924441119968052E-002
   5.0999999999999988       -5.0898610049384452E-002   1.3937264626821651E-002   5.2772301922858679E-002
   5.1999999999999984       -4.9550001062361251E-002   1.7712282368905329E-002   5.2620600072555576E-002
   5.2999999999999980       -4.7923221359825269E-002   2.1363424295389340E-002   5.2469334311840130E-002
   5.3999999999999977       -4.6029254764203907E-002   2.4870333783824104E-002   5.2318503387107806E-002
   5.4999999999999973       -4.3880563759667993E-002   2.8213603329004414E-002   5.2168106048357719E-002
   5.5999999999999970       -4.1491009092130306E-002   3.1374881079127455E-002   5.2018141049182350E-002
   5.6999999999999966       -3.8875761762581465E-002   3.4336970668998004E-002   5.1868607146757090E-002
   5.7999999999999963       -3.6051207965249049E-002   3.7083923812705866E-002   5.1719503101830065E-002
   5.8999999999999959       -3.3034847559609171E-002   3.9601125163065423E-002   5.1570827678711822E-002
   5.9999999999999956       -2.9845186699208742E-002   4.1875368992559350E-002   5.1422579645265053E-002
   6.0999999999999952       -2.6501625270397573E-002   4.3894927300274930E-002   5.1274757772894419E-002
   6.1999999999999948       -2.3024339820266637E-002   4.5649609001066772E-002   5.1127360836536365E-002
   6.2999999999999945       -1.9434162675217831E-002   4.7130809906610178E-002   5.0980387614648973E-002
   6.3999999999999941       -1.5752457969544286E-002   4.8331553262808712E-002   5.0833836889201810E-002
   6.4999999999999938       -1.2000995317100220E-002   4.9246520663863640E-002   5.0687707445665857E-002
   6.5999999999999934       -8.2018218685299925E-003   4.9872073219873171E-002   5.0541998073003483E-002
   6.6999999999999931       -4.3771335015802132E-003   5.0206262911774616E-002   5.0396707563658279E-002
   6.7999999999999927       -5.4914589272828801E-004   5.0248834124444794E-002   5.0251834713545218E-002
   6.8999999999999924        3.2600337852492361E-003   5.0001215405499226E-002   5.0107378322040555E-002
   6.9999999999999920        7.0285338030323524E-003   4.9466501553458553E-002   4.9963337191971935E-002
   7.0999999999999917        1.0734842727192946E-002   4.8649426194156090E-002   4.9819710129608424E-002
   7.1999999999999913        1.4357931476871286E-002   4.7556325058233477E-002   4.9676495944650692E-002
   7.2999999999999909        1.7877371896452440E-002   4.6195090225005557E-002   4.9533693450221045E-002
   7.3999999999999906        2.1273451180057766E-002   4.4575115648579008E-002   4.9391301462853705E-002
   7.4999999999999902        2.4527281511414575E-002   4.2707234330598066E-002   4.9249318802484905E-002
   7.5999999999999899        2.7620904313929183E-002   4.0603647550100111E-002   4.9107744292443148E-002
   7.6999999999999895        3.0537388540363516E-002   3.8277846604438864E-002   4.8966576759439460E-002
   7.7999999999999892        3.3260922469183107E-002   3.5744527555839609E-002   4.8825815033557679E-002
   7.8999999999999888        3.5776898515172892E-002   3.3019499515669924E-002   4.8685457948244741E-002
   7.9999999999999885        3.8071990605051502E-002   3.0119587032744123E-002   4.8545504340300943E-002
   8.0999999999999890        4.0134223714297208E-002   2.7062527182748635E-002   4.8405953049870484E-002
   8.1999999999999886        4.1953035208946533E-002   2.3866861983023277E-002   4.8266802920431652E-002
   8.2999999999999883        4.3519327685460116E-002   2.0551826780323221E-002   4.8128052798787381E-002
   8.3999999999999879        4.4825513052568731E-002   1.7137235278705538E-002   4.7989701535055614E-002
   8.4999999999999876        4.5865547651019217E-002   1.3643361890240778E-002   4.7851747982659829E-002
   8.5999999999999872        4.6634958260024152E-002   1.0090822102778124E-002   4.7714190998319465E-002
   8.6999999999999869        4.7130858892672711E-002   6.5004515664502747E-003   4.7577029442040536E-002
   8.7999999999999865        4.7351958336270844E-002   2.8931846039675531E-003   4.7440262177106111E-002
   8.8999999999999861        4.7298558447235302E-002  -7.1006715097121989E-004   4.7303888070066955E-002
   8.9999999999999858        4.6972543263458552E-002  -4.2885352876068338E-003   4.7167905990732027E-002
   9.0999999999999854        4.6377359049685866E-002  -7.8217136336341878E-003   4.7032314812159290E-002
   9.1999999999999851        4.5517985443100137E-002  -1.1289475074277581E-002   4.6897113410646188E-002
   9.2999999999999847        4.4400897916704402E-002  -1.4672185513468562E-002   4.6762300665720478E-002
   9.3999999999999844        4.3034021826940085E-002  -1.7950814335954621E-002   4.6627875460130815E-002
   9.4999999999999840        4.1426678359010746E-002  -2.1107040753039836E-002   4.6493836679837620E-002
   9.5999999999999837        3.9589522728332438E-002  -2.4123355441953848E-002   4.6360183214003751E-002
   9.6999999999999833        3.7534475039158417E-002  -2.6983156919389750E-002   4.6226913954985328E-002
   9.7999999999999829        3.5274644241492834E-002  -2.9670842123348175E-002   4.6094027798322591E-002
   9.8999999999999826        3.2824245664699346E-002  -3.2171890713863255E-002   4.5961523642730713E-002
   9.9999999999999822        3.0198512640528630E-002  -3.4472942642238602E-002   4.5829400390090640E-002
   10.099999999999982        2.7413602759449700E-002  -3.6561868579849922E-002   4.5697656945440049E-002
   10.199999999999982        2.4486499332014588E-002  -3.8427832841119537E-002   4.5566292216964240E-002
   10.299999999999981        2.1434908651371487E-002  -4.0061348480676537E-002   4.5435305115987111E-002
   10.399999999999981        1.8277153673847645E-002  -4.1454324291709158E-002   4.5304694556962094E-002
   10.499999999999980        1.5032064751649067E-002  -4.2600103480815825E-002   4.5174459457463206E-002
   10.599999999999980        1.1718868065095162E-002  -4.3493493843978409E-002   4.5044598738176095E-002
   10.699999999999980        8.3570724113625743E-003  -4.4130789318329124E-002   4.4915111322888973E-002
   10.799999999999979        4.9663550124246485E-003  -4.4509782834865140E-002   4.4785996138483858E-002
   10.899999999999979        1.5664470067277107E-003  -4.4629770447889572E-002   4.4657252114927576E-002
   10.999999999999979       -1.8229807128449932E-003  -4.4491546767431903E-002   4.4528878185262931E-002
   11.099999999999978       -5.1824306579724734E-003  -4.4097391770933581E-002   4.4400873285599843E-002
   11.199999999999978       -8.4926902536675113E-003  -4.3451049119789829E-002   4.4273236355106542E-002
   11.299999999999978       -1.1734941062867259E-002  -4.2557696154636317E-002   4.4145966336000791E-002
   11.399999999999977       -1.4890865109708990E-002  -4.1423905790286472E-002   4.4019062173541110E-002
   11.499999999999977       -1.7942747704642652E-002  -4.0057600576697092E-002   4.3892522816018020E-002
   11.599999999999977       -2.0873576198141050E-002  -3.8467999236014919E-002   4.3766347214745316E-002
   11.699999999999976       -2.3667134116554658E-002  -3.6665556027390689E-002   4.3640534324051426E-002
   11.799999999999976       -2.6308090163439803E-002  -3.4661893330613383E-002   4.3515083101270745E-002
   11.899999999999975       -2.8782081602282742E-002  -3.2469727876501313E-002   4.3389992506734879E-002
   11.999999999999975       -3.1075791571741888E-002  -3.0102791086189278E-002   4.3265261503764203E-002
   12.099999999999975       -3.3177019922117662E-002  -2.7575744012790365E-002   4.3140889058659142E-002
   12.199999999999974       -3.5074747201504795E-002  -2.4904087407223670E-002   4.3016874140691642E-002
   12.299999999999974       -3.6759191461742370E-002  -2.2104067455137856E-002   4.2893215722096631E-002
   12.399999999999974       -3.8221857597602105E-002  -1.9192577753699171E-002   4.2769912778063530E-002
   12.499999999999973       -3.9455578977385081E-002  -1.6187058115443839E-002   4.2646964286727700E-002
   12.599999999999973       -4.0454551168965444E-002  -1.3105390801332729E-002   4.2524369229162001E-002
   12.699999999999973       -4.1214357612056073E-002  -9.9657947965216022E-003   4.2402126589368386E-002
   12.799999999999972       -4.1731987134798462E-002  -6.7867187501345159E-003   4.2280235354269398E-002
   12.899999999999972       -4.2005843260425516E-002  -3.5867332044677049E-003   4.2158694513699864E-002
   12.999999999999972       -4.2035745297428921E-002  -3.8442273956207015E-004   4.2037503060398461E-002
   13.099999999999971       -4.1822921254112105E-002   2.8017213440230219E-003   4.1916659989999397E-002
   13.199999999999971       -4.1369992665349548E-002   5.9534071880833952E-003   4.1796164301024064E-002
   13.299999999999971       -4.0680951465537338E-002   9.0526467793378470E-003   4.1676014994872772E-002
   13.399999999999970       -3.9761129086845579E-002   1.2081857999372940E-002   4.1556211075816446E-002
   13.499999999999970       -3.8617158005716627E-002   1.5023963746623412E-002   4.1436751550988388E-002
   13.599999999999969       -3.7256926002848106E-002   1.7862487575244532E-002   4.1317635430376032E-002
   13.699999999999969       -3.5689523442421711E-002   2.0581645319018314E-002   4.1198861726812759E-002
   13.799999999999969       -3.3925183914863516E-002   2.3166432194655889E-002   4.1080429455969701E-002
   13.899999999999968       -3.1975218623739157E-002   2.5602704907845681E-002   4.0962337636347622E-002
   13.999999999999968       -2.9851944931298502E-002   2.7877258316969869E-002   4.0844585289268688E-002
   14.099999999999968       -2.7568609508512469E-002   2.9977896243368045E-002   4.0727171438868476E-002
   14.199999999999967       -2.5139306564016053E-002   3.1893496053164792E-002   4.0610095112087817E-002
   14.299999999999967       -2.2578891652045026E-002   3.3614066673768886E-002   4.0493355338664744E-002
   14.399999999999967       -1.9902891582092352E-002   3.5130799747969420E-002   4.0376951151126439E-002
   14.499999999999966       -1.7127410972503178E-002   3.6436113669857197E-002   4.0260881584781236E-002
   14.599999999999966       -1.4269036006479654E-002   3.7523690289341161E-002   4.0145145677710638E-002
   14.699999999999966       -1.1344735961903073E-002   3.8388504115557505E-002   4.0029742470761319E-002
   14.799999999999965       -8.3717630959461043E-003   3.9026843893726279E-002   3.9914671007537129E-002
   14.899999999999965       -5.3675514716054282E-003   3.9436326474737340E-002   3.9799930334391324E-002
   14.999999999999964       -2.3496153160198624E-003   3.9615902941682629E-002   3.9685519500418452E-002
   15.099999999999964        6.6455250024582968E-004   3.9565857002437310E-002   3.9571437557446666E-002
   15.199999999999964        3.6575812778512594E-003   3.9287795701965167E-002   3.9457683560029731E-002
   15.299999999999963        6.6123220195993850E-003   3.8784632552033182E-002   3.9344256565439266E-002
   15.399999999999963        9.5119451106798550E-003   3.8060563219211828E-002   3.9231155633656860E-002
   15.499999999999963        1.2340035595228742E-002   3.7121033954169352E-002   3.9118379827366399E-002
   15.599999999999962        1.5080685513239489E-002   3.5972702986101335E-002   3.9005928211946136E-002
   15.699999999999962        1.7718582781899979E-002   3.4623395145444991E-002   3.8893799855461104E-002
   15.799999999999962        2.0239096128331628E-002   3.3082050015590149E-002   3.8781993828655284E-002
   15.899999999999961        2.2628355606321218E-002   3.1358663949912241E-002   3.8670509204943949E-002
   15.999999999999961        2.4873328257800673E-002   2.9464226323919488E-002   3.8559345060405988E-002
   16.099999999999962        2.6961888510367685E-002   2.7410650423448084E-002   3.8448500473776237E-002
   16.199999999999964        2.8882882934859987E-002   2.5210699398488957E-002   3.8337974526437855E-002
   16.299999999999965        3.0626189021699272E-002   2.2877907738234643E-002   3.8227766302414659E-002
   16.399999999999967        3.2182767671191742E-002   2.0426498746163958E-002   3.8117874888363622E-002
   16.499999999999968        3.3544709130994596E-002   1.7871298514312812E-002   3.8008299373567235E-002
   16.599999999999969        3.4705272153300742E-002   1.5227646913214449E-002   3.7899038849926014E-002
   16.699999999999971        3.5658916184722174E-002   1.2511306128248433E-002   3.7790092411950880E-002
   16.799999999999972        3.6401326443130815E-002   9.7383672842463950E-003   3.7681459156755796E-002
   16.899999999999974        3.6929431777593766E-002   6.9251557081248770E-003   3.7573138184050142E-002
   16.999999999999975        3.7241415249780786E-002   4.0881353840171858E-003   3.7465128596131339E-002
   17.099999999999977        3.7336717417573280E-002   1.2438131568525204E-003   3.7357429497877383E-002
   17.199999999999978        3.7216032343824701E-002  -1.5913567614093127E-003   3.7250039996739460E-002
   17.299999999999979        3.6881296395067681E-002  -4.4010674336081319E-003   3.7142959202734485E-002
   17.399999999999981        3.6335669936194796E-002  -7.1692524460666793E-003   3.7036186228437767E-002
   17.499999999999982        3.5583512067522666E-002  -9.8801772340635103E-003   3.6929720188975682E-002
   17.599999999999984        3.4630348589955180E-002  -1.2518527968169919E-002   3.6823560202018261E-002
   17.699999999999985        3.3482833421971073E-002  -1.5069497502563070E-002   3.6717705387771957E-002
   17.799999999999986        3.2148703728660397E-002  -1.7518867906244101E-002   3.6612154868972305E-002
   17.899999999999988        3.0636729057823393E-002  -1.9853089120557936E-002   3.6506907770876680E-002
   17.999999999999989        2.8956654811032354E-002  -2.2059353311383943E-002   3.6401963221257022E-002
   18.099999999999991        2.7119140408362122E-002  -2.4125664511688964E-002   3.6297320350392639E-002
   18.199999999999992        2.5135692534054843E-002  -2.6040903179629028E-002   3.6192978291062945E-002
   18.299999999999994        2.3018593876545007E-002  -2.7794885328877389E-002   3.6088936178540358E-002
   18.399999999999995        2.0780827799895554E-002  -2.9378415921146185E-002   3.5985193150583024E-002
   18.499999999999996        1.8435999404663301E-002  -3.0783336245757912E-002   3.5881748347427814E-002
   18.599999999999998        1.5998253454416803E-002  -3.2002565047397083E-002   3.5778600911783018E-002
   18.699999999999999        1.3482189659480174E-002  -3.3030133200619975E-002   3.5675749988821427E-002
   18.800000000000001        1.0902775821904881E-002  -3.3861211768091176E-002   3.5573194726173103E-002
   18.900000000000002        8.2752593551185666E-003  -3.4492133318630235E-002   3.5470934273918404E-002
   19.000000000000004        5.6150776981307368E-003  -3.4920406420754550E-002   3.5368967784580888E-002
   19.100000000000005        2.9377681475687527E-003  -3.5144723267267856E-002   3.5267294413120327E-002
   19.200000000000006        2.5887763117405510E-004  -3.5164960426333589E-002   3.5165913316925666E-002
   19.300000000000008       -2.4061270562821951E-003  -3.4982172754160726E-002   3.5064823655808083E-002
   19.400000000000009       -5.0419480393616364E-003  -3.4598580543686169E-002   3.4964024591994006E-002
   19.500000000000011       -7.6335436638983612E-003  -3.4017550022240856E-002   3.4863515290118142E-002
   19.600000000000012       -1.0166213819288577E-002  -3.3243567348915544E-002   3.4763294917216601E-002
   19.700000000000014       -1.2625682800169683E-002  -3.2282206298984796E-002   3.4663362642719971E-002
   19.800000000000015       -1.4998179243486320E-002  -3.1140089858099445E-002   3.4563717638446415E-002
   19.900000000000016       -1.7270512696482571E-002  -2.9824845982820404E-002   3.4464359078594860E-002
