   0.0000000000000000        1.0000000000000000        0.0000000000000000        1.0000000000000000     
   1.0000000000000000E-002  0.99998795457877088       -4.6033523530435881E-003  0.99999855007670901     
   2.0000000000000000E-002  0.99995182210330280       -9.2065821169503900E-003  0.99999420382419790     
   2.9999999999999999E-002  0.99989160887784068       -1.3809566750933682E-002  0.99998696673414955     
   4.0000000000000001E-002  0.99980732203429323       -1.8412183771046454E-002  0.99997684458421521     
   5.0000000000000003E-002  0.99969896953058490       -2.3014310754671190E-002  0.99996384343636435     
   6.0000000000000005E-002  0.99956656014862533       -2.7615825344995390E-002  0.99994796963484089     
   7.0000000000000007E-002  0.99941010349270176       -3.2216605255470397E-002  0.99992922980452958     
   8.0000000000000002E-002  0.99922960998740484       -3.6816528274256501E-002  0.99990763084884515     
   8.9999999999999997E-002  0.99902509087568481       -4.1415472268651651E-002  0.99988317994774056     
   9.9999999999999992E-002  0.99879655821695423       -4.6013315189504897E-002  0.99985588455575058     
  0.10999999999999999       0.99854402488495864       -5.0609935075614024E-002  0.99982575239979221     
  0.11999999999999998       0.99826750456549918       -5.5205210058109147E-002  0.99979279147680844     
  0.12999999999999998       0.99796701175447322       -5.9799018364817234E-002  0.99975701005171680     
  0.13999999999999999       0.99764256175575405       -6.4391238324613381E-002  0.99971841665519035     
  0.14999999999999999       0.99729417067856463       -6.8981748371757662E-002  0.99967702008092119     
  0.16000000000000000       0.99692185543549394       -7.3570427050209941E-002  0.99963282938351827     
  0.17000000000000001       0.99652563373997427       -7.8157153017936340E-002  0.99958585387585719     
  0.18000000000000002       0.99610552410406461       -8.2741805051193690E-002  0.99953610312672692     
  0.19000000000000003       0.99566154583569744       -8.7324262048800713E-002  0.99948358695793416     
  0.20000000000000004       0.99519371903652010       -9.1904403036392676E-002  0.99942831544199096     
  0.21000000000000005       0.99470206459914268       -9.6482107170657680E-002  0.99937029889920548     
  0.22000000000000006       0.99418660420461336      -0.10105725374355981       0.99930954789499071     
  0.23000000000000007       0.99364736031985745      -0.10562972218654432       0.99924607323713166     
  0.24000000000000007       0.99308435619484392      -0.11019939207472493       0.99917988597277441     
  0.25000000000000006       0.99249761586010521      -0.11476614313105717       0.99911099738576159     
  0.26000000000000006       0.99188716412375522      -0.11932985523049335       0.99903941899346282     
  0.27000000000000007       0.99125302656897085      -0.12389040840412180       0.99896516254406231     
  0.28000000000000008       0.99059522955079804      -0.12844768284328961       0.99888824001317011     
  0.29000000000000009       0.98991380019363739      -0.13300155890370666       0.99880866360110476     
  0.30000000000000010       0.98920876638802679      -0.13755191710953668       0.99872644572947533     
  0.31000000000000011       0.98848015678799261      -0.14209863815746690       0.99864159903832428     
  0.32000000000000012       0.98772800080775458      -0.14664160292076431       0.99855413638262736     
  0.33000000000000013       0.98695232861891058      -0.15118069245331334       0.99846407082926791     
  0.34000000000000014       0.98615317114728041      -0.15571578799363833       0.99837141565367193     
  0.35000000000000014       0.98533056006987940      -0.16024677096890624       0.99827618433657095     
  0.36000000000000015       0.98448452781158746      -0.16477352299891332       0.99817839056046376     
  0.37000000000000016       0.98361510754228554      -0.16929592590005746       0.99807804820654167     
  0.38000000000000017       0.98272233317330393      -0.17381386168928836       0.99797517135093361     
  0.39000000000000018       0.98180623935447686      -0.17832721258804429       0.99786977426155254     
  0.40000000000000019       0.98086686147064639      -0.18283586102616922       0.99776187139440087     
  0.41000000000000020       0.97990423563845697      -0.18733968964581577       0.99765147739016513     
  0.42000000000000021       0.97891839870299757      -0.19183858130532846       0.99753860707066466     
  0.43000000000000022       0.97790938823438778      -0.19633241908310603       0.99742327543524811     
  0.44000000000000022       0.97687724252444152      -0.20082108628145529       0.99730549765727261     
  0.45000000000000023       0.97582200058311352      -0.20530446643041747       0.99718528908037374     
  0.46000000000000024       0.97474370213510131      -0.20978244329158477       0.99706266521489517     
  0.47000000000000025       0.97364238761645872      -0.21425490086189383       0.99693764173433552     
  0.48000000000000026       0.97251809817070356      -0.21872172337740473       0.99681023447130801     
  0.49000000000000027       0.97137087564572933      -0.22318279531705931       0.99668045941429362     
  0.50000000000000022       0.97020076258978127      -0.22763800140642640       0.99654833270348975     
  0.51000000000000023       0.96900780224815208      -0.23208722662142148       0.99641387062736986     
  0.52000000000000024       0.96779203855937734      -0.23653035619201546       0.99627708961876515     
  0.53000000000000025       0.96655351615163543      -0.24096727560592113       0.99613800625115678     
  0.54000000000000026       0.96529228033892611      -0.24539787061226434       0.99599663723476373     
  0.55000000000000027       0.96400837711753440      -0.24982202722523181       0.99585299941291883     
  0.56000000000000028       0.96270185316206880      -0.25423963172770936       0.99570710975804666     
  0.57000000000000028       0.96137275582190873      -0.25865057067488845       0.99555898536804777     
  0.58000000000000029       0.96002113311715531      -0.26305473089787013       0.99540864346222035     
  0.59000000000000030       0.95864703373504523      -0.26745199950723664       0.99525610137764031     
  0.60000000000000031       0.95725050702589709      -0.27184226389660893       0.99510137656510689     
  0.61000000000000032       0.95583160299944336      -0.27622541174619031       0.99494448658547674     
  0.62000000000000033       0.95439037232066792      -0.28060133102628443       0.99478544910553734     
  0.63000000000000034       0.95292686630616974      -0.28496991000079525       0.99462428189440366     
  0.64000000000000035       0.95144113692005783      -0.28933103723071002       0.99446100281948246     
  0.65000000000000036       0.94993323677002162      -0.29368460157756399       0.99429562984262509     
  0.66000000000000036       0.94840321910334757      -0.29803049220687983       0.99412818101624467     
  0.67000000000000037       0.94685113780300523      -0.30236859859159299       0.99395867447952257     
  0.68000000000000038       0.94527704738335172      -0.30669881051545905       0.99378712845427053     
  0.69000000000000039       0.94368100298651869      -0.31102101807643151       0.99361356124146261     
  0.70000000000000040       0.94206306037802501      -0.31533511169002948       0.99343799121705312     
  0.71000000000000041       0.94042327594272990      -0.31964098209268649       0.99326043682814280     
  0.72000000000000042       0.93876170668092529      -0.32393852034506504       0.99308091658929465     
  0.73000000000000043       0.93707841020413862      -0.32822761783536569       0.99289944907860372     
  0.74000000000000044       0.93537344473073847      -0.33250816628261504       0.99271605293360443     
  0.75000000000000044       0.93364686908223060      -0.33678005773992004       0.99253074684785236     
  0.76000000000000045       0.93189874267883821      -0.34104318459771538       0.99234354956685789     
  0.77000000000000046       0.93012912553533000      -0.34529743958698295       0.99215447988427885     
  0.78000000000000047       0.92833807825697234      -0.34954271578245261       0.99196355663825719     
  0.79000000000000048       0.92652566203516784      -0.35377890660578093       0.99177079870748763     
  0.80000000000000049       0.92469193864326860      -0.35800590582871256       0.99157622500747944     
  0.81000000000000050       0.92283697043233293      -0.36222360757621014       0.99137985448679100     
  0.82000000000000051       0.92096082032708837      -0.36643190632957351       0.99118170612348822     
  0.83000000000000052       0.91906355182134469      -0.37063069692953726       0.99098179892112048     
  0.84000000000000052       0.91714522897398587      -0.37481987457932980       0.99078015190525970     
  0.85000000000000053       0.91520591640446813      -0.37899933484773762       0.99057678411962080     
  0.86000000000000054       0.91324567928881728      -0.38316897367211872       0.99037171462266538     
  0.87000000000000055       0.91126458335495020      -0.38732868736141612       0.99016496248361996     
  0.88000000000000056       0.90926269487877320      -0.39147837259914253       0.98995654677924227     
  0.89000000000000057       0.90724008067948325      -0.39561792644632970       0.98974648658987863     
  0.90000000000000058       0.90519680811557468      -0.39974724634446945       0.98953480099621083     
  0.91000000000000059       0.90313294508010555      -0.40386623011843847       0.98932150907535843     
  0.92000000000000060       0.90104855999685540      -0.40797477597937021       0.98910662989782050     
  0.93000000000000060       0.89894372181545901      -0.41207278252753943       0.98889018252352878     
  0.94000000000000061       0.89681850000736918      -0.41616014875519758       0.98867218599868367     
  0.95000000000000062       0.89467296456142242      -0.42023677404939236       0.98845265935226467     
  0.96000000000000063       0.89250718597940670      -0.42430255819476814       0.98823162159258182     
  0.97000000000000064       0.89032123527168572      -0.42835740137634126       0.98800909170391360     
  0.98000000000000065       0.88811518395285460      -0.43240120418224243       0.98778508864320591     
  0.99000000000000066       0.88588910403729948      -0.43643386760644381       0.98755963133672497     
   1.0000000000000007       0.88364306803487491      -0.44045529305146336       0.98733273867685412     
   1.1000000000000008       0.86010142080188456      -0.48003006458981851       0.98498899332709589     
   1.2000000000000008       0.83464743448189138      -0.51837571418940365       0.98252212237108305     
   1.3000000000000009       0.80736110223451230      -0.55540078060903397       0.97994998673526745     
   1.4000000000000010       0.77832640319667701      -0.59101841282756840       0.97728949355566808     
   1.5000000000000011       0.74763086917882282      -0.62514656732065865       0.97455638481407780     
   1.6000000000000012       0.71536516129157246      -0.65770817713503515       0.97176507462452477     
   1.7000000000000013       0.68162266027136276      -0.68863129244315746       0.96892853602695750     
   1.8000000000000014       0.64649907382314020      -0.71784919278710813       0.96605823636014865     
   1.9000000000000015       0.61009206374030189      -0.74530047176079439       0.96316411864529261     
   2.0000000000000013       0.57250089492051648      -0.77092909539296028       0.96025462498662317     
   2.1000000000000014       0.53382610769154570      -0.79468443594440719       0.95733675683397135     
   2.2000000000000015       0.49416921413160880      -0.81652128319338879       0.95441616609486979     
   2.3000000000000016       0.45363241834407592      -0.83639983553516772       0.95149727054571753     
   2.4000000000000017       0.41231835997127386      -0.85428567335780625       0.94858338677936027     
   2.5000000000000018       0.37032987962757080      -0.87014971717859724       0.94567687401721090     
   2.6000000000000019       0.32776980443468290      -0.88396817294406904       0.94277928248197407     
   2.7000000000000020       0.28474075146139832      -0.89572246672883604       0.93989150062419047     
   2.8000000000000020       0.24134494661933545      -0.90539917083380739       0.93701389627114695     
   2.9000000000000021       0.19768405644433809      -0.91298992300544668       0.93414644766320221     
   3.0000000000000022       0.15385903019230335      -0.91849134019545775       0.93128886130231592     
   3.1000000000000023       0.10996994978525644      -0.92190492797388091       0.92844067450661505     
   3.2000000000000024        6.6115885341581568E-002 -0.92323698641402641       0.92560134149500584     
   3.3000000000000025        2.2394754289737938E-002 -0.92249851299734553       0.92277030267667992     
   3.4000000000000026       -2.1096817620036862E-002 -0.91970510284833906       0.91994703756192786     
   3.5000000000000027       -6.4263634749765805E-002 -0.91487684640932798       0.91713110232241524     
   3.6000000000000028      -0.10701207044601872      -0.90803822450343763       0.91432215349979307     
   3.7000000000000028      -0.14925020700062669      -0.89921800061184887       0.91151995969046173     
   3.8000000000000029      -0.19088797702663077      -0.88844911010499250       0.90872440322667281     
   3.9000000000000030      -0.23183730628359442      -0.87576854611390376       0.90593547394242924     
   4.0000000000000027      -0.27201225773175014      -0.86121724170332703       0.90315325707402005     
   4.1000000000000023      -0.31132917637840885      -0.84483994800755058       0.90037791721801974     
   4.2000000000000020      -0.34970683430916388      -0.82668510800959971       0.89760968007669151     
   4.3000000000000016      -0.38706657516379661      -0.80680472567973660       0.89484881348090639     
   4.4000000000000012      -0.42333245722619844      -0.78525423023699081       0.89209560891546824     
   4.5000000000000009      -0.45843139424248164      -0.76209233535393284       0.88935036449777027     
   4.6000000000000005      -0.49229329305733022      -0.73738089318732314       0.88661337009260399     
   4.7000000000000002      -0.52485118716364654      -0.71118474318323355       0.88388489499690570     
   4.7999999999999998      -0.55604136528834347      -0.68357155567228933       0.88116517840638642     
   4.8999999999999995      -0.58580349418215694      -0.65461167033704903       0.87845442268650786     
   4.9999999999999991      -0.61408073484309311      -0.62437792969776051       0.87575278931847811     
   5.0999999999999988      -0.64081985147234011      -0.59294550782335964       0.87306039727440043     
   5.1999999999999984      -0.66597131253945407      -0.56039173453063351       0.87037732349583607     
   5.2999999999999980      -0.68948938341424282      -0.52679591538535253       0.86770360510236688     
   5.3999999999999977      -0.71133221010401604      -0.49223914786406431       0.86503924293722323     
   5.4999999999999973      -0.73146189371596593      -0.45680413407425585       0.86238420606240107     
   5.5999999999999970      -0.74984455534093408      -0.42057499046302721       0.85973843683844831     
   5.6999999999999966      -0.76645039112868119      -0.38363705497113970       0.85710185626227509     
   5.7999999999999963      -0.78125371739248251      -0.34607669210965097       0.85447436928273690     
   5.8999999999999959      -0.79423300564246191      -0.30798109645137267       0.85185586986487838     
   5.9999999999999956      -0.80537090750502816      -0.26943809503929922       0.84924624562836848     
   6.0999999999999952      -0.81465426953390929      -0.23053594921890289       0.84664538193513339     
   6.1999999999999948      -0.82207413796443707      -0.19136315640232104       0.84405316535051955     
   6.2999999999999945      -0.82762575350123069      -0.15200825226961884       0.84146948644412767     
   6.3999999999999941      -0.83130853626279488      -0.11255961390609741       0.83889424193165152     
   6.4999999999999938      -0.83312606103751752       -7.3105264366467970E-002  0.83632733618959298     
   6.5999999999999934      -0.83308602302900470       -3.3732679145269499E-002  0.83376868219464861     
   6.6999999999999931      -0.83120019429229608        5.4714049792203377E-003  0.83121820195662066     
   6.7999999999999927      -0.82748437108064654        4.4421178274815419E-002  0.82867582652208227     
   6.8999999999999924      -0.82195831233934169        8.3031943121151350E-002  0.82614149563026607     
   6.9999999999999920      -0.81464566959726725       0.12122029538990062       0.82361515710190436     
   7.0999999999999917      -0.80557390852018429       0.15890430173441236       0.82109676603807635     
   7.1999999999999913      -0.79477422240090823       0.19600367240124422       0.81858628389910293     
   7.2999999999999909      -0.78228143787201421       0.23243992919344333       0.81608367752489630     
   7.3999999999999906      -0.76813391313713142       0.26813656823308135       0.81358891814919410     
   7.4999999999999902      -0.75237342902494053       0.30301921718867647       0.81110198044905890     
   7.5999999999999899      -0.73504507317983492       0.33701578665091758       0.80862284166222120     
   7.6999999999999895      -0.71619711771054373       0.37005661535817419       0.80615148079454524     
   7.7999999999999892      -0.69588089062674086       0.40207460899146569       0.80368787793216467     
   7.8999999999999888      -0.67415064140072656       0.43300537227649821       0.80123201366478103     
   7.9999999999999885      -0.65106340099934312       0.46278733414851175       0.79878386862099171     
   8.0999999999999890      -0.62667883673763969       0.49136186575405766       0.79634342311100292     
   8.1999999999999886      -0.60105910231321258       0.51867339108158717       0.79391065686866680     
   8.2999999999999883      -0.57426868338626080       0.54466949003138565       0.79148554888212530     
   8.3999999999999879      -0.54637423907607974       0.56930099375338217       0.78906807730040229     
   8.4999999999999876      -0.51744443975081689       0.59252207209972851       0.78665821940305980     
   8.5999999999999872      -0.48754980149136956       0.61429031305768556       0.78425595161961192     
   8.6999999999999869      -0.45676251761577635       0.63456679404614358       0.78186124958633374     
   8.7999999999999865      -0.42515628765257885       0.65331614497854196       0.77947408822881703     
   8.8999999999999861      -0.39280614415631820       0.67050660301239928       0.77709444186030663     
   8.9999999999999858      -0.35978827775910044       0.68611005892507237       0.77472228428710244     
   9.0999999999999854      -0.32617986085459688       0.70010209507327814       0.77235758891404538     
   9.1999999999999851      -0.29205887031091438       0.71246201491274930       0.77000032884461944     
   9.2999999999999847      -0.25750390960895808       0.72317286407264059       0.76765047697172983     
   9.3999999999999844      -0.22259403080163023       0.73222144299776004       0.76530800605654137     
   9.4999999999999840      -0.18740855668726822       0.73959831118988095       0.76297288879391312     
   9.5999999999999837      -0.15202690358841575       0.74529778309746453       0.76064509786409373     
   9.6999999999999833      -0.11652840512265834       0.74931791572096462       0.75832460597084739     
   9.7999999999999829       -8.0992137348346233E-002  0.75166048801873853       0.75601138586718486     
   9.8999999999999826       -4.5496745662270695E-002  0.75233097221574041       0.75370541036995253     
   9.9999999999999822       -1.0120273820487739E-002  0.75133849713433554       0.75140665236493853     
