   0.0000000000000000              (1.0000000000000000,6.14261124001941600E-035)
   1.0000000000000000E-002       (0.99995714440608052,-3.12327019285811754E-003)
   2.0000000000000000E-002       (0.99982859892169651,-6.24600140649530546E-003)
   2.9999999999999999E-002       (0.99961440842447924,-9.36765496830570601E-003)
   4.0000000000000001E-002       (0.99931463501792051,-1.24876926684482220E-002)
   5.0000000000000003E-002       (0.99892935801105487,-1.56055769007098603E-002)
   6.0000000000000005E-002       (0.99845867388445475,-1.87207708031220145E-002)
   7.0000000000000007E-002       (0.99790269626139405,-2.18327383981931460E-002)
   8.0000000000000002E-002       (0.99726155586605103,-2.49409447327991196E-002)
   8.9999999999999997E-002       (0.99653540048103595,-2.80448560176134835E-002)
   9.9999999999999992E-002       (0.99572439489795739,-3.11439397660740018E-002)
  0.10999999999999999            (0.99482872086341412,-3.42376649328150345E-002)
  0.11999999999999998            (0.99384857702072427,-3.73255020515135746E-002)
  0.12999999999999998            (0.99278417884487369,-4.04069233721396845E-002)
  0.13999999999999999            (0.99163575857562114,-4.34814029974920774E-002)
  0.14999999999999999            (0.99040356514135219,-4.65484170190678809E-002)
  0.16000000000000000            (0.98908786408297922,-4.96074436521140791E-002)
  0.17000000000000001            (0.98768893746885300,-5.26579633699102295E-002)
  0.18000000000000002            (0.98620708380769573,-5.56994590371711062E-002)
  0.19000000000000003            (0.98464261795452501,-5.87314160425599502E-002)
  0.20000000000000004            (0.98299587101388053,-6.17533224302458938E-002)
  0.21000000000000005            (0.98126719023718834,-6.47646690304704981E-002)
  0.22000000000000006            (0.97945693891527963,-6.77649495890907116E-002)
  0.23000000000000007            (0.97756549626708589,-7.07536608960305097E-002)
  0.24000000000000007            (0.97559325732360247,-7.37303029126017695E-002)
  0.25000000000000006            (0.97354063280636205,-7.66943788976977431E-002)
  0.26000000000000006            (0.97140804900408584,-7.96453955327059288E-002)
  0.27000000000000007            (0.96919594763968531,-8.25828630453039336E-002)
  0.28000000000000008            (0.96690478574034444,-8.55062953317686364E-002)
  0.29000000000000009            (0.96453503549597153,-8.84152100781784994E-002)
  0.30000000000000010            (0.96208718411774596,-9.13091288800740863E-002)
  0.31000000000000011            (0.95956173369137587,-9.41875773608070038E-002)
  0.32000000000000012            (0.95695920102671617,-9.70500852883612042E-002)
  0.33000000000000013            (0.95428011750102371,-9.98961866908017193E-002)
  0.34000000000000014                 (0.95152502890167145,-0.10272541997008462)
  0.35000000000000014                 (0.94869449526178484,-0.10553732801439245)
  0.36000000000000015                 (0.94578909069452244,-0.10833145830880611)
  0.37000000000000016                 (0.94280940322036610,-0.11110736304444579)
  0.38000000000000017                 (0.93975603459482571,-0.11386459922580941)
  0.39000000000000018                 (0.93662960012846819,-0.11660272877654505)
  0.40000000000000019                 (0.93343072850538034,-0.11932131864342656)
  0.41000000000000020                 (0.93016006159782272,-0.12201994089856633)
  0.42000000000000021                 (0.92681825427737696,-0.12469817283984763)
  0.43000000000000022                 (0.92340597422200421,-0.12735559708952154)
  0.44000000000000022                 (0.91992390172057914,-0.12999180169097344)
  0.45000000000000023                 (0.91637272947286708,-0.13260638020361332)
  0.46000000000000024                 (0.91275316238911697,-0.13519893179574149)
  0.47000000000000025                 (0.90906591738304809,-0.13776906133564171)
  0.48000000000000026                 (0.90531172316412523,-0.14031637948058043)
  0.49000000000000027                 (0.90149132002489074,-0.14284050276392510)
  0.50000000000000022                 (0.89760545962826854,-0.14534105368009695)
  0.51000000000000023                 (0.89365490478974285,-0.14781766076760308)
  0.52000000000000024                 (0.88964042925629294,-0.15026995869002457)
  0.53000000000000025                 (0.88556281748576993,-0.15269758831474856)
  0.54000000000000026                 (0.88142286442060092,-0.15510019678979031)
  0.55000000000000027                 (0.87722137525969690,-0.15747743761839011)
  0.56000000000000028                 (0.87295916523011097,-0.15982897073141250)
  0.57000000000000028                 (0.86863705935353697,-0.16215446255767269)
  0.58000000000000029                 (0.86425589221074495,-0.16445358609212338)
  0.59000000000000030                 (0.85981650770767581,-0.16672602096157055)
  0.60000000000000031                 (0.85531975883377642,-0.16897145348855139)
  0.61000000000000032                 (0.85076650742310966,-0.17118957675263516)
  0.62000000000000033                 (0.84615762391060134,-0.17338009064975868)
  0.63000000000000034                 (0.84149398708855183,-0.17554270194902455)
  0.64000000000000035                 (0.83677648385997228,-0.17767712434747701)
  0.65000000000000036                 (0.83200600899078436,-0.17978307852243697)
  0.66000000000000036                 (0.82718346486162309,-0.18186029218153890)
  0.67000000000000037                 (0.82230976121453780,-0.18390850011068605)
  0.68000000000000038                 (0.81738581490429441,-0.18592744421927934)
  0.69000000000000039                 (0.81241254964246590,-0.18791687358353065)
  0.70000000000000040                 (0.80739089574497813,-0.18987654448717742)
  0.71000000000000041                 (0.80232178987442004,-0.19180622046005136)
  0.72000000000000042                 (0.79720617478547140,-0.19370567231413247)
  0.73000000000000043                 (0.79204499906649439,-0.19557467817740212)
  0.74000000000000044                 (0.78683921688152159,-0.19741302352525955)
  0.75000000000000044                 (0.78158978771122534,-0.19922050120965346)
  0.76000000000000045                 (0.77629767609364564,-0.20099691148579057)
  0.77000000000000046                 (0.77096385136372669,-0.20274206203660058)
  0.78000000000000047                 (0.76558928739369891,-0.20445576799467979)
  0.79000000000000048                 (0.76017496233115101,-0.20613785196207660)
  0.80000000000000049                 (0.75472185833814287,-0.20778814402766546)
  0.81000000000000050                 (0.74923096133127531,-0.20940648178200003)
  0.82000000000000051                 (0.74370326071791770,-0.21099271033024256)
  0.83000000000000052                 (0.73813974913730607,-0.21254668230224302)
  0.84000000000000052                 (0.73254142219740870,-0.21406825786075909)
  0.85000000000000053                 (0.72690927821536844,-0.21555730470699963)
  0.86000000000000054                 (0.72124431795577360,-0.21701369808409757)
  0.87000000000000055                 (0.71554754437077661,-0.21843732077811159)
  0.88000000000000056                 (0.70981996233952671,-0.21982806311694258)
  0.89000000000000057                 (0.70406257840975206,-0.22118582296662867)
  0.90000000000000058                 (0.69827640053870688,-0.22251050572570255)
  0.91000000000000059                 (0.69246243783361217,-0.22380202431722979)
  0.92000000000000060                 (0.68662170029753800,-0.22506029917826498)
  0.93000000000000060                 (0.68075519856941669,-0.22628525824767476)
  0.94000000000000061                 (0.67486394367189462,-0.22747683695106158)
  0.95000000000000062                 (0.66894894675396488,-0.22863497818416395)
  0.96000000000000063                 (0.66301121884082548,-0.22975963229339000)
  0.97000000000000064                 (0.65705177057971453,-0.23085075705473712)
  0.98000000000000065                 (0.65107161198923014,-0.23190831765037770)
  0.99000000000000066                 (0.64507175221171265,-0.23293228664283555)
   1.0000000000000007                 (0.63905319926309090,-0.23392264394757056)
   1.1000000000000008                 (0.57806001634330506,-0.24197834700306559)
   1.2000000000000008                 (0.51628872655225677,-0.24670397665228733)
   1.3000000000000009                 (0.45469200387491221,-0.24819423196596560)
   1.4000000000000010                 (0.39416235864936561,-0.24660612489929173)
   1.5000000000000011                 (0.33551409418099903,-0.24215147030795262)
   1.6000000000000012                 (0.27946860981854171,-0.23508823254671976)
   1.7000000000000013                 (0.22664332585860855,-0.22571109315764665)
   1.8000000000000014                 (0.17754435172130045,-0.21434160936712321)
   1.9000000000000015                 (0.13256287002263412,-0.20131832200061547)
   2.0000000000000013            (9.19750721574245228E-002,-0.18698714566547464)
   2.1000000000000014            (5.59453613830241531E-002,-0.17169233602255590)
   2.2000000000000015            (2.45324414397429386E-002,-0.15576828152684180)
   2.3000000000000016           (-2.30216478373872040E-003,-0.13953231331611329)
   2.4000000000000017           (-2.46836698492472160E-002,-0.12327867015084448)
   2.5000000000000018           (-4.28121753077542952E-002,-0.10727369852247681)
   2.6000000000000019      (-5.69499481968356175E-002,-9.17523139496923962E-002)
   2.7000000000000020      (-6.74083215098095073E-002,-7.69157003709180220E-002)
   2.8000000000000020      (-7.45346786121998811E-002,-6.29301821270582540E-002)
   2.9000000000000021      (-7.86999264745068539E-002,-4.99271684818328662E-002)
   3.0000000000000022      (-8.02867975816862756E-002,-3.80040445484430417E-002)
   3.1000000000000023      (-7.96792495702740022E-002,-2.72258649381376221E-002)
   3.2000000000000024      (-7.72531590014680081E-002,-1.76276970620957915E-002)
   3.3000000000000025      (-7.33684345905952218E-002,-9.21745903401268232E-003)
   3.4000000000000026      (-6.83626086992088627E-002,-1.97910156227480661E-003)
   3.5000000000000027       (-6.25459061645209646E-002,4.12400711548098053E-003)
   3.6000000000000028       (-5.61977382707492396E-002,9.14562054430486174E-003)
   3.7000000000000028       (-4.95645278364380895E-002,1.31531884905516840E-002)
   3.8000000000000029       (-4.28587393515416637E-002,1.62245594064263469E-002)
   3.9000000000000030       (-3.62589657716360994E-002,1.84448852801839709E-002)
   4.0000000000000027       (-2.99109103036892705E-002,1.99037850520801321E-002)
   4.1000000000000023       (-2.39290964867203380E-002,2.06928056194969900E-002)
   4.2000000000000020       (-1.83991418597190919E-002,2.09032038806403753E-002)
   4.3000000000000016       (-1.33804383193380470E-002,2.06240595955703016E-002)
   4.4000000000000012       (-8.90909454547087268E-003,1.99407172804294298E-002)
   4.5000000000000009       (-5.00101135961963147E-003,1.89335459455100483E-002)
   4.6000000000000005       (-1.65497836212879080E-003,1.76769981865896701E-002)
   4.7000000000000002        (1.14430136756691865E-003,1.62389447979596410E-002)
   4.7999999999999998        (3.42333325587231051E-003,1.46802575030813634E-002)
   4.8999999999999995        (5.21715688982257470E-003,1.30546103643304229E-002)
   4.9999999999999991        (6.56691579595089937E-003,1.14084696767600257E-002)
   5.0999999999999988        (7.51769695473672537E-003,9.78124245138249637E-003)
   5.1999999999999984        (8.11665269564356209E-003,8.20555469283097867E-003)
   5.2999999999999980        (8.41140668323533611E-003,6.70763238457807321E-003)
   5.3999999999999977        (8.44873679278148812E-003,5.30776021388223301E-003)
   5.4999999999999973        (8.27352071467307541E-003,4.02079545354620989E-003)
   5.5999999999999970        (7.92792497875772009E-003,2.85671693306964545E-003)
   5.6999999999999966        (7.45081456270771120E-003,1.82119157854877529E-003)
   5.7999999999999963        (6.87735815165843329E-003,9.16143509872151891E-004)
   5.8999999999999959        (6.23880321010787751E-003,1.40313085877080657E-004)
   5.9999999999999956       (5.56239510567009977E-003,-5.10204445842944157E-004)
   6.0999999999999952       (4.87141538047515012E-003,-1.04144893836082171E-003)
   6.1999999999999948       (4.18531570656791550E-003,-1.46112029439647204E-003)
   6.2999999999999945       (3.51992591415056138E-003,-1.77814296703742618E-003)
   6.3999999999999941       (2.88771660704105872E-003,-2.00227305450341149E-003)
   6.4999999999999938       (2.29809914419940638E-003,-2.14374967700627301E-003)
   6.5999999999999934       (1.75774808196806835E-003,-2.21299113784734214E-003)
   6.6999999999999931       (1.27093343694822600E-003,-2.22033537289158256E-003)
   6.7999999999999927       (8.39852316397473740E-004,-2.17582333654011643E-003)
   6.8999999999999924       (4.64951485043784178E-004,-2.08902329560121903E-003)
   6.9999999999999920       (1.45234308128635561E-004,-1.96889344365288547E-003)
   7.0999999999999917      (-1.21452825758947198E-004,-1.82367984500886315E-003)
   7.1999999999999913      (-3.38158020128858890E-004,-1.66084641601832970E-003)
   7.2999999999999909      (-5.08587473578652328E-004,-1.48703347573562561E-003)
   7.3999999999999906      (-6.36896233702512389E-004,-1.30804130797763387E-003)
   7.4999999999999902      (-7.27506274967047663E-004,-1.12883518327708721E-003)
   7.5999999999999899      (-7.84951341592287320E-004,-9.53568360373613453E-004)
   7.6999999999999895      (-8.13747429545730121E-004,-7.85619730706985358E-004)
   7.7999999999999892      (-8.18287350243842183E-004,-6.27642953826649153E-004)
   7.8999999999999888      (-8.02757507849337641E-004,-4.81624164426896573E-004)
   7.9999999999999885      (-7.71074826336408869E-004,-3.48945592071539881E-004)
   8.0999999999999890      (-7.26841645245594249E-004,-2.30452709426887700E-004)
   8.1999999999999886      (-6.73316372029386331E-004,-1.26522818493863566E-004)
   8.2999999999999883      (-6.13397706319248324E-004,-3.71332788708989871E-005)
   8.3999999999999879       (-5.49620323119508918E-004,3.80721352332848609E-005)
   8.4999999999999876       (-4.84160020621413674E-004,9.97199731850976107E-005)
   8.5999999999999872       (-4.18846476397174538E-004,1.48647908915058846E-004)
   8.6999999999999869       (-3.55181914866672043E-004,1.85850321890517948E-004)
   8.7999999999999865       (-2.94364164859777498E-004,2.12429148874889665E-004)
   8.8999999999999861       (-2.37312755336775407E-004,2.29550301741955962E-004)
   8.9999999999999858       (-1.84696881110342411E-004,2.38405760053693884E-004)
   9.0999999999999854       (-1.36964233161382317E-004,2.40181308559110347E-004)
   9.1999999999999851       (-9.43698604098136047E-005,2.36029748318661688E-004)
   9.2999999999999847       (-5.70043739492759688E-005,2.27049322064047795E-004)
   9.3999999999999844       (-2.48209542538725956E-005,2.14267000127009677E-004)
   9.4999999999999840        (2.33925812807487637E-006,1.98626228049859384E-004)
   9.5999999999999837        (2.47236873187794432E-005,1.80978683855231815E-004)
   9.6999999999999833        (4.26469668867550118E-005,1.62079583091463139E-004)
   9.7999999999999829        (5.64718199436928868E-005,1.42586052745072138E-004)
   9.8999999999999826        (6.65922161013609155E-005,1.23058101770783017E-004)
   9.9999999999999822        (7.34187901785043553E-005,1.03961736921592937E-004)
