   0.0000000000000000        4.0365163265229843E-321               (1.0000000000000000,0.0000000000000000)
   1.4033023511483831E-003   3.6011585320111020E-003       (0.99999966044006772,-6.26459055479326963E-021)
   7.3924400512135344E-003   8.3794638024942622E-003       (0.99999058379066241,-3.46966255823867870E-017)
   1.8161336045278809E-002   1.3156824365909439E-002       (0.99994324195826501,-1.69649042660365172E-017)
   3.3702069060661088E-002   1.7922196994007000E-002       (0.99980491991260412,-3.72950895285564960E-017)
   5.4000045624833959E-002   2.2670525050470371E-002       (0.99950044739641741,-7.72135969097200804E-017)
   7.9035891848898920E-002   2.7397173418911468E-002       (0.99893329297359224,-3.05297743766131725E-016)
  0.10878564856778450        3.2097591350888688E-002       (0.99798703910478093,-1.60428835375179647E-016)
  0.14322082720914689        3.6767268373956073E-002       (0.99652726816728288,-4.44189458070315989E-016)
  0.18230844583432851        4.1401728128614382E-002       (0.99440388923064094,-9.82690563856812275E-018)
  0.22601106364404361        4.5996529704611162E-002       (0.99145393127043524,-8.55921513015198684E-016)
  0.27428681797675752        5.0547270897557298E-002        (0.98750481967925396,2.58189121649826194E-018)
  0.32708946490527341        5.5049592040298967E-002       (0.98237813906448923,-5.69611609934677492E-016)
  0.38436842377192892        5.9499180013559833E-002        (0.97589386632376252,2.14450716680208581E-016)
  0.44606882576302992        6.3891772300448735E-002       (0.96787503410063169,-7.67935907200676450E-016)
  0.51213156653560521        6.8223161031108009E-002       (0.95815275660350574,-1.49295733914895022E-015)
  0.58249336287319675        7.2489196993194935E-002       (0.94657151852171428,-1.92540180059288908E-015)
  0.65708681332934926        7.6685793595228563E-002       (0.93299459500358406,-1.65568148328020083E-015)
  0.73584046280744708        8.0808930774774967E-002       (0.91730943846892166,-1.51353207482015074E-015)
  0.81867887101855441        8.4854658845467307E-002       (0.89943283895649839,-1.87513212189900965E-015)
  0.90552268475371278        8.8819102278058171E-002       (0.87931564162604725,-2.11522356994545839E-015)
  0.99628871390256446        9.2698463411467091E-002       (0.85694679096889703,-2.19174175563310512E-015)
   1.0908900111462849        9.6489026089589813E-002        (0.83235646914906214,7.63053727532450916E-017)
   1.1892359552487530       0.10018715922048080            (0.80561810820764002,-9.43328709953049289E-016)
   1.2912323378665771       0.10378932025422750            (0.77684908437073508,-4.09519801209762690E-017)
   1.3967814537949170       0.10729205857614310            (0.74620994804578056,-3.86560390735162870E-015)
   1.5057821945627801       0.11069201881199080            (0.71390210451177438,-3.78540624288669606E-015)
   1.6181301452882300       0.11398594404203290            (0.68016393541110132,-1.42815291450479100E-015)
   1.7337176847007749       0.11717067892082279            (0.64526543587402563,-6.14258561150616058E-015)
   1.8524340882351109       0.12024317269970000            (0.60950153083567682,-3.02437330008127759E-015)
   1.9741656340975731       0.12320048214914550            (0.57318432004759712,-3.67325654448963607E-015)
   2.0987957122036320       0.12603977437811911            (0.53663457702198258,-9.04165577732585841E-016)
   2.2262049358821341       0.12875832954775271            (0.50017288539100957,-4.08412714693656131E-015)
   2.3562712562393018       0.13135354347673259            (0.46411083059018660,-2.89440170743999209E-015)
   2.4888700790729028       0.13382293013586849            (0.42874267085454715,-1.12848846472088543E-015)
   2.6238743842246182       0.13616412402953351            (0.39433788720921120,-5.42154435277436793E-015)
   2.7611548472563232       0.13837488246165519            (0.36113495832320208,-2.51979349927367449E-015)
   2.9005799633336649       0.14045308768400111             (0.32933662667831215,1.39900686738746406E-015)
   3.0420161731982889       0.14239674892484550             (0.29910682409367678,2.43930294576051583E-015)
   3.1853279911080921       0.14420400429597729            (0.27056931588279626,-2.67595162241656231E-015)
   3.3303781346228400       0.14587312257625079            (0.24380801350272699,-1.34665139977338713E-015)
   3.4770276561109328       0.14740250486995851            (0.21886880510510193,-7.34837781352729224E-015)
   3.6251360758513012       0.14879068613849480            (0.19576267033203418,-4.22728334504246647E-015)
   3.7745615166028998       0.15003633660365540            (0.17446978628127968,-2.26699918518825979E-015)
   3.9251608395129529       0.15113826302160380            (0.15494429927666123,-6.63896532820284226E-015)
   4.0767897812337139       0.15209540982582290             (0.13711943238523552,1.92344053156135202E-015)
   4.2293030921164210       0.15290686013826610            (0.12091261915584151,-3.09300180926353054E-015)
   4.3825546753500522       0.15357183664770649            (0.10623039514765126,-2.90573445750689264E-015)
   4.5363977269115852       0.15408970235432370       (9.29728343004196794E-002,-1.67226032670603775E-015)
   4.6906848761937594       0.15445996117988589        (8.10373802710691177E-002,2.65011695619240538E-015)
   4.8452683271755088       0.15468225844298891       (7.03219869666582703E-002,-3.57823583157381961E-015)
   4.9999999999999991       0.15475638119878171       (6.07275420054299991E-002,-9.14475893288672694E-015)
   5.1547316728244903       0.15468225844298950       (5.21595975114451244E-002,-8.34935881676785767E-015)
   5.3093151238062406       0.15445996117988339       (4.45294718719263863E-002,-6.70921769306394148E-015)
   5.4636022730884104       0.15408970235432370        (3.77548128261812610E-002,1.19698565978349845E-016)
   5.6174453246499496       0.15357183664770541       (3.17597268514487399E-002,-4.27347828606944501E-015)
   5.7706969078835790       0.15290686013826010       (2.64745836378548552E-002,-6.78126714957237543E-015)
   5.9232102187662878       0.15209540982582831       (2.18355995506311663E-002,-8.28364521775635543E-015)
   6.0748391604870484       0.15113826302160929       (1.77842927089485077E-002,-2.30860037309976465E-015)
   6.2254384833970970       0.15003633660365320       (1.42668870204014000E-002,-1.02446999877829271E-014)
   6.3748639241486966       0.14879068613848589       (1.12337253261787819E-002,-6.82369656132561671E-015)
   6.5229723438890641       0.14740250486996201        (8.63873450154956264E-003,4.51954719456717052E-015)
   6.6696218653771613       0.14587312257625010       (6.43896926103984784E-003,-4.30293677641075097E-015)
   6.8146720088919093       0.14420400429597949       (4.59424744604382262E-003,-2.39420926174478050E-015)
   6.9579838268017120       0.14239674892484641        (3.06687824549001144E-003,9.56456048563626569E-016)
   7.0994200366663378       0.14045308768400161        (1.82147629716748185E-003,3.51889455385428982E-015)
   7.2388451527436768       0.13837488246165650       (8.24848870691719882E-004,-5.22455734840239211E-015)
   7.3761256157753827       0.13616412402953590        (4.59400780558998960E-005,3.67168909030565015E-015)
   7.5111299209270967       0.13382293013586580      (-5.44185081901949939E-004,-6.97087746301173826E-015)
   7.6437287437606951       0.13135354347673520      (-9.72333504340841472E-004,-8.30033632319069561E-015)
   7.7737950641178672       0.12875832954775909       (-1.26316848841576037E-003,6.21115267473117462E-015)
   7.9012042877963724       0.12603977437812161      (-1.43919833602920342E-003,-1.74262782250894497E-015)
   8.0258343659024263       0.12320048214913860       (-1.52077844917748121E-003,2.35193712055385711E-015)
   8.1475659117648860       0.12024317269969990      (-1.52613330053595403E-003,-7.99390511819157883E-015)
   8.2662823152992253       0.11717067892081910      (-1.47140178134758169E-003,-2.75010682304882612E-015)
   8.3818698547117680       0.11398594404203451       (-1.37070689935533626E-003,4.38728767433295418E-015)
   8.4942178054372217       0.11069201881198500      (-1.23624871828108989E-003,-8.04147045427494770E-015)
   8.6032185462050847       0.10729205857614869      (-1.07841784900933367E-003,-8.28913260278929401E-015)
   8.7087676621334218       0.10378932025422240      (-9.05925721159678331E-004,-6.88977242697288698E-015)
   8.8107640447512470       0.10018715922047770      (-7.25947249306437806E-004,-4.73709139113824777E-015)
   8.9091099888537144        9.6489026089588079E-002  (-5.44271297422703145E-004,4.50076376102455154E-015)
   9.0037112860974329        9.2698463411470367E-002 (-3.65454466592566533E-004,-6.56526879463683339E-015)
   9.0944773152462908        8.8819102278059059E-002 (-1.92974100907904129E-004,-5.03176791448072885E-015)
   9.1813211289814411        8.4854658845461853E-002 (-2.93769489062869350E-005,-1.70582331955284403E-015)
   9.2641595371925511        8.0808930774778423E-002   (1.23579440014258770E-004,3.86984627332672607E-015)
   9.3429131866706516        7.6685793595227522E-002  (2.64794823777130114E-004,-4.35308374774194901E-015)
   9.4175066371268041        7.2489196993191174E-002  (3.93705449350327942E-004,-4.19769239484693726E-016)
   9.4878684334643921        6.8223161031115157E-002   (5.10175252812156057E-004,2.35825817214858783E-015)
   9.5539311742369701        6.3891772300448235E-002   (6.14399470619574084E-004,8.26317461919344069E-015)
   9.6156315762280702        5.9499180013558819E-002  (7.06820588737023148E-004,-4.86665881333012848E-015)
   9.6729105350947293        5.5049592040302832E-002  (7.88056182328946623E-004,-3.34639364360625048E-015)
   9.7257131820232416        5.0547270897555480E-002  (8.58837915826864205E-004,-1.35224310487429254E-015)
   9.7739889363559556        4.5996529704606791E-002  (9.19960774916041431E-004,-4.69089186628675879E-015)
   9.8176915541656733        4.1401728128618587E-002  (9.72241480019475765E-004,-7.41288711011577339E-016)
   9.8567791727908585        3.6767268373957399E-002   (1.01648497420190990E-003,2.81531458914424403E-015)
   9.8912143514322182        3.2097591350888181E-002  (1.05345787426866099E-003,-6.62334306601223821E-016)
   9.9209641081511037        2.7397173418911829E-002  (1.08386781371287689E-003,-1.02794067734269547E-014)
   9.9459999543751678        2.2670525050469219E-002  (1.10834767729572664E-003,-2.90800328570290753E-015)
   9.9662979309393389        1.7922196994011829E-002  (1.12744382403273517E-003,-4.51085777728400368E-015)
   9.9818386639547203        1.3156824365909120E-002  (1.14160751801345266E-003,-2.25174433127135367E-015)
   9.9926075599487909        8.3794638024927877E-003   (1.15118899387879094E-003,4.44901843653957107E-015)
   9.9985966976488534        3.6011585320100820E-003  (1.15643495876266824E-003,-6.55492910202656272E-015)
