  -9.9971933952977032        7.2023170640222040E-003  (-1.24740040098364924E-004,5.30340064350062491E-005)  -1.2474004009836492E-004   5.3034006435006249E-005   1.3554587209609140E-004
  -9.9852151198975729        1.6758927604988521E-002  (-1.17771003353933824E-004,6.75211481611583971E-005)  -1.1777100335393382E-004   6.7521148161158397E-005   1.3575387537743958E-004
  -9.9636773279094424        2.6313648731818889E-002  (-1.01116729018585624E-004,9.11227734571365942E-005)  -1.0111672901858562E-004   9.1122773457136594E-005   1.3611742258042765E-004
  -9.9325958618786778        3.5844393988013999E-002  (-6.91270324696624473E-005,1.17794838477477802E-004)  -6.9127032469662447E-005   1.1779483847747780E-004   1.3658027159878125E-004
  -9.8919999087503321        4.5341050100940743E-002  (-1.78285104952879990E-005,1.35853503767279264E-004)  -1.7828510495287999E-005   1.3585350376727926E-004   1.3701835742821746E-004
  -9.8419282163022022        5.4794346837822937E-002   (4.89152751973572137E-005,1.28328378168269061E-004)   4.8915275197357214E-005   1.2832837816826906E-004   1.3733490740132847E-004
  -9.7824287028644310        6.4195182701777390E-002   (1.12393453657193537E-004,7.95746667266156833E-005)   1.1239345365719354E-004   7.9574666726615683E-005   1.3771135032975194E-004
  -9.7135583455817063        7.3534536747912133E-002  (1.38284236842776015E-004,-9.53937922472125248E-006)   1.3828423684277602E-004  -9.5393792247212525E-006   1.3861287788362962E-004
  -9.6353831083313430        8.2803456257228764E-002  (9.31598994640144804E-005,-1.04495437952128076E-004)   9.3159899464014480E-005  -1.0449543795212808E-004   1.3999308347540721E-004
  -9.5479778727119129        9.1993059409222325E-002 (-1.88545136950156251E-005,-1.39674247469291862E-004)  -1.8854513695015625E-005  -1.3967424746929186E-004   1.4094108021719045E-004
  -9.4514263640464851       0.10109454179511460      (-1.25760539088840776E-004,-6.52167688663800213E-005)  -1.2576053908884078E-004  -6.5216768866380021E-005   1.4166488673375164E-004
  -9.3458210701894533       0.11009918408059791       (-1.20785935211263930E-004,7.74276249306037414E-005)  -1.2078593521126393E-004   7.7427624930603741E-005   1.4347222465429989E-004
  -9.2312631524561422       0.11899836002711971        (1.87846865600949103E-005,1.43725764147684891E-004)   1.8784686560094910E-005   1.4372576414768489E-004   1.4494812771814942E-004
  -9.1078623484739403       0.12778354460089750        (1.42809731335962283E-004,3.11823004844132175E-005)   1.4280973133596228E-004   3.1182300484413217E-005   1.4617440004238076E-004
  -8.9757368669287896       0.13644632206221599       (6.83362611859698968E-005,-1.31991500186704911E-004)   6.8336261185969897E-005  -1.3199150018670491E-004   1.4863243493401439E-004
  -8.8350132742536065       0.14497839398638990      (-1.18964972851836654E-004,-9.13142527107261654E-005)  -1.1896497285183665E-004  -9.1314252710726165E-005   1.4996985535018894E-004
  -8.6858263733413015       0.15337158719045710       (-1.03627350656641882E-004,1.12318799735102622E-004)  -1.0362735065664188E-004   1.1231879973510262E-004   1.5282061568403887E-004
  -8.5283190743851058       0.16161786154954991        (1.12418647784523376E-004,1.06141795324388093E-004)   1.1241864778452338E-004   1.0614179532438809E-004   1.5460929171425957E-004
  -8.3626422579628912       0.16970931769093461       (9.97367351802283357E-005,-1.22466479314267370E-004)   9.9736735180228336E-005  -1.2246647931426737E-004   1.5794130207150655E-004
  -8.1889546304925744       0.17763820455611631      (-1.37981111821387618E-004,-8.12983226884261709E-005)  -1.3798111182138762E-004  -8.1298322688426171E-005   1.6015056818949393E-004
  -8.0074225721948711       0.18539692682293421       (-4.91658206457979335E-005,1.56495007495059923E-004)  -4.9165820645797934E-005   1.5649500749505992E-004   1.6403647548839139E-004
  -7.8182199777074306       0.19297805217917960       (1.67137286879902167E-004,-8.32608971312813412E-007)   1.6713728687990217E-004  -8.3260897131281341E-007   1.6713936072413891E-004
  -7.6215280895024931       0.20037431844096160      (-6.36595807674888368E-005,-1.58680454108611464E-004)  -6.3659580767488837E-005  -1.5868045410861146E-004   1.7097376623215500E-004
  -7.4175353242668454       0.20757864050845501       (-1.17700182990577797E-004,1.30647898275531958E-004)  -1.1770018299057780E-004   1.3064789827553196E-004   1.7584711086574397E-004
  -7.2064370924101659       0.21458411715228620        (1.76147786496644835E-004,3.69914021193271878E-005)   1.7614778649664484E-004   3.6991402119327188E-005   1.7999001782993782E-004
  -6.9884356108744408       0.22138403762398159      (-6.92920075747520100E-005,-1.71828662320128221E-004)  -6.9292007574752010E-005  -1.7182866232012822E-004   1.8527404434637935E-004
  -6.7637397094235396       0.22797188808406579       (-9.62114561300517023E-005,1.65948790034701793E-004)  -9.6211456130051702E-005   1.6594879003470179E-004   1.9182191012667558E-004
  -6.5325646305984506       0.23434135784164559       (1.94123951168174942E-004,-4.01597001559496087E-005)   1.9412395116817494E-004  -4.0159700155949609E-005   1.9823448220165872E-004
  -6.2951318235297773       0.24048634539940000      (-1.71789306332985255E-004,-1.12157647977027168E-004)  -1.7178930633298526E-004  -1.1215764797702717E-004   2.0516067793343584E-004
  -6.0516687318048543       0.24640096429829100        (5.69122159590959565E-005,2.06098952535207954E-004)   5.6912215959095956E-005   2.0609895253520795E-004   2.1381248457815713E-004
  -5.8024085755927359       0.25207954875623823       (8.56253414847173692E-005,-2.07107311208088184E-004)   8.5625341484717369E-005  -2.0710731120808818E-004   2.2410965499107430E-004
  -5.5475901282357327       0.25751665909550542       (-1.97549168284802504E-004,1.28264489399394955E-004)  -1.9754916828480250E-004   1.2826448939939496E-004   2.3553652186211955E-004
  -5.2874574875213964       0.26270708695346517       (2.48185361337927457E-004,-6.52499409397495764E-006)   2.4818536133792746E-004  -6.5249940939749576E-006   2.4827112021007203E-004
  -5.0222598418541944       0.26764586027173698      (-2.34141457719327847E-004,-1.20015138852444024E-004)  -2.3414145771932785E-004  -1.2001513885244402E-004   2.6310806862713887E-004
  -4.7522512315507646       0.27232824805906702        (1.68992286865950805E-004,2.24531834365157811E-004)   1.6899228686595080E-004   2.2453183436515781E-004   2.8102124059146575E-004
  -4.4776903054873536       0.27674976492331049      (-7.18379146650649985E-005,-2.94391536684679195E-004)  -7.1837914665064999E-005  -2.9439153668467919E-004   3.0302980522547941E-004
  -4.1988400733326694       0.28090617536800211       (-4.10116951711396853E-005,3.27135662008569048E-004)  -4.1011695171139685E-005   3.2713566200856905E-004   3.2969637622909235E-004
  -3.9159676536034209       0.28479349784969088       (1.55877134824199370E-004,-3.25380664314420644E-004)   1.5587713482419937E-004  -3.2538066431442064E-004   3.6079115547736938E-004
  -3.6293440177838172       0.28840800859195448       (-2.64474989113579727E-004,3.01000888003221734E-004)  -2.6447498911357973E-004   3.0100088800322173E-004   4.0068510634331812E-004
  -3.3392437307543199       0.29174624515250169       (3.84435777946023330E-004,-2.55315411089490456E-004)   3.8443577794602333E-004  -2.5531541108949046E-004   4.6149412401975352E-004
  -3.0459446877781331       0.29480500973991691       (-4.88216385458050599E-004,1.52796894822332597E-004)  -4.8821638545805060E-004   1.5279689482233260E-004   5.1156830442969272E-004
  -2.7497278482973990       0.29758137227698972       (4.82632980629967890E-004,-1.23029524740180484E-004)   4.8263298062996789E-004  -1.2302952474018048E-004   4.9806712193193562E-004
  -2.4508769667941999       0.30007267320731079       (-8.39763759273356091E-004,1.88418055556614929E-004)  -8.3976375927335609E-004   1.8841805555661493E-004   8.6064193196047265E-004
  -2.1496783209740928       0.30227652604320759        (1.36397253962901093E-003,8.72900532934006192E-004)   1.3639725396290109E-003   8.7290053293400619E-004   1.6193753206895818E-003
  -1.8464204375325710       0.30419081965164579       (1.66893509504599633E-003,-4.02411756441941129E-004)   1.6689350950459963E-003  -4.0241175644194113E-004   1.7167642742085697E-003
  -1.5413938157671589       0.30581372027653209       (1.59454169078159674E-003,-6.67805785763168208E-003)   1.5945416907815967E-003  -6.6780578576316821E-003   6.8657861861200487E-003
  -1.2348906492998959       0.30714367329541309      (-2.41921275462674210E-002,-1.67920221023784150E-002)  -2.4192127546267421E-002  -1.6792022102378415E-002   2.9448786757719513E-002
 -0.92720454617682957       0.30817940470864741       (-5.00095731010174599E-002,3.39348566717465883E-002)  -5.0009573101017460E-002   3.3934856671746588E-002   6.0436180381274865E-002
 -0.61863024761248231       0.30891992235977178             (9.44800500267365534E-002,0.21774136925814383)   9.4480050026736553E-002  0.21774136925814383       0.23735581673821685     
 -0.30946334564898198       0.30936451688597782                  (0.61509500330053157,0.34064363169504602)  0.61509500330053157       0.34064363169504602       0.70312157334252734     
  -1.8906549577641260E-015  0.30951276239756331              (1.0000000000000000,3.00576468140685267E-015)   1.0000000000000000        3.0057646814068527E-015   1.0000000000000000     
  0.30946334564897998       0.30936451688597899                 (0.61582555107078085,-0.34100417078466577)  0.61582555107078085      -0.34100417078466577       0.70393533356706028     
  0.61863024761248320       0.30891992235976679            (9.62844309907462809E-002,-0.22006261335953767)   9.6284430990746281E-002 -0.22006261335953767       0.24020459081758022     
  0.92720454617682135       0.30817940470864741      (-4.94872695304057614E-002,-3.64987293882696739E-002)  -4.9487269530405761E-002  -3.6498729388269674E-002   6.1491032618855627E-002
   1.2348906492998999       0.30714367329541081       (-2.47471240984110004E-002,1.58938648605166863E-002)  -2.4747124098411000E-002   1.5893864860516686E-002   2.9411478904443442E-002
   1.5413938157671569       0.30581372027652021        (1.14124751729036264E-003,6.93904513391854511E-003)   1.1412475172903626E-003   6.9390451339185451E-003   7.0322680030186603E-003
   1.8464204375325750       0.30419081965165662        (1.68862762860915849E-003,6.08370246845881522E-004)   1.6886276286091585E-003   6.0837024684588152E-004   1.7948753787796826E-003
   2.1496783209740959       0.30227652604321859       (1.38175799309375388E-003,-8.17764983202659817E-004)   1.3817579930937539E-003  -8.1776498320265982E-004   1.6056135024441359E-003
   2.4508769667941941       0.30007267320730641      (-7.67781843005141862E-004,-2.21411788578713178E-004)  -7.6778184300514186E-004  -2.2141178857871318E-004   7.9906954551528053E-004
   2.7497278482973928       0.29758137227697179        (4.34622742438509177E-004,1.10338568760606659E-004)   4.3462274243850918E-004   1.1033856876060666E-004   4.4840999988950939E-004
   3.0459446877781291       0.29480500973992402      (-4.49841188018133430E-004,-1.44321573958065960E-004)  -4.4984118801813343E-004  -1.4432157395806596E-004   4.7242545565125843E-004
   3.3392437307543221       0.29174624515250019        (3.45368064117229135E-004,2.39092056249977841E-004)   3.4536806411722914E-004   2.3909205624997784E-004   4.2005250990075641E-004
   3.6293440177838181       0.28840800859195892      (-2.33247415662860561E-004,-2.74415953574704138E-004)  -2.3324741566286056E-004  -2.7441595357470414E-004   3.6015062472487453E-004
   3.9159676536034231       0.28479349784969282        (1.34678178046171773E-004,2.92704531158368938E-004)   1.3467817804617177E-004   2.9270453115836894E-004   3.2220203941390086E-004
   4.1988400733326774       0.28090617536800322      (-3.13953337481686281E-005,-2.90507238765210635E-004)  -3.1395333748168628E-005  -2.9050723876521063E-004   2.9219877268076607E-004
   4.4776903054873527       0.27674976492331288       (-6.77403230772265506E-005,2.57561336953834852E-004)  -6.7740323077226551E-005   2.5756133695383485E-004   2.6632047173293663E-004
   4.7522512315507646       0.27232824805907191       (1.50905956307972541E-004,-1.93048606925561511E-004)   1.5090595630797254E-004  -1.9304860692556151E-004   2.4503137000213602E-004
   5.0222598418541926       0.26764586027173159       (-2.04520363032308262E-004,1.00002610715455416E-004)  -2.0452036303230826E-004   1.0000261071545542E-004   2.2766005588327102E-004
   5.2874574875213902       0.26270708695347039        (2.12968079914015494E-004,9.75402823426800530E-006)   2.1296807991401549E-004   9.7540282342680053E-006   2.1319133220902155E-004
   5.5475901282357336       0.25751665909551819      (-1.66140147298180386E-004,-1.12670795540268539E-004)  -1.6614014729818039E-004  -1.1267079554026854E-004   2.0074176623696940E-004
   5.8024085755927430       0.25207954875624322        (6.88100869566136492E-005,1.76675720662147604E-004)   6.8810086956613649E-005   1.7667572066214760E-004   1.8960257998894937E-004
   6.0516687318048543       0.24640096429827721       (5.14705195051185570E-005,-1.72065541729663081E-004)   5.1470519505118557E-005  -1.7206554172966308E-004   1.7959890041102484E-004
   6.2951318235297720       0.24048634539939981       (-1.45302750391307670E-004,9.04110640951044669E-005)  -1.4530275039130767E-004   9.0411064095104467E-005   1.7113459551501488E-004
   6.5325646305984506       0.23434135784163829        (1.60045696066851852E-004,3.68483468303394627E-005)   1.6004569606685185E-004   3.6848346830339463E-005   1.6423283926685341E-004
   6.7637397094235361       0.22797188808406910      (-7.60424704762396875E-005,-1.38337144463908162E-004)  -7.6042470476239687E-005  -1.3833714446390816E-004   1.5785950352942954E-004
   6.9884356108744434       0.22138403762397010       (-5.99213767107957746E-005,1.39131460606346596E-004)  -5.9921376710795775E-005   1.3913146060634660E-004   1.5148641760029998E-004
   7.2064370924101686       0.21458411715229730       (1.43806181391406275E-004,-2.66362041332223907E-005)   1.4380618139140627E-004  -2.6636204133222391E-005   1.4625219716983651E-004
   7.4175353242668427       0.20757864050844491      (-9.24666445509512595E-005,-1.07789416105575798E-004)  -9.2466644550951260E-005  -1.0778941610557580E-004   1.4201633208505609E-004
   7.6215280895024931       0.20037431844095541       (-5.42513837087464708E-005,1.26092212426541430E-004)  -5.4251383708746471E-005   1.2609221242654143E-004   1.3726783552214149E-004
   7.8182199777074288       0.19297805217917621        (1.33377749524106904E-004,4.02975176618125964E-006)   1.3337774952410690E-004   4.0297517661812596E-006   1.3343861123157885E-004
   8.0074225721948658       0.18539692682294071      (-3.58414551432149103E-005,-1.25214539364681726E-004)  -3.5841455143214910E-005  -1.2521453936468173E-004   1.3024319857517520E-004
   8.1889546304925815       0.17763820455611809       (-1.10624304357007821E-004,6.13506300320840805E-005)  -1.1062430435700782E-004   6.1350630032084080E-005   1.2649757515385645E-004
   8.3626422579628841       0.16970931769092371        (7.58160813560305216E-005,9.82860529968339591E-005)   7.5816081356030522E-005   9.8286052996833959E-005   1.2412987716855557E-004
   8.5283190743851041       0.16161786154955679       (9.01272890802739868E-005,-8.06304299506847339E-005)   9.0127289080273987E-005  -8.0630429950684734E-005   1.2093053572605867E-004
   8.6858263733413033       0.15337158719045499      (-7.82853513094408209E-005,-8.96142369933721107E-005)  -7.8285351309440821E-005  -8.9614236993372111E-005   1.1899288928985140E-004
   8.8350132742536083       0.14497839398638229       (-9.41468838430741846E-005,6.82283247502331726E-005)  -9.4146883843074185E-005   6.8228324750233173E-005   1.1627011669205714E-004
   8.9757368669287860       0.13644632206223031        (4.99131473888016314E-005,1.03345199481280338E-004)   4.9913147388801631E-005   1.0334519948128034E-004   1.1476738446998721E-004
   9.1078623484739403       0.12778354460089650       (1.10486144102823192E-004,-2.08848290690863955E-005)   1.1048614410282319E-004  -2.0884829069086395E-005   1.1244271485496411E-004
   9.2312631524561404       0.11899836002711760       (1.75196903960788406E-005,-1.09708374396543987E-004)   1.7519690396078841E-005  -1.0970837439654399E-004   1.1109845617427240E-004
   9.3458210701894568       0.11009918408060571      (-9.05466831409743142E-005,-6.17726218268541724E-005)  -9.0546683140974314E-005  -6.1772621826854172E-005   1.0961094213259706E-004
   9.4514263640464851       0.10109454179511100       (-9.71816681343290348E-005,4.68803462855962722E-005)  -9.7181668134329035E-005   4.6880346285596272E-005   1.0789830160492928E-004
   9.5479778727119129        9.1993059409213582E-002  (-1.74013849156067276E-005,1.05621880766146008E-004)  -1.7401384915606728E-005   1.0562188076614601E-004   1.0704573739088853E-004
   9.6353831083313484        8.2803456257237174E-002   (6.82320437243618251E-005,8.12019625590926100E-005)   6.8232043724361825E-005   8.1201962559092610E-005   1.0606304971219479E-004
   9.7135583455817152        7.3534536747914797E-002   (1.04275342230172939E-004,1.02921637903020346E-005)   1.0427534223017294E-004   1.0292163790302035E-005   1.0478203869321350E-004
   9.7824287028644346        6.4195182701776363E-002  (8.65341372564292128E-005,-5.74892668651835680E-005)   8.6534137256429213E-005  -5.7489266865183568E-005   1.0389019547296474E-004
   9.8419282163022075        5.4794346837823658E-002  (3.96993956173468865E-005,-9.55040886877006829E-005)   3.9699395617346887E-005  -9.5504088687700683E-005   1.0342665501915267E-004
   9.8919999087503356        4.5341050100938432E-002 (-1.03504957926329151E-005,-1.02519766899009261E-004)  -1.0350495792632915E-005  -1.0251976689900926E-004   1.0304094025279713E-004
   9.9325958618786778        3.5844393988023672E-002 (-4.92521658641555896E-005,-8.99984829725903620E-005)  -4.9252165864155590E-005  -8.9998482972590362E-005   1.0259387301236819E-004
   9.9636773279094406        2.6313648731818240E-002 (-7.38002849690843184E-005,-7.06358854355998981E-005)  -7.3800284969084318E-005  -7.0635885435599898E-005   1.0215630363707003E-004
   9.9852151198975800        1.6758927604985579E-002 (-8.67690929436970050E-005,-5.32786639031240729E-005)  -8.6769092943697005E-005  -5.3278663903124073E-005   1.0182087957572349E-004
   9.9971933952977050        7.2023170640201630E-003 (-9.22875293284881383E-005,-4.25634560864392985E-005)  -9.2287529328488138E-005  -4.2563456086439299E-005   1.0162989650481204E-004
