   0.0000000000000000       0.16052790085747740        9.8134422881834306E-005  0.16052793085339712     
   1.0000000000000000E-002  0.16049771449410116       -8.4725478402894547E-004  0.16049995077413287     
   2.0000000000000000E-002  0.16045327385710900       -1.7925088766182458E-003  0.16046328607982940     
   2.9999999999999999E-002  0.16039459185811719       -2.7374976210964028E-003  0.16041795096109882     
   4.0000000000000001E-002  0.16032168386758308       -3.6820908937744918E-003  0.16036396138623935     
   5.0000000000000003E-002  0.16023456770909897       -4.6261587057776030E-003  0.16030133509516650     
   6.0000000000000005E-002  0.16013326365310251       -5.5695712277076832E-003  0.16023009159285453     
   7.0000000000000007E-002  0.16001779440999900       -6.5121988142507617E-003  0.16015025214228368     
   8.0000000000000002E-002  0.15988818512270650       -7.4539120287223900E-003  0.16006183975690394     
   8.9999999999999997E-002  0.15974446335862053       -8.3945816675457183E-003  0.15996487919261138     
   9.9999999999999992E-002  0.15958665910100414       -9.3340787846568837E-003  0.15985939693924248     
  0.10999999999999999       0.15941480473980688       -1.0272274715831343E-002  0.15974542121158986     
  0.11999999999999998       0.15922893506191449       -1.1209041102926347E-002  0.15962298193994021     
  0.12999999999999998       0.15902908724083492       -1.2144249918033399E-002  0.15949211076013992     
  0.13999999999999999       0.15881530082582332       -1.3077773487535329E-002  0.15935284100319028     
  0.14999999999999999       0.15858761773044922       -1.4009484516062492E-002  0.15920520768437471     
  0.16000000000000000       0.15834608222061272       -1.4939256110342573E-002  0.15904924749192451     
  0.17000000000000001       0.15809074090201100       -1.5866961802938381E-002  0.15888499877522322     
  0.18000000000000002       0.15782164270706128       -1.6792475575868427E-002  0.15871250153255553     
  0.19000000000000003       0.15753883888128464       -1.7715671884104917E-002  0.15853179739840403     
  0.20000000000000004       0.15724238296915571       -1.8636425678943244E-002  0.15834292963029770     
  0.21000000000000005       0.15693233079942132       -1.9554612431238540E-002  0.15814594309521490     
  0.22000000000000006       0.15660874046989731       -2.0470108154503459E-002  0.15794088425554900     
  0.23000000000000007       0.15627167233174308       -2.1382789427861836E-002  0.15772780115463461     
  0.24000000000000007       0.15592118897322538       -2.2292533418853400E-002  0.15750674340184598     
  0.25000000000000006       0.15555735520297076       -2.3199217906084348E-002  0.15727776215726494     
  0.26000000000000006       0.15518023803271885       -2.4102721301718304E-002  0.15704091011592994     
  0.27000000000000007       0.15478990665957609       -2.5002922673803094E-002  0.15679624149166477     
  0.28000000000000008       0.15438643244777986       -2.5899701768427836E-002  0.15654381200049525     
  0.29000000000000009       0.15396988890997820       -2.6792939031706126E-002  0.15628367884365837     
  0.30000000000000010       0.15354035168803140       -2.7682515631579214E-002  0.15601590069020849     
  0.31000000000000011       0.15309789853334047       -2.8568313479435690E-002  0.15574053765922449     
  0.32000000000000012       0.15264260928671083       -2.9450215251541845E-002  0.15545765130162492     
  0.33000000000000013       0.15217456585775796       -3.0328104410278469E-002  0.15516730458159628     
  0.34000000000000014       0.15169385220385928       -3.1201865225178992E-002  0.15486956185763726     
  0.35000000000000014       0.15120055430866233       -3.2071382793765202E-002  0.15456448886322810     
  0.36000000000000015       0.15069476016015443       -3.2936543062174362E-002  0.15425215268712761     
  0.37000000000000016       0.15017655972830071       -3.3797232845575190E-002  0.15393262175330444     
  0.38000000000000017       0.14964604494225933       -3.4653339848366604E-002  0.15360596580050884     
  0.39000000000000018       0.14910330966717919       -3.5504752684155649E-002  0.15327225586148913     
  0.40000000000000019       0.14854844968059006       -3.6351360895510068E-002  0.15293156424186086     
  0.41000000000000020       0.14798156264838969       -3.7193054973481091E-002  0.15258396449863160     
  0.42000000000000021       0.14740274810043885       -3.8029726376893107E-002  0.15222953141839066     
  0.43000000000000022       0.14681210740576908       -3.8861267551394074E-002  0.15186834099516630     
  0.44000000000000022       0.14620974374741319       -3.9687571948265381E-002  0.15150047040795936     
  0.45000000000000023       0.14559576209686484       -4.0508534042984240E-002  0.15112599799795692     
  0.46000000000000024       0.14497026918817757       -4.1324049353536965E-002  0.15074500324543505     
  0.47000000000000025       0.14433337349170780       -4.2134014458478856E-002  0.15035756674635342     
  0.48000000000000026       0.14368518518751405       -4.2938327014734559E-002  0.14996377018865087     
  0.49000000000000027       0.14302581613841786       -4.3736885775138935E-002  0.14956369632824693     
  0.50000000000000022       0.14235537986273503       -4.4529590605712266E-002  0.14915742896475495     
  0.51000000000000023       0.14167399150668847       -4.5316342502666099E-002  0.14874505291691612     
  0.52000000000000024       0.14098176781650634       -4.6097043609138050E-002  0.14832665399775619     
  0.53000000000000025       0.14027882711021944       -4.6871597231650422E-002  0.14790231898947662     
  0.54000000000000026       0.13956528924916098       -4.7639907856289951E-002  0.14747213561808131     
  0.55000000000000027       0.13884127560918300       -4.8401881164605462E-002  0.14703619252775046     
  0.56000000000000028       0.13810690905159456       -4.9157424049219925E-002  0.14659457925496508     
  0.57000000000000028       0.13736231389383116       -4.9906444629154140E-002  0.14614738620238896     
  0.58000000000000029       0.13660761587986431       -5.0648852264858851E-002  0.14569470461251519     
  0.59000000000000030       0.13584294215036222       -5.1384557572952197E-002  0.14523662654108535     
  0.60000000000000031       0.13506842121260831       -5.2113472440659434E-002  0.14477324483028606     
  0.61000000000000032       0.13428418291018493       -5.2835510039953321E-002  0.14430465308172849     
  0.62000000000000033       0.13349035839243795       -5.3550584841390338E-002  0.14383094562922288     
  0.63000000000000034       0.13268708008372332       -5.4258612627642054E-002  0.14335221751134833     
  0.64000000000000035       0.13187448165245022       -5.4959510506718420E-002  0.14286856444382900     
  0.65000000000000036       0.13105269797992780       -5.5653196924879689E-002  0.14238008279172198     
  0.66000000000000036       0.13022186512902548       -5.6339591679235967E-002  0.14188686954142421     
  0.67000000000000037       0.12938212031265484       -5.7018615930031297E-002  0.14138902227250427     
  0.68000000000000038       0.12853360186208423       -5.7690192212609792E-002  0.14088663912936758     
  0.69000000000000039       0.12767644919509372       -5.8354244449062287E-002  0.14037981879276046     
  0.70000000000000040       0.12681080278397983       -5.9010697959551897E-002  0.13986866045112067     
  0.71000000000000041       0.12593680412342154       -5.9659479473314209E-002  0.13935326377178198     
  0.72000000000000042       0.12505459569821270       -6.0300517139333695E-002  0.13883372887203785     
  0.73000000000000043       0.12416432095087405       -6.0933740536691601E-002  0.13831015629007334     
  0.74000000000000044       0.12326612424915276       -6.1559080684585293E-002  0.13778264695577178     
  0.75000000000000044       0.12236015085341752       -6.2176470052016042E-002  0.13725130216140152     
  0.76000000000000045       0.12144654688396042       -6.2785842567146005E-002  0.13671622353219254     
  0.77000000000000046       0.12052545928821458       -6.3387133626320175E-002  0.13617751299680883     
  0.78000000000000047       0.11959703580789441       -6.3980280102754111E-002  0.13563527275772203     
  0.79000000000000048       0.11866142494607207       -6.4565220354884684E-002  0.13508960526149713     
  0.80000000000000049       0.11771877593419471       -6.5141894234384587E-002  0.13454061316899402     
  0.81000000000000050       0.11676923869905595       -6.5710243093836662E-002  0.13398839932549464     
  0.82000000000000051       0.11581296382972668       -6.6270209794069973E-002  0.13343306673076066     
  0.83000000000000052       0.11485010254445815       -6.6821738711154835E-002  0.13287471850903165     
  0.84000000000000052       0.11388080665756378       -6.7364775743056604E-002  0.13231345787896909     
  0.85000000000000053       0.11290522854629019       -6.7899268315948461E-002  0.13174938812355519     
  0.86000000000000054       0.11192352111768564       -6.8425165390179496E-002  0.13118261255995187     
  0.87000000000000055       0.11093583777547601       -6.8942417465901379E-002  0.13061323450933046     
  0.88000000000000056       0.10994233238695554       -6.9450976588351282E-002  0.13004135726667701     
  0.89000000000000057       0.10894315924990322       -6.9950796352789613E-002  0.12946708407058227     
  0.90000000000000058       0.10793847305953302       -7.0441831909095351E-002  0.12889051807302498     
  0.91000000000000059       0.10692842887548527       -7.0924039966014374E-002  0.12831176230915275     
  0.92000000000000060       0.10591318208887070       -7.1397378795066524E-002  0.12773091966707395     
  0.93000000000000060       0.10489288838937338       -7.1861808234104263E-002  0.12714809285766232     
  0.94000000000000061       0.10386770373242347       -7.2317289690530598E-002  0.12656338438438908     
  0.95000000000000062       0.10283778430644541       -7.2763786144170062E-002  0.12597689651318414     
  0.96000000000000063       0.10180328650019403       -7.3201262149796900E-002  0.12538873124234043     
  0.97000000000000064       0.10076436687018285       -7.3629683839318658E-002  0.12479899027246505     
  0.98000000000000065        9.9721182108216289E-002  -7.4049018923617704E-002  0.12420777497648981     
  0.99000000000000066        9.8673889009032179E-002  -7.4459236694048650E-002  0.12361518636974650     
   1.0000000000000007        9.7622644438064093E-002  -7.4860308023594446E-002  0.12302132508011823     
   1.1000000000000008        8.6927364871035556E-002  -7.8362690601604557E-002  0.11703451645452699     
   1.2000000000000008        7.6008798819211063E-002  -8.0930120867366423E-002  0.11102712263922650     
   1.3000000000000009        6.5020106901332531E-002  -8.2559377770306919E-002  0.10508884412382200     
   1.4000000000000010        5.4108568312684610E-002  -8.3262418002911023E-002   9.9299382760115573E-002
   1.5000000000000011        4.3412983369984962E-002  -8.3065612649019335E-002   9.3726106981136870E-002
   1.6000000000000012        3.3061408490879990E-002  -8.2008708769067254E-002   8.8422197695886981E-002
   1.7000000000000013        2.3169263002221056E-002  -8.0143550412814790E-002   8.3425436293959376E-002
   1.8000000000000014        1.3837833779197676E-002  -7.7532598579533332E-002   7.8757790003248299E-002
   1.9000000000000015        5.1531903693705083E-003  -7.4247293390778485E-002   7.4425909109928315E-002
   2.0000000000000013       -2.8144895643272688E-003  -7.0366304116846634E-002   7.0422568162289104E-002
   2.1000000000000014       -1.0011196512121498E-002  -6.5973713667849265E-002   6.6728966354437674E-002
   2.2000000000000015       -1.6398989680985399E-002  -6.1157183736494994E-002   6.3317675140015003E-002
   2.3000000000000016       -2.1955553403350130E-002  -5.6006145023250013E-002   6.0155919123662902E-002
   2.4000000000000017       -2.6673448132705752E-002  -5.0610053992477116E-002   5.7208831489636222E-002
   2.5000000000000018       -3.0559100083706645E-002  -4.5056753548297232E-002   5.4442351512751494E-002
   2.6000000000000019       -3.3631576997244277E-002  -3.9430970063396319E-002   5.1825518535389754E-002
   2.7000000000000020       -3.5921199100415149E-002  -3.3812973550971320E-002   4.9332035485780960E-002
   2.8000000000000020       -3.7468034213644717E-002  -2.8277421664415402E-002   4.6941092486455838E-002
   2.9000000000000021       -3.8320324313037710E-002  -2.2892401872991061E-002   4.4637532626377478E-002
   3.0000000000000022       -3.8532887906714185E-002  -1.7718679823346926E-002   4.2411496850661631E-002
   3.1000000000000023       -3.8165538577536323E-002  -1.2809155772361530E-002   4.0257704933515971E-002
   3.2000000000000024       -3.7281555242258811E-002  -8.2085252612691100E-003   3.8174523549698539E-002
   3.3000000000000025       -3.5946234339864956E-002  -3.9531350606285959E-003   3.6162951207334523E-002
   3.4000000000000026       -3.4225548539647863E-002  -7.1020982689073975E-005   3.4225622226919029E-002
   3.5000000000000027       -3.2184930881869404E-002   3.4178894733579712E-003   3.2365904039943050E-002
   3.6000000000000028       -2.9888197732254096E-002   6.5014294515323891E-003   3.0587136979383533E-002
   3.7000000000000028       -2.7396618715114146E-002   9.1747217528637178E-003   2.8892044515122384E-002
   3.8000000000000029       -2.4768137022090814E-002   1.1439607287014842E-002   2.7282324432243463E-002
   3.9000000000000030       -2.2056739271744390E-002   1.3303995960054653E-002   2.5758417183648179E-002
   4.0000000000000027       -1.9311970481922573E-002   1.4781162518271423E-002   2.4319436039641231E-002
   4.1000000000000023       -1.6578586741957120E-002   1.5889008766865775E-002   2.2963234483716222E-002
   4.2000000000000020       -1.3896335836543018E-002   1.6649311972586539E-002   2.1686579694421691E-002
   4.3000000000000016       -1.1299854354668929E-002   1.7086977261841829E-002   2.0485397247391374E-002
   4.4000000000000012       -8.8186686728863421E-003   1.7229309562028304E-002   1.9355051669947741E-002
   4.5000000000000009       -6.4772865758585731E-003   1.7105318219930107E-002   1.8290630191189983E-002
   4.6000000000000005       -4.2953661023245769E-003   1.6745064972954332E-002   1.7287202518090111E-002
   4.7000000000000002       -2.2879484100398291E-003   1.6179063538595596E-002   1.6340036869998711E-002
   4.7999999999999998       -4.6574196640181620E-004   1.5437736800259821E-002   1.5444760700424082E-002
   4.8999999999999995        1.1645538781510304E-003   1.4550935461091057E-002   1.4597462400292518E-002
   4.9999999999999991        2.5998969551377657E-003   1.3547520151624781E-002   1.3794736910721210E-002
   5.0999999999999988        3.8405319688943843E-003   1.2455007335058894E-002   1.3033683037440747E-002
   5.1999999999999984        4.8896107067616795E-003   1.1299277963893500E-002   1.2311863196486861E-002
   5.2999999999999980        5.7528105510969872E-003   1.0104346699388693E-002   1.1627237481803663E-002
   5.3999999999999977        6.4379579824750443E-003   8.8921885968218442E-003   1.0978083668180098E-002
   5.4999999999999973        6.9546627147484170E-003   7.6826194642581180E-003   1.0362913456577234E-002
   5.5999999999999970        7.3139671173593985E-003   6.4932255959135035E-003   9.7803933271234447E-003
   5.6999999999999966        7.5280146706379614E-003   5.3393382371873001E-003   9.2292761196331521E-003
   5.7999999999999963        7.6097403722137141E-003   4.2340479316895592E-003   8.7083471692591553E-003
   5.8999999999999959        7.5725852688372213E-003   3.1882538078559187E-003   8.2163866752434592E-003
   5.9999999999999956        7.4302366259709806E-003   2.2107428639229778E-003   7.7521481105759966E-003
   6.0999999999999952        7.1963946630342690E-003   1.3082943885828937E-003   7.3143509864748487E-003
   6.1999999999999948        6.8845662691662864E-003   4.8580479753451407E-004   6.9016852301339963E-003
   6.2999999999999945        6.5078856660803191E-003  -2.5357163650416010E-004   6.5128238435883615E-003
   6.3999999999999941        6.0789615943020224E-003  -9.0827043841992762E-004   6.1464403726308545E-003
   6.4999999999999938        5.6097502606572121E-003  -1.4781569625755588E-003   5.8012279728480130E-003
   6.5999999999999934        5.1114529931012460E-003  -1.9643624729564170E-003   5.4759174232125833E-003
   6.6999999999999931        4.5944372998381645E-003  -2.3691195899783512E-003   5.1692921888555881E-003
   6.7999999999999927        4.0681798203827425E-003  -2.6956000442436862E-003   4.8801994477168584E-003
   6.8999999999999924        3.5412294851441899E-003  -2.9477572805403801E-003   4.6075567550962846E-003
   6.9999999999999920        3.0211890665744557E-003  -3.1301760471506178E-003   4.3503546363652347E-003
   7.0999999999999917        2.5147132088873350E-003  -3.2479306947261872E-003   4.1076558181883946E-003
   7.1999999999999913        2.0275209650522583E-003  -3.3064535049563424E-003   3.8785920182670052E-003
   7.2999999999999909        1.5644208493222633E-003  -3.3114139815920646E-003   3.6623592329641289E-003
   7.3999999999999906        1.1293464306058091E-003  -3.2686096743779641E-003   3.4582123364188182E-003
   7.4999999999999902        7.2540054536021311E-004  -3.1838687784542657E-003   3.2654595924042225E-003
   7.5999999999999899        3.5490629613796863E-004  -3.0629644647568030E-003   3.0834574411529180E-003
   7.6999999999999895        1.9463120028134729E-005  -2.9115406558897928E-003   2.9116057088727511E-003
   7.7999999999999892       -2.7999364463626437E-004  -2.7350487696940423E-003   2.7493432331452531E-003
   7.8999999999999888       -5.4313110053652450E-004  -2.5386948097418783E-003   2.5961438190863712E-003
   7.9999999999999885       -7.7015627178626540E-004  -2.3273960864037616E-003   2.4515124364316949E-003
   8.0999999999999890       -9.6175376721252558E-004  -2.1057467999751559E-003   2.3149816185778008E-003
   8.1999999999999886       -1.1190244876048252E-003  -1.8779917028929729E-003   2.1861081034555657E-003
   8.2999999999999883       -1.2434260623926329E-003  -1.6480070742829961E-003   2.0644698325536386E-003
   8.3999999999999879       -1.3367155398629042E-003  -1.4192882791812360E-003   1.9496634719695114E-003
   8.4999999999999876       -1.4008947131876866E-003  -1.1949432387885000E-003   1.8413026207996233E-003
   8.5999999999999872       -1.4381583459527939E-003  -9.7769119941594766E-004   1.7390168226469433E-003
   8.6999999999999869       -1.4508454676290068E-003  -7.6986624954603544E-004   1.6424514035823738E-003
   8.7999999999999865       -1.4413938417874121E-003  -5.7342509104804716E-004   1.5512680433071959E-003
   8.8999999999999861       -1.4122976663551536E-003  -3.8995861788285137E-004   1.4651458705717041E-003
   8.9999999999999858       -1.3660685427761038E-003  -2.2070689102376105E-004   1.3837827847273582E-003
   9.0999999999999854       -1.3051997452294337E-003  -6.6577120804217280E-005   1.3068966630769084E-003
   9.1999999999999851       -1.2321338268083050E-003   7.1835722058024231E-005   1.2342261292522031E-003
   9.2999999999999847       -1.1492336110688185E-003   1.9422604620826961E-004   1.1655306301577720E-003
   9.3999999999999844       -1.0587566289563366E-003   3.0055291838232038E-004   1.1005896856263533E-003
   9.4999999999999840       -9.6283306765017763E-004   3.9101388284252159E-004   1.0392013148260719E-003
   9.5999999999999837       -8.6344729511046432E-004   4.6601773793858155E-004   9.8117978144016496E-004
   9.6999999999999833       -7.6242300910568574E-004   5.2615669851631517E-004   9.2635291126403718E-004
   9.7999999999999829       -6.6141203077013774E-004   5.7217837961066496E-004   8.7455930190088527E-004
   9.8999999999999826       -5.6188672038636920E-004   6.0495803533943413E-004   8.2564575398187440E-004
   9.9999999999999822       -4.6513593873472145E-004   6.2547147526910364E-004   7.7946520632927508E-004
   10.099999999999982       -3.7226441397470811E-004   6.3476905770476456E-004   7.3587536344908819E-004
   10.199999999999982       -2.8419530565460921E-004   6.3395112518994793E-004   6.9473808077988482E-004
   10.299999999999981       -2.0167568880339289E-004   6.2414520265373829E-004   6.5591944432986514E-004
   10.399999999999981       -1.2528461711492299E-004   6.0648522452489209E-004   6.1929037038584872E-004
   10.499999999999980       -5.5443369775357812E-005   5.8209299577169284E-004   5.8472747752992679E-004
   10.599999999999980        7.5725543057807271E-006   5.5206202570112230E-004   5.5211395906999184E-004
   10.699999999999980        6.3620155001518826E-005   5.1744380521241901E-004   5.2134021106675166E-004
   10.799999999999979        1.1267482736912337E-004   4.7923653089312429E-004   4.9230404148771544E-004
   10.899999999999979        1.5481588664372856E-004   4.3837621563624533E-004   4.6491038404496805E-004
   10.999999999999979        1.9021213940315508E-004   3.9573006787491544E-004   4.3907054626404909E-004
   11.099999999999978        2.1910786888990451E-004   3.5209197224009975E-004   4.1470111541373837E-004
   11.199999999999978        2.4180953973906613E-004   3.0817986514149138E-004   3.9172271160534822E-004
   11.299999999999978        2.5867345568280964E-004   2.6463477060060007E-004   3.7005880409161825E-004
   11.399999999999977        2.7009452791207275E-004   2.2202124519312357E-004   3.4963479135399349E-004
   11.499999999999977        2.7649623654161262E-004   1.8082897615265823E-004   3.3037749232975002E-004
   11.599999999999977        2.7832179767682097E-004   1.4147528294091138E-004   3.1221511613832570E-004
   11.699999999999976        2.7602648795746454E-004   1.0430828876179367E-004   2.9507768664971271E-004
   11.799999999999976        2.7007103031658717E-004   6.9610552992295489E-005   2.7889781373140258E-004
   11.899999999999975        2.6091591111342659E-004   3.7602986362507076E-005   2.6361164097119915E-004
   11.999999999999975        2.4901648065444888E-004   8.4489057286855649E-006   2.4915977132261888E-004
   12.099999999999975        2.3481868607067653E-004  -1.7741877888941072E-005   2.3548798177186247E-004
   12.199999999999974        2.1875529612181511E-004  -4.0909008021851342E-005   2.2254758259454294E-004
   12.299999999999974        2.0124249934863240E-004  -6.1037604641096596E-005   2.1029534641643196E-004
   12.399999999999974        1.8267678699623776E-004  -7.8154366677522178E-005   1.9869301330956106E-004
   12.499999999999973        1.6343206676691305E-004  -9.2323739869388090E-005   1.8770645537960373E-004
   12.599999999999973        1.4385698911030032E-004  -1.0364411914419154E-004   1.7730464390155277E-004
   12.699999999999973        1.2427250098612176E-004  -1.1224404708029159E-004   1.6745859370694699E-004
   12.799999999999972        1.0496966986502868E-004  -1.1827837014522358E-004   1.5814045793465892E-004
   12.899999999999972        8.6207840856004491E-005  -1.2192432179633877E-004   1.4932291207497719E-004
   12.999999999999972        6.8213200776013916E-005  -1.2337751506389587E-004   1.4097890616489631E-004
   13.099999999999971        5.1177824102005117E-005  -1.2284784538613003E-004   1.3308178987310880E-004
   13.199999999999971        3.5259267348324322E-005  -1.2055532537323622E-004   1.2560574194592962E-004
   13.299999999999971        2.0580761574020247E-005  -1.1672589479395272E-004   1.1852637791823213E-004
   13.399999999999970        7.2320291949275436E-006  -1.1158726931967118E-004   1.1182137953225721E-004
   13.499999999999970       -4.7292767165215381E-006  -1.0536490846089035E-004   1.0547099124040333E-004
   13.599999999999969       -1.5275542414888950E-005  -9.8278194996783799E-005   9.9458261637206050E-005
   13.699999999999969       -2.4406633886719946E-005  -9.0536923741358540E-005   9.3768962552802926E-005
   13.799999999999969       -3.2146895207188916E-005  -8.2338195929807003E-005   8.8391183838872024E-005
   13.899999999999968       -3.8541813751716492E-005  -7.3863806638890307E-005   8.3314664606294717E-005
   13.999999999999968       -4.3654475963488009E-005  -6.5278196863658642E-005   7.8529970440700692E-005
   14.099999999999968       -4.7561944626302412E-005  -5.6727020115571644E-005   7.4027652859103449E-005
   14.199999999999967       -5.0351687941784715E-005  -4.8336347137143411E-005   6.9797528130653030E-005
   14.299999999999967       -5.2118182425512140E-005  -4.0212503383462118E-005   6.5828188245643785E-005
   14.399999999999967       -5.2959796538375439E-005  -3.2442504378486505E-005   6.2106812345621466E-005
   14.499999999999966       -5.2976041337082021E-005  -2.5095026067830816E-005   5.8619291100228526E-005
   14.599999999999966       -5.2265249873542608E-005  -1.8221822916279926E-005   5.5350620364510003E-005
   14.699999999999966       -5.0922720400877811E-005  -1.1859487532036937E-005   5.2285475015041385E-005
   14.799999999999965       -4.9039331503534485E-005  -6.0314334296044872E-006   4.9408847623976222E-005
   14.899999999999965       -4.6700611817026386E-005  -7.4997803863265883E-007   4.6706633481155712E-005
   14.999999999999964       -4.3986224584916116E-005   3.9815934905471833E-006   4.4166062083444190E-005
   15.099999999999964       -4.0969809153111010E-005   8.1670920712900383E-006   4.1775909983425464E-005
   15.199999999999964       -3.7719108491473383E-005   1.1815706668877367E-005   3.9526473020957643E-005
   15.299999999999963       -3.4296304420879487E-005   1.4940572040476807E-005   3.7409319558451139E-005
   15.399999999999963       -3.0758480467221394E-005   1.7557663221605800E-005   3.5416883804984439E-005
   15.499999999999963       -2.7158135841144136E-005   1.9685029761038210E-005   3.3541984721524723E-005
   15.599999999999962       -2.3543682305545283E-005   2.1342355399092398E-005   3.1777367897382796E-005
   15.699999999999962       -1.9959867736470602E-005   2.2550804291985879E-005   3.0115363093823870E-005
   15.799999999999962       -1.6448084922550433E-005   2.3333094782141915E-005   2.8547728626492318E-005
   15.899999999999961       -1.3046540405043665E-005   2.3713727482218503E-005   2.7065717940623007E-005
   15.999999999999961       -9.7902747443173146E-006   2.3719286963338482E-005   2.5660359576950912E-005
   16.099999999999962       -6.7110413825752084E-006   2.3378735942901969E-005   2.4322898074172275E-005
   16.199999999999964       -3.8370652585888573E-006   2.2723627309891809E-005   2.3045309889813379E-005
   16.299999999999965       -1.1927137007541195E-006   2.1788171822584879E-005   2.1820792775296874E-005
   16.399999999999967        1.2018797214038656E-006   2.0609116621284253E-005   2.0644132405466129E-005
   16.499999999999968        3.3311931324714649E-006   1.9225410223964620E-005   1.9511874486208351E-005
   16.599999999999969        5.1846499422835803E-006   1.7677651613311225E-005   1.8422268090157252E-005
   16.699999999999971        6.7568646658019366E-006   1.6007342520811919E-005   1.7374988768069923E-005
   16.799999999999972        8.0477634942913990E-006   1.4255981303491668E-005   1.6370690278224473E-005
   16.899999999999974        9.0625508126680330E-006   1.2464052367465280E-005   1.5410464907039854E-005
   16.999999999999975        9.8115035823239305E-006   1.0669975747093652E-005   1.4495309068437350E-005
   17.099999999999977        1.0309587507410167E-005   8.9090864674780943E-006   1.3625689569997883E-005
   17.199999999999978        1.0575901341548305E-005   7.2127124532594146E-006   1.2801285486995699E-005
   17.299999999999979        1.0632967727111238E-005   5.6074132363977117E-006   1.2020943635568607E-005
   17.399999999999981        1.0505899789272686E-005   4.1144302527424371E-006   1.1282839478026887E-005
   17.499999999999982        1.0221481615362645E-005   2.7493841699758556E-006   1.0584790962853747E-005
   17.599999999999984        9.8072071516561559E-006   1.5222368067711167E-006   9.9246419084712762E-006
   17.699999999999985        9.2903255209916495E-006   4.3751628976807566E-007   9.3006219571489510E-006
   17.799999999999986        8.6969410737237557E-006  -5.0521431427336579E-007   8.7116029261651964E-006
   17.899999999999988        8.0512136046022657E-006  -1.3106811213113977E-006   8.1572008378300160E-006
   17.999999999999989        7.3746982818958846E-006  -1.9870658354601607E-006   7.6377094330336437E-006
   18.099999999999991        6.6858563245747205E-006  -2.5450731637986298E-006   7.1538851124367213E-006
   18.199999999999992        5.9997568906279892E-006  -2.9969625029816163E-006   6.7066285860271013E-006
   18.299999999999994        5.3279787085894984E-006  -3.3556068579709902E-006   6.2966224679938494E-006
   18.399999999999995        4.6787074994303605E-006  -3.6336370296574248E-006   5.9239869959785982E-006
   18.499999999999996        4.0570130475766955E-006  -3.8427201311401017E-006   5.5880097418022590E-006
   18.599999999999998        3.4652787259243877E-006  -3.9930093235504839E-006   5.2869915931752001E-006
   18.699999999999999        2.9037471282845638E-006  -4.0927873703755360E-006   5.0182323425810353E-006
   18.800000000000001        2.3711388550948809E-006  -4.1483113785340214E-006   4.7781572560366302E-006
   18.900000000000002        1.8652979009159860E-006  -4.1638511223383325E-006   4.5625642382502163E-006
   19.000000000000004        1.3838167600937799E-006  -4.1418997502411319E-006   4.3669534422253685E-006
   19.100000000000005        9.2459732177243320E-007  -4.0835244069188730E-006   4.1868904677971799E-006
   19.200000000000006        4.8630964841688162E-007  -3.9888160877003161E-006   4.0183517585746780E-006
   19.300000000000008        6.8719379768507878E-008  -3.8573933287117712E-006   3.8580053972935089E-006
   19.400000000000009       -3.2713486454715476E-007  -3.6889132820087338E-006   3.7033901255177981E-006
   19.500000000000011       -6.9892088579960487E-007  -3.4835462012464273E-006   3.5529684125847952E-006
   19.600000000000012       -1.0431437771290195E-006  -3.2423749802074019E-006   3.4060452803857359E-006
   19.700000000000014       -1.3554113929916977E-006  -2.9676895419507022E-006   3.2625636026988443E-006
   19.800000000000015       -1.6308074667993904E-006  -2.6631558127039009E-006   3.1228083316955621E-006
   19.900000000000016       -1.8643375594052926E-006  -2.3338498883960253E-006   2.9870737916856728E-006
   20.000000000000018       -2.0514079460750520E-006  -1.9861589530666304E-006   2.8553637155477402E-006
   20.100000000000019       -2.1882956315403357E-006  -1.6275607242831086E-006   2.7271948376028204E-006
   20.200000000000021       -2.2725690389955642E-006  -1.2663019760413653E-006   2.6015554446383587E-006
   20.300000000000022       -2.3034234139713320E-006  -9.1100346956866174E-007   2.4770318418618454E-006
   20.400000000000023       -2.2819022349589196E-006  -5.7022303290910624E-007   2.3520697517655746E-006
   20.500000000000025       -2.2109853355776074E-006  -2.5201039408876449E-007   2.2253011914947603E-006
   20.600000000000026       -2.0955352558347232E-006   3.6513294592092903E-008   2.0958533415122988E-006
   20.700000000000028       -1.9421046879413701E-006   2.8952130569388482E-007   1.9635664504606252E-006
   20.800000000000029       -1.7586188648451060E-006   5.0276761406257130E-007   1.8290750628498711E-006
   20.900000000000031       -1.5539564955229809E-006   6.7377517256130602E-007   1.6937395824441496E-006
   21.000000000000032       -1.3374606247730160E-006   8.0191525711290152E-007   1.5594450943873199E-006
   21.100000000000033       -1.1184159992677963E-006   8.8837486791727350E-007   1.4283081787083683E-006
   21.200000000000035       -9.0553177982180675E-007   9.3601694163706773E-007   1.3023499987710135E-006
   21.300000000000036       -7.0646761765172270E-007   9.4914523206000933E-007   1.1832046172715646E-006
   21.400000000000038       -5.2743732305200348E-007   9.3319171315317852E-007   1.0719313892437461E-006
   21.500000000000039       -3.7291794757894744E-007   8.9434890732895521E-007   9.6898285003760043E-007
   21.600000000000041       -2.4548362824469938E-007   8.3917241474503667E-007   8.7434121108706612E-007
   21.700000000000042       -1.4577371361817252E-007   7.7418001015449050E-007   7.8778465566729597E-007
   21.800000000000043       -7.2594310331648466E-008   7.0547299281344855E-007   7.0919819337170594E-007
   21.900000000000045       -2.3142287789465821E-008   6.3840314523390283E-007   6.3882246463995773E-007
   22.000000000000046        6.6682492579868488E-009   5.7730489489196098E-007   5.7734340492845745E-007
   22.100000000000048        2.1804276745265667E-008   5.2530737667719029E-007   5.2575970411952985E-007
   22.200000000000049        2.7669183851980824E-008   4.8423541340923792E-007   4.8502527700590024E-007
   22.300000000000050        2.9649692293169523E-008   4.5460235357410699E-007   4.5556822115704801E-007
   22.400000000000052        3.2688528146873188E-008   4.3569162327902178E-007   4.3691615954084140E-007
   22.500000000000053        4.0913968171167499E-008   4.2571814627238348E-007   4.2767966149573420E-007
   22.600000000000055        5.7352013695020845E-008   4.2205580798861804E-007   4.2593468810581640E-007
   22.700000000000056        8.3739742726379216E-008   4.2151318371656391E-007   4.2975075166746823E-007
   22.800000000000058        1.2044997842650665E-007   4.2063704226100098E-007   4.3754281919033825E-007
   22.900000000000059        1.6652849010943364E-007   4.1602182321644443E-007   4.4811370812603163E-007
   23.000000000000060        2.1983623000821873E-007   4.0460342719776959E-007   4.6046921865028860E-007
   23.100000000000062        2.7728128352310833E-007   3.8391722376012816E-007   4.7357929102939740E-007
   23.200000000000063        3.3511885615693036E-007   3.5230305271499836E-007   4.8623254591217592E-007
   23.300000000000065        3.8929318328696578E-007   3.0904397088576794E-007   4.9704864801600907E-007
   23.400000000000066        4.3579300662968573E-007   2.5443030854920546E-007   5.0462889982222104E-007
   23.500000000000068        4.7099230604805357E-007   1.8974592446400663E-007   5.0777678974837342E-007
   23.600000000000069        4.9195021519453059E-007   1.1717902771974492E-007   5.0571329700462664E-007
   23.700000000000070        4.9664822199731835E-007   3.9665200244722075E-008   4.9822965038579496E-007
   23.800000000000072        4.8414845521281847E-007  -3.9325051996932993E-008   4.8574292213013255E-007
   23.900000000000073        4.5466357907190450E-007  -1.1603808868641104E-007   4.6923747523026049E-007
   24.000000000000075        4.0953599247239977E-007  -1.8670948764210092E-007   4.5008905997138978E-007
   24.100000000000076        3.5113108056691989E-007  -2.4783687419262156E-007   4.2978617003070507E-007
   24.200000000000077        2.8265565412839349E-007  -2.9643326743824178E-007   4.0959358009478396E-007
   24.300000000000079        2.0791797118097068E-007  -3.3024253605340867E-007   3.9024353339805375E-007
   24.400000000000080        1.3104951291543298E-007  -3.4790142816628541E-007   3.7176521966896430E-007
   24.500000000000082        5.6210759657092716E-008  -3.4903662646436553E-007   3.5353389669853792E-007
   24.600000000000083       -1.2696495083902364E-008  -3.3429009507707225E-007   3.3453111761696185E-007
   24.700000000000085       -7.2289180771166202E-008  -3.0527127873224729E-007   3.1371368997126627E-007
   24.800000000000086       -1.1991717645171982E-007  -2.6444009989256848E-007   2.9035959711940727E-007
   24.900000000000087       -1.5381774622350850E-007  -2.1492977756380116E-007   2.6430041304717007E-007
   25.000000000000089       -1.7320122959547335E-007  -1.6032288552295013E-007   2.3601290972272861E-007
   25.100000000000090       -1.7826448753830665E-007  -1.0439744805444668E-007   2.0658425563816809E-007
   25.200000000000092       -1.7013405775791640E-007  -5.0861984843840325E-008   1.7757403839364885E-007
   25.300000000000093       -1.5074601670451886E-007  -3.0991035959269561E-009   1.5077786971361999E-007
   25.400000000000095       -1.2267382992296066E-007   3.6063550541878879E-008   1.2786496089880969E-007
   25.500000000000096       -8.8918720792676746E-008   6.4538383810982356E-008   1.0987147897584555E-007
   25.600000000000097       -5.2679120064150176E-008   8.1105822867322643E-008   9.6712171900535172E-008
   25.700000000000099       -1.7116492330760791E-008   8.5476427415178246E-008   8.7173355753757851E-008
   25.800000000000100        1.4865709688683889E-008   7.8283462941834246E-008   7.9682431531133426E-008
   25.900000000000102        4.0814926472111668E-008   6.1007541589262228E-008   7.3401487407881876E-008
   26.000000000000103        5.8881867358327261E-008   3.5840059938977703E-008   6.8931735797331836E-008
   26.100000000000104        6.7923468999469069E-008   5.4967162158914317E-009   6.8145517314639853E-008
   26.200000000000106        6.7551406512283909E-008  -2.7003972258852590E-008   7.2748931535416474E-008
   26.300000000000107        5.8125163277461784E-008  -5.8579783181070755E-008   8.2523485163757187E-008
   26.400000000000109        4.0692567203803959E-008  -8.6323089059230622E-008   9.5433540908655195E-008
   26.500000000000110        1.6884207711114762E-008  -1.0772025876609744E-007   1.0903545578694601E-007
   26.600000000000112       -1.1228959245427377E-008  -1.2083583292761451E-007   1.2135645036439488E-007
   26.700000000000113       -4.1303393440737367E-008  -1.2444814035003256E-007   1.3112326241480477E-007
   26.800000000000114       -7.0903474268456540E-008  -1.1812700456723906E-007   1.3777260929287142E-007
   26.900000000000116       -9.7681732335406222E-008  -1.0224883102760680E-007   1.4140913788916906E-007
   27.000000000000117       -1.1954637330418611E-007  -7.7949291017024464E-008   1.4271449590087403E-007
   27.100000000000119       -1.3480502257021985E-007  -4.7018635043964668E-008   1.4276955610897942E-007
   27.200000000000120       -1.4227565991164949E-007  -1.1748999021044882E-008   1.4275994669826639E-007
   27.300000000000122       -1.4135826632776358E-007   2.5253422108533161E-008   1.4359629099451939E-007
   27.400000000000123       -1.3206358303426217E-007   6.1276027255111624E-008   1.4558688636005870E-007
   27.500000000000124       -1.1499838677864395E-007   9.3710801039715407E-008   1.4834535110071942E-007
   27.600000000000126       -9.1309619328375770E-008   1.2025229166456078E-007   1.5099026535664969E-007
   27.700000000000127       -6.2592389316906237E-008   1.3906763243835654E-007   1.5250447072925107E-007
   27.800000000000129       -3.0769130651128339E-008   1.4892620931680595E-007   1.5207154639346346E-007
   27.900000000000130        2.0510755080236459E-009   1.4928002688684679E-007   1.4929411689037622E-007
   28.000000000000131        3.3722920653592597E-008   1.4028988492799386E-007   1.4428612958464947E-007
   28.100000000000133        6.2214535087082331E-008   1.2279680974342785E-007   1.3765792697576634E-007
   28.200000000000134        8.5746198061734536E-008   9.8242439732955203E-008   1.3039933836766790E-007
   28.300000000000136        1.0290884388078506E-007   6.8545908710989696E-008   1.2364777292735654E-007
   28.400000000000137        1.1275465795776460E-007   3.5947912578359751E-008   1.1834637852470977E-007
   28.500000000000139        1.1485407838821719E-007   2.8348582065043062E-009   1.1488905841488008E-007
   28.600000000000140        1.0931588399840551E-007  -2.8442867260459540E-008   1.1295556291015053E-007
   28.700000000000141        9.6769602663316409E-008  -5.5744458465592908E-008   1.1167721633904719E-007
   28.800000000000143        7.8312046425880875E-008  -7.7291119095036483E-008   1.1003042173132136E-007
   28.900000000000144        5.5422204848449375E-008  -9.1786440847246697E-008   1.0722113370818554E-007
   29.000000000000146        2.9850845664553530E-008  -9.8496648132020744E-008   1.0292066206613762E-007
   29.100000000000147        3.4928428219744829E-009  -9.7285975944060562E-008   9.7348657239673061E-008
   29.200000000000149       -2.1748634649559816E-008  -8.8606046208322447E-008   9.1236147078838254E-008
   29.300000000000150       -4.4096459229240988E-008  -7.3441659531873095E-008   8.5663148852652387E-008
   29.400000000000151       -6.2022978725187521E-008  -5.3218650874757589E-008   8.1725606090590730E-008
   29.500000000000153       -7.4353959288346654E-008  -2.9682129640181697E-008   8.0059603307970902E-008
   29.600000000000154       -8.0345887624670385E-008  -4.7553538249037767E-009   8.0486489848894445E-008
   29.700000000000156       -7.9731419908108469E-008   1.9609445041515805E-008   8.2107427528813398E-008
   29.800000000000157       -7.2730067207750337E-008   4.1576809152669798E-008   8.3775257298091355E-008
   29.900000000000158       -6.0023712162380646E-008   5.9559616790399182E-008   8.4558819610798279E-008
   30.000000000000160       -4.2699081391884604E-008   7.2327207927238847E-008   8.3990693283606297E-008
   30.100000000000161       -2.2161669975163671E-008   7.9082961132820945E-008   8.2129497487950942E-008
   30.200000000000163       -2.7656308776670792E-011   7.9506791767003072E-008   7.9506796577104047E-008
   30.300000000000164        2.1998092834466498E-008   7.3760848276439816E-008   7.6971285729249584E-008
   30.400000000000166        4.2248862307267613E-008   6.2459491680811650E-008   7.5406594322272893E-008
   30.500000000000167        5.9218413466871164E-008   4.6607241272841974E-008   7.5359507911067281E-008
   30.600000000000168        7.1669831479451289E-008   2.7510572143748512E-008   7.6768459174125278E-008
   30.700000000000170        7.8722994901141373E-008   6.6711127680609388E-009   7.9005149653483453E-008
   30.800000000000171        7.9914415306348160E-008  -1.4331182971338781E-008   8.1189263939966121E-008
   30.900000000000173        7.5225304368491193E-008  -3.3955967930062362E-008   8.2533957710748144E-008
   31.000000000000174        6.5076137339373849E-008  -5.0812939241937720E-008   8.2564268575564225E-008
   31.100000000000176        5.0288511396184250E-008  -6.3757114955581606E-008   8.1202857621535717E-008
   31.200000000000177        3.2017551905003335E-008  -7.1962725427318211E-008   7.8763935153832769E-008
   31.300000000000178        1.1660311253650041E-008  -7.4971314207800810E-008   7.5872661826093811E-008
   31.400000000000180       -9.2526339757268078E-009  -7.2711687775149905E-008   7.3298027085315598E-008
   31.500000000000181       -2.9173984747481898E-008  -6.5491464619495694E-008   7.1695560002366690E-008
   31.600000000000183       -4.6655974498702482E-008  -5.3961998003029416E-008   7.1334964673030620E-008
   31.700000000000184       -6.0457280301940068E-008  -3.9060245043965744E-008   7.1977673513402766E-008
   31.800000000000185       -6.9632617536796595E-008  -2.1932613657720003E-008   7.3005074939243774E-008
   31.900000000000187       -7.3598475359929006E-008  -3.8468555393582858E-009   7.3698940785107412E-008
   32.000000000000185       -7.2170368999632737E-008   1.3901360901448071E-008   7.3497006717657964E-008
   32.100000000000186       -6.5569237538800645E-008   3.0080481908488417E-008   7.2139866254842488E-008
   32.200000000000188       -5.4397022441852581E-008   4.3607370128468356E-008   6.9718281534047063E-008
   32.300000000000189       -3.9583831896409755E-008   5.3618337625658857E-008   6.6646874475419854E-008
   32.400000000000190       -2.2311243769126128E-008   5.9522504047395276E-008   6.3566658608090743E-008
   32.500000000000192       -3.9180594431398328E-009   6.1034452487407892E-008   6.1160081591162296E-008
   32.600000000000193        1.4203940209122449E-008   5.8184676458680666E-008   5.9893309242900199E-008
   32.700000000000195        3.0716056708300399E-008   5.1307868299673172E-008   5.9799443886746415E-008
   32.800000000000196        4.4432394357405410E-008   4.1010589082581947E-008   6.0465743071861628E-008
   32.900000000000198        5.4405736517277839E-008   2.8121189777659236E-008   6.1243656655188268E-008
   33.000000000000199        5.9993304421172764E-008   1.3625944589617533E-008   6.1521239757752239E-008
   33.100000000000200        6.0897818530091412E-008  -1.4038501285235312E-009   6.0913997544959241E-008
   33.200000000000202        5.7181296319040481E-008  -1.5888602449602600E-008   5.9347690237509921E-008
   33.300000000000203        4.9251189170789364E-008  -2.8815666742901980E-008   5.7061565738900531E-008
   33.400000000000205        3.7820609472786318E-008  -3.9308037706193463E-008   5.4548330214632067E-008
   33.500000000000206        2.3846358235713879E-008  -4.6682002988754028E-008   5.2420017208582059E-008
   33.600000000000207        8.4500833439186596E-009  -5.0490107665877099E-008   5.1192332244497641E-008
   33.700000000000209       -7.1709400880100634E-009  -5.0546848046841604E-008   5.1052974734253487E-008
   33.800000000000210       -2.1836292412812295E-008  -4.6935721766841987E-008   5.1766646058173868E-008
   33.900000000000212       -3.4470988899818592E-008  -3.9997536481220629E-008   5.2802007540414522E-008
   34.000000000000213       -4.4183498273123417E-008  -3.0301138879588141E-008   5.3575559138950552E-008
   34.100000000000215       -5.0327554141950959E-008  -1.8598888913531629E-008   5.3654276388083875E-008
   34.200000000000216       -5.2543532985112831E-008  -5.7701975948062453E-009   5.2859417692978302E-008
   34.300000000000217       -5.0776875729207490E-008   7.2427920084983020E-009   5.1290829052548443E-008
   34.400000000000219       -4.5272874061850720E-008   1.9502819921993118E-008   4.9294960297477547E-008
   34.500000000000220       -3.6548978274430474E-008   3.0143689158953811E-008   4.7375835707841820E-008
   34.600000000000222       -2.5347466778210678E-008   3.8430428837792729E-008   4.6036854070724092E-008
   34.700000000000223       -1.2572722955432945E-008   4.3809319105247223E-008   4.5577733631450453E-008
   34.800000000000225        7.8160752097547618E-010   4.5944395923816505E-008   4.5951043808832591E-008
   34.900000000000226        1.3709721656993375E-008   4.4738022671926144E-008   4.6791528512178471E-008
   35.000000000000227        2.5269057251701221E-008   4.0334248461652367E-008   4.7595975180219389E-008
   35.100000000000229        3.4648365024374294E-008   3.3104892150609674E-008   4.7921217463309316E-008
   35.200000000000230        4.1223602105904124E-008   2.3619512092674033E-008   4.7510701132291004E-008
   35.300000000000232        4.4597900713392762E-008   1.2601558980635298E-008   4.6344061505052280E-008
   35.400000000000233        4.4623212726924751E-008   8.7398202497447790E-010   4.4631770731759650E-008
   35.500000000000234        4.1402704370490678E-008  -1.0701702959840596E-008   4.2763423336198299E-008
   35.600000000000236        3.5274456902612015E-008  -2.1288425185733350E-008   4.1200538305497882E-008
   35.700000000000237        2.6778405613263206E-008  -3.0134064798999705E-008   4.0313085574026204E-008
   35.800000000000239        1.6609620494870776E-008  -3.6625073626806173E-008   4.0215364118115413E-008
   35.900000000000240        5.5619186879872226E-009  -4.0329357250613810E-008   4.0711079520683536E-008
   36.000000000000242       -5.5336526224265938E-009  -4.1025372919628294E-008   4.1396890396988263E-008
   36.100000000000243       -1.5870738329221215E-008  -3.8715429472117061E-008   4.1842141607774833E-008
   36.200000000000244       -2.4725451425096302E-008  -3.3622354249508671E-008   4.1735005133032521E-008
   36.300000000000246       -3.1505953264769264E-008  -2.6169930394495391E-008   4.0957177002017104E-008
   36.400000000000247       -3.5790564377283654E-008  -1.6948712781673234E-008   3.9600800034849544E-008
   36.500000000000249       -3.7352111064222278E-008  -6.6699109845664816E-009   3.7942956045833287E-008
   36.600000000000250       -3.6167312454618189E-008   3.8890985875982855E-009   3.6375810341682271E-008
   36.700000000000252       -3.2411145834057383E-008   1.3943468692787069E-008   3.5283178619042650E-008
   36.800000000000253       -2.6437211002837314E-008   2.2759340658840234E-008   3.4884290344418369E-008
   36.900000000000254       -1.8746071085920773E-008   2.9707679978805999E-008   3.5127787161754802E-008
   37.000000000000256       -9.9443162371006580E-009   3.4309492700612011E-008   3.5721572121014111E-008
   37.100000000000257       -6.9763283321149625E-010   3.6269121404887341E-008   3.6275830232434819E-008
   37.200000000000259        8.3185611001271714E-009   3.5493261505523219E-008   3.6455041778552459E-008
   37.300000000000260        1.6467338916974595E-008   3.2094453392804764E-008   3.6072526797958349E-008
   37.400000000000261        2.3194007475878417E-008   2.6379005975092172E-008   3.5125687737396009E-008
   37.500000000000263        2.8062485217648123E-008   1.8820498273964130E-008   3.3789262079409282E-008
   37.600000000000264        3.0782066664974139E-008   1.0021095011121208E-008   3.2372179002792358E-008
   37.700000000000266        3.1223081817844573E-008   6.6381526774570092E-010   3.1230137510320201E-008
   37.800000000000267        2.9420783500302074E-008  -8.5404582143172419E-009   3.0635305258510899E-008
   37.900000000000269        2.5567628040230533E-008  -1.6907096039080351E-008   3.0652136957776191E-008
   38.000000000000270        1.9994898752372858E-008  -2.3828812806889661E-008   3.1106402812016536E-008
   38.100000000000271        1.3145308094579151E-008  -2.8819882623010459E-008   3.1676249135677481E-008
   38.200000000000273        5.5387627124321702E-009  -3.1550229128711240E-008   3.2032715315108834E-008
   38.300000000000274       -2.2661432358409253E-009  -3.1866981227371715E-008   3.1947455261898542E-008
   38.400000000000276       -9.7121444935380412E-009  -2.9802099841637486E-008   3.1344710967470895E-008
   38.500000000000277       -1.6282061170490331E-008  -2.5565784976501857E-008   3.0310309754674514E-008
   38.600000000000279       -2.1533699773815568E-008  -1.9526477085183144E-008   2.9068600470387408E-008
   38.700000000000280       -2.5128641046583716E-008  -1.2179285413443718E-008   2.7924605530430951E-008
   38.800000000000281       -2.6853130915431550E-008  -4.1055294927237837E-009   2.7165161740305000E-008
   38.900000000000283       -2.6629866592702846E-008   4.0732951001277135E-009   2.6939590340572655E-008
   39.000000000000284       -2.4520107854104205E-008   1.1743463843476977E-008   2.7187214499097802E-008
   39.100000000000286       -2.0716201944731219E-008   1.8345162799601837E-008   2.7671393552887442E-008
   39.200000000000287       -1.5525247312878566E-008   2.3413334459466716E-008   2.8093015762585808E-008
   39.300000000000288       -9.3451970112358526E-009   2.6610243862825320E-008   2.8203506619174931E-008
   39.400000000000290       -2.6351818715402482E-009   2.7747498464085041E-008   2.7872349282227648E-008
   39.500000000000291        4.1178121099586438E-009   2.6796131403077790E-008   2.7110681192916079E-008
   39.600000000000293        1.0433569129112207E-008   2.3884317329419963E-008   2.6063767553145380E-008
   39.700000000000294        1.5872177381634865E-008   1.9283254691908987E-008   2.4975386410366334E-008
   39.800000000000296        2.0064184774579892E-008   1.3382642572272919E-008   2.4117765918212553E-008
   39.900000000000297        2.2735348847527757E-008   6.6579355948659597E-009   2.3690170822604147E-008
   40.000000000000298        2.3724345328315736E-008  -3.6787744291407659E-010   2.3727197370742749E-008
   40.100000000000300        2.2992298957671535E-008  -7.1648945595948967E-009   2.4082805596712691E-008
   40.200000000000301        2.0623573404305782E-008  -1.3236162404422070E-008   2.4505668225107127E-008
   40.300000000000303        1.6817865673882094E-008  -1.8153784635644721E-008   2.4746727105258020E-008
   40.400000000000304        1.1874253733188992E-008  -2.1588671989755011E-008   2.4638763361852909E-008
   40.500000000000306        6.1684026997060237E-009  -2.3331904769544275E-008   2.4133523821456814E-008
   40.600000000000307        1.2460685865106252E-010  -2.3306388505923262E-008   2.3306721606829536E-008
   40.700000000000308       -5.8153013259196279E-009  -2.1568267760443662E-008   2.2338484812033155E-008
   40.800000000000310       -1.1223933229898401E-008  -1.8298357812581441E-008   2.1466405749134572E-008
   40.900000000000311       -1.5718923160656900E-008  -1.3784597679194288E-008   2.0906928959268131E-008
   41.000000000000313       -1.8989921890481997E-008  -8.3971654341414667E-009   2.0763658654845671E-008
   41.100000000000314       -2.0820089641983406E-008  -2.5583838116591723E-009   2.0976688500046532E-008
   41.200000000000315       -2.1100579147240796E-008   3.2901500198285465E-009   2.1355550273920617E-008
   41.300000000000317       -1.9837014373893851E-008   8.7206670759986718E-009   2.1669267950728712E-008
   41.400000000000318       -1.7147557745012653E-008   1.3350104424370738E-008   2.1731636495214681E-008
   41.500000000000320       -1.3252775639608899E-008   1.6866567482906244E-008   2.1450341741082853E-008
   41.600000000000321       -8.4581130433200906E-009   1.9049603936091683E-008   2.0842914536492758E-008
   41.700000000000323       -3.1303288484550371E-009   1.9783047362981151E-008   2.0029176759553181E-008
   41.800000000000324        2.3303171523156369E-009   1.9059787299456251E-008   1.9201715286163636E-008
   41.900000000000325        7.5200292740160715E-009   1.6978440960282403E-008   1.8569283715960988E-008
   42.000000000000327        1.2061349031023999E-008   1.3732493395644985E-008   1.8277240363622095E-008
   42.100000000000328        1.5630713789053113E-008   9.5929952067120615E-009   1.8339704757473489E-008
   42.200000000000330        1.7981667402055013E-008   4.8863254197456303E-009   1.8633747306051465E-008
   42.300000000000331        1.8962031231837912E-008  -3.1183410951857391E-011   1.8962056872668508E-008
   42.400000000000333        1.8523812779206881E-008  -4.7998145869792693E-009   1.9135565315623343E-008
   42.500000000000334        1.6725188491802585E-008  -9.0822877061729732E-009   1.9032075033060016E-008
   42.600000000000335        1.3724503810294891E-008  -1.2587025141985246E-008   1.8622438260436460E-008
   42.700000000000337        9.7668402966316968E-009  -1.5087318964573367E-008   1.7972711618414287E-008
   42.800000000000338        5.1642595740287018E-009  -1.6435208607738177E-008   1.7227468151989663E-008
   42.900000000000340        2.7130370176578289E-010  -1.6569301685173187E-008   1.6571522682990688E-008
   43.000000000000341       -4.5423245176584345E-009  -1.5516225771646559E-008   1.6167435610523698E-008
   43.100000000000342       -8.9197858143608788E-009  -1.3385854532188660E-008   1.6085511509771432E-008
   43.200000000000344       -1.2543691481762668E-008  -1.0360875946166667E-008   1.6269356052453345E-008
   43.300000000000345       -1.5159251099834666E-008  -6.6816364799376911E-009   1.6566446811488355E-008
   43.400000000000347       -1.6592272181633998E-008  -2.6274810212718209E-009   1.6799022372345633E-008
   43.500000000000348       -1.6760724919656406E-008   1.5040006276233433E-009   1.6828069340250613E-008
   43.600000000000350       -1.5679101227040015E-008   5.4183221029579890E-009   1.6588924910890724E-008
   43.700000000000351       -1.3455365395107157E-008   8.8445609967282209E-009   1.6101960040339601E-008
   43.800000000000352       -1.0280868560358627E-008   1.1553562788113866E-008   1.5465479994305378E-008
   43.900000000000354       -6.4141352925588260E-009   1.3372719366149093E-008   1.4831411085834945E-008
   44.000000000000355       -2.1598865181081965E-009   1.4196422638202145E-008   1.4359788490558065E-008
   44.100000000000357        2.1549961297644744E-009   1.3991612418263979E-008   1.4156596567756625E-008
   44.200000000000358        6.2066581178837499E-009   1.2798183302390089E-008   1.4223786445031743E-008
   44.300000000000360        9.6986572116485191E-009   1.0724365038110778E-008   1.4459459090149763E-008
   44.400000000000361        1.2383696492953450E-008   7.9375223083916510E-009   1.4709187578714287E-008
   44.500000000000362        1.4081102877211191E-008   4.6511129799894275E-009   1.4829373223141679E-008
   44.600000000000364        1.4688815370178967E-008   1.1087810504104395E-009   1.4730603938635888E-008
   44.700000000000365        1.4189101562614220E-008  -2.4332715066238645E-009   1.4396229137490445E-008
   44.800000000000367        1.2647724740045210E-008  -5.7243999353820243E-009   1.3882856180201298E-008
   44.900000000000368        1.0206796626963836E-008  -8.5368773418783590E-009   1.3306275667311138E-008
   45.000000000000369        7.0720314337057278E-009  -1.0681332768650078E-008   1.2810327798848858E-008
   45.100000000000371        3.4955286606548008E-009  -1.2019247671807682E-008   1.2517229534274489E-008
   45.200000000000372       -2.4447550237247454E-010  -1.2471705543607138E-008   1.2474101468149972E-008
   45.300000000000374       -3.8652569703616399E-009  -1.2023853697477619E-008   1.2629856261465348E-008
   45.400000000000375       -7.1009625609353796E-009  -1.0724833673788033E-008   1.2862570762574006E-008
   45.500000000000377       -9.7220625461671397E-009  -8.6832475473416642E-009   1.3035232568696306E-008
   45.600000000000378       -1.1551477425242203E-008  -6.0585315337287769E-009   1.3043865801635119E-008
   45.700000000000379       -1.2476259497987134E-008  -3.0488854016782762E-009   1.2843393369887923E-008
   45.800000000000381       -1.2454086306554000E-008   1.2336201896696037E-010   1.2454697263234440E-008
   45.900000000000382       -1.1514243788866026E-008   3.2279001962198182E-009   1.1958141565736534E-008
   46.000000000000384       -9.7532078386329756E-009   6.0429480080728046E-009   1.1473547131198914E-008
   46.100000000000385       -7.3253398347920878E-009   8.3709611824592531E-009   1.1123560347902618E-008
   46.200000000000387       -4.4295641461600761E-009   1.0052431577039906E-008   1.0985099869187164E-008
   46.300000000000388       -1.2931684127532708E-009   1.0976814166122869E-008   1.1052725174423660E-008
   46.400000000000389        1.8459573851334593E-009   1.1089825925604666E-008   1.1242410672446641E-008
   46.500000000000391        4.7572587810390986E-009   1.0396622811360074E-008   1.1433340587573969E-008
   46.600000000000392        7.2342868854632843E-009   8.9606583549061003E-009   1.1516436293165285E-008
   46.700000000000394        9.1090956366572315E-009   6.8983391130965303E-009   1.1426403889108998E-008
   46.800000000000395        1.0263286062692997E-008   4.3698956148284576E-009   1.1154865686738022E-008
   46.900000000000396        1.0635006431097959E-008   1.5671607486309293E-009   1.0749853701401912E-008
   47.000000000000398        1.0221545687296501E-008  -1.3008296788499594E-009   1.0303987290892133E-008
   47.100000000000399        9.0774988451169545E-009  -4.0233437803321235E-009   9.9291631297827321E-009
   47.200000000000401        7.3088108282818969E-009  -6.4034205756091887E-009   9.7171246154274382E-009
   47.300000000000402        5.0632957145285188E-009  -8.2721582207489161E-009   9.6987403884147115E-009
   47.400000000000404        2.5184615363331636E-009  -9.5007774472039008E-009   9.8289073966177893E-009
   47.500000000000405       -1.3236767064980185E-010  -1.0009585249486674E-008   1.0010460432316510E-008
   47.600000000000406       -2.6945593969437786E-009  -9.7732000105916343E-009   1.0137854249824582E-008
   47.700000000000408       -4.9862371435245426E-009  -8.8216830502839019E-009   1.0133343608658008E-008
   47.800000000000409       -6.8509074454107200E-009  -7.2375311442044834E-009   9.9657809472671989E-009
   47.900000000000411       -8.1678013802421809E-009  -5.1487964734465891E-009   9.6552102261971544E-009
   48.000000000000412       -8.8592826931924749E-009  -2.7188906594356998E-009   9.2671061424733011E-009
   48.100000000000414       -8.8949116510540948E-009  -1.3387581667275155E-010   8.8959190651864460E-009
   48.200000000000415       -8.2920085667344388E-009   2.4117709886268677E-009   8.6356265188102910E-009
   48.300000000000416       -7.1128146496312323E-009   4.7298268705967652E-009   8.5418612998472331E-009
   48.400000000000418       -5.4585826870830052E-009   6.6523108851747558E-009   8.6051940747862782E-009
   48.500000000000419       -3.4611305570796004E-009   8.0437395323350531E-009   8.7567785399197967E-009
   48.600000000000421       -1.2725447457959758E-009   8.8107435747734692E-009   8.9021667289747450E-009
   48.700000000000422        9.4617936337410940E-010   8.9083528102876182E-009   8.9584599781566441E-009
   48.800000000000423        3.0367325399445891E-009   8.3425198341865407E-009   8.8780280300838285E-009
   48.900000000000425        4.8545113797967398E-009   7.1687483686678530E-009   8.6577845843988323E-009
   49.000000000000426        6.2783231654249924E-009   5.4869930830429902E-009   8.3381313771656118E-009
   49.100000000000428        7.2181545161460098E-009   3.4332821766732336E-009   7.9930708193798163E-009
   49.200000000000429        7.6205370555813678E-009   1.1687592106100472E-009   7.7096422165931001E-009
   49.300000000000431        7.4712227130667598E-009  -1.1329719385292078E-009   7.5566390837289076E-009
   49.400000000000432        6.7950726121375063E-009  -3.2991996266687366E-009   7.5536567290837604E-009
   49.500000000000433        5.6532538161134892E-009  -5.1711193757569853E-009   7.6615764897135261E-009
   49.600000000000435        4.1380154177766543E-009  -6.6155216882107506E-009   7.8030954630162083E-009
   49.700000000000436        2.3654686356522562E-009  -7.5342852268383148E-009   7.8968915242396888E-009
   49.800000000000438        4.6691605358628007E-010  -7.8709950551786179E-009   7.8848318789776896E-009
   49.900000000000439       -1.4206437451513805E-009  -7.6142422269756740E-009   7.7456383430739407E-009
