   1.4033023511483831E-003   1.0846942232856558        3.6799566527183324E-015   1.0846942232856558     
   7.3924400512135344E-003   1.0839049469704116        3.6390139206083348E-015   1.0839049469704116     
   1.8161336045278809E-002   1.0824470008778526        3.5499618094354531E-015   1.0824470008778526     
   3.3702069060661088E-002   1.0802553577887506        3.4441164297715470E-015   1.0802553577887506     
   5.4000045624833959E-002   1.0772373636818566        3.2714235194906928E-015   1.0772373636818566     
   7.9035891848898920E-002   1.0732735505418785        3.0724437015550831E-015   1.0732735505418785     
  0.10878564856778450        1.0682191646798860        2.8458226267753919E-015   1.0682191646798860     
  0.14322082720914689        1.0619063326235274        2.5981383978657644E-015   1.0619063326235274     
  0.18230844583432851        1.0541469875053944        2.2526518751073222E-015   1.0541469875053944     
  0.22601106364404361        1.0447366954218282        1.9551502515138243E-015   1.0447366954218282     
  0.27428681797675752        1.0334595126045980        1.5257350603351991E-015   1.0334595126045980     
  0.32708946490527341        1.0200939772064688        1.2615411084185372E-015   1.0200939772064688     
  0.38436842377192892        1.0044202925953907        7.5463219015333306E-016   1.0044202925953907     
  0.44606882576302992       0.98622869076945785        3.7434045517954415E-016  0.98622869076945785     
  0.51213156653560521       0.96532887472551243       -9.7353791510030336E-017  0.96532887472551243     
  0.58249336287319675       0.94156032942442980       -4.3752624026880127E-016  0.94156032942442980     
  0.65708681332934926       0.91480316734549461       -9.5518723518839137E-016  0.91480316734549461     
  0.73584046280744708       0.88498904478526874       -1.3838023760162910E-015  0.88498904478526874     
  0.81867887101855441       0.85211156074710870       -1.7432218106997707E-015  0.85211156074710870     
  0.90552268475371278       0.81623544625591804       -2.0366048703937243E-015  0.81623544625591804     
  0.99628871390256446       0.77750378503253847       -2.5658812642171293E-015  0.77750378503253847     
   1.0908900111462849       0.73614249382477803       -3.0167754088175793E-015  0.73614249382477803     
   1.1892359552487530       0.69246134746133736       -3.4288722456143109E-015  0.69246134746133736     
   1.2912323378665771       0.64685097021556737       -3.2490097703400720E-015  0.64685097021556737     
   1.3967814537949170       0.59977543400709632       -3.6229314788828235E-015  0.59977543400709632     
   1.5057821945627801       0.55176039786728859       -3.5175538810616094E-015  0.55176039786728859     
   1.6181301452882300       0.50337707290991163       -3.7476336382057515E-015  0.50337707290991163     
   1.7337176847007749       0.45522267231303726       -4.1503444184783965E-015  0.45522267231303726     
   1.8524340882351109       0.40789836679629976       -3.7690257414394452E-015  0.40789836679629976     
   1.9741656340975731       0.36198606805454703       -3.7987925521661796E-015  0.36198606805454703     
   2.0987957122036320       0.31802556199050858       -3.4145456650176695E-015  0.31802556199050858     
   2.2262049358821341       0.27649357500244176       -3.3166024070895524E-015  0.27649357500244176     
   2.3562712562393018       0.23778625975083464       -2.7013153357344835E-015  0.23778625975083464     
   2.4888700790729028       0.20220633176318087       -2.6320643271348107E-015  0.20220633176318087     
   2.6238743842246182       0.16995569739949581       -2.1038233320548463E-015  0.16995569739949581     
   2.7611548472563232       0.14113393025289392       -1.0170898019305430E-015  0.14113393025289392     
   2.9005799633336649       0.11574243509549723       -9.2423664548960062E-016  0.11574243509549723     
   3.0420161731982889        9.3693650108875870E-002  -6.1094161720957418E-016   9.3693650108875870E-002
   3.1853279911080921        7.4824239054082614E-002   1.4418530913729151E-017   7.4824239054082614E-002
   3.3303781346228400        5.8910960720106834E-002   7.4432004787168752E-016   5.8910960720106834E-002
   3.4770276561109328        4.5687797602123527E-002   1.3039181520891542E-015   4.5687797602123527E-002
   3.6251360758513012        3.4862979188577101E-002   1.2897438893089626E-015   3.4862979188577101E-002
   3.7745615166028998        2.6134724763392847E-002   1.8262054778096395E-015   2.6134724763392847E-002
   3.9251608395129529        1.9204816635471224E-002   2.2154542682808525E-015   1.9204816635471224E-002
   4.0767897812337139        1.3789448901368660E-002   2.6858424409109543E-015   1.3789448901368660E-002
   4.2293030921164210        9.6271311208724723E-003   2.9304187517705895E-015   9.6271311208724723E-003
   4.3825546753500522        6.4837203329779040E-003   3.1461843435942828E-015   6.4837203329779040E-003
   4.5363977269115852        4.1548812067507823E-003   3.2080710542336156E-015   4.1548812067507823E-003
   4.6906848761937594        2.4664201093459910E-003   3.6254196698585388E-015   2.4664201093459910E-003
   4.8452683271755088        1.2730054999946249E-003   3.5526215296466111E-015   1.2730054999946249E-003
   4.9999999999999991        4.5578586094168855E-004   3.4001240658282201E-015   4.5578586094168855E-004
   5.1547316728244903       -8.0634866119555580E-005   3.3038926259664844E-015   8.0634866119555580E-005
   5.3093151238062406       -4.1148592706157769E-004   3.3166195495458097E-015   4.1148592706157769E-004
   5.4636022730884104       -5.9509776916872139E-004   2.9110960576380533E-015   5.9509776916872139E-004
   5.6174453246499496       -6.7595618030946139E-004   2.6977903355602052E-015   6.7595618030946139E-004
   5.7706969078835790       -6.8742900317694811E-004   2.6927955253989379E-015   6.8742900317694811E-004
   5.9232102187662878       -6.5411488947234389E-004   2.1810787858740474E-015   6.5411488947234389E-004
   6.0748391604870484       -5.9380883262380652E-004   2.3329423791606149E-015   5.9380883262380652E-004
   6.2254384833970970       -5.1910832987037267E-004   2.0069182724830488E-015   5.1910832987037267E-004
   6.3748639241486966       -4.3870000879859573E-004   1.8017559019864538E-015   4.3870000879859573E-004
   6.5229723438890641       -3.5837290886474494E-004   1.6680073552767838E-015   3.5837290886474494E-004
   6.6696218653771613       -2.8180461453477070E-004   1.7077402614548800E-015   2.8180461453477070E-004
   6.8146720088919093       -2.1116277480786089E-004   1.5196623203242138E-015   2.1116277480786089E-004
   6.9579838268017120       -1.4755916967270071E-004   1.6441140667574666E-015   1.4755916967270071E-004
   7.0994200366663378       -9.1387671085455135E-005   1.4821937754997034E-015   9.1387671085455135E-005
   7.2388451527436768       -4.2571919567200919E-005   1.4682885862339499E-015   4.2571919567200919E-005
   7.3761256157753827       -7.4363578562442831E-007   1.3732386846948215E-015   7.4363578562442831E-007
   7.5111299209270967        3.4631691978168214E-005   1.3328217686480290E-015   3.4631691978168214E-005
   7.6437287437606951        6.4168486952797149E-005   1.4643802112003228E-015   6.4168486952797149E-005
   7.7737950641178672        8.8503740546688211E-005   1.3542463250387204E-015   8.8503740546688211E-005
   7.9012042877963724        1.0826060136059671E-004   1.4412151397476523E-015   1.0826060136059671E-004
   8.0258343659024263        1.2402675266582665E-004   1.3589610481503138E-015   1.2402675266582665E-004
   8.1475659117648860        1.3634296242446140E-004   1.3077399714800743E-015   1.3634296242446140E-004
   8.2662823152992253        1.4569840257079038E-004   1.3472507103836686E-015   1.4569840257079038E-004
   8.3818698547117680        1.5253028158789363E-004   1.3544386941104481E-015   1.5253028158789363E-004
   8.4942178054372217        1.5722606100339597E-004   1.2846014046817478E-015   1.5722606100339597E-004
   8.6032185462050847        1.6012707244058270E-004   1.2325439866080353E-015   1.6012707244058270E-004
   8.7087676621334218        1.6153275332145595E-004   1.2178113734272438E-015   1.6153275332145595E-004
   8.8107640447512470        1.6170500764984638E-004   1.1498185955228729E-015   1.6170500764984638E-004
   8.9091099888537144        1.6087240013309137E-004   1.0500508680966447E-015   1.6087240013309137E-004
   9.0037112860974329        1.5923402904965123E-004   1.0404006053984444E-015   1.5923402904965123E-004
   9.0944773152462908        1.5696301304576684E-004   9.5009349537499724E-016   1.5696301304576684E-004
   9.1813211289814411        1.5420958287813322E-004   8.9934951713275488E-016   1.5420958287813322E-004
   9.2641595371925511        1.5110380117312706E-004   8.1769185425203309E-016   1.5110380117312706E-004
   9.3429131866706516        1.4775794916316290E-004   7.6610597697277011E-016   1.4775794916316290E-004
   9.4175066371268041        1.4426862467809429E-004   7.0982770905463960E-016   1.4426862467809429E-004
   9.4878684334643921        1.4071859450960104E-004   6.6053317483743690E-016   1.4071859450960104E-004
   9.5539311742369701        1.3717843950909785E-004   6.0676018979426852E-016   1.3717843950909785E-004
   9.6156315762280702        1.3370802444725397E-004   5.3955688455118676E-016   1.3370802444725397E-004
   9.6729105350947293        1.3035781805507772E-004   4.3791567587611130E-016   1.3035781805507772E-004
   9.7257131820232416        1.2717008258483639E-004   3.9279728012057975E-016   1.2717008258483639E-004
   9.7739889363559556        1.2417994707341424E-004   4.0453842259159745E-016   1.2417994707341424E-004
   9.8176915541656733        1.2141637441274368E-004   3.0467084266883711E-016   1.2141637441274368E-004
   9.8567791727908585        1.1890302928422866E-004   2.9951687925049034E-016   1.1890302928422866E-004
   9.8912143514322182        1.1665905186644753E-004   2.2984694079876366E-016   1.1665905186644753E-004
   9.9209641081511037        1.1469974078226683E-004   2.4465801492121166E-016   1.1469974078226683E-004
   9.9459999543751678        1.1303714780238908E-004   1.8030644893971929E-016   1.1303714780238908E-004
   9.9662979309393389        1.1168058607540440E-004   1.3704022697640498E-016   1.1168058607540440E-004
   9.9818386639547203        1.1063705235227649E-004   7.9875138243633504E-017   1.1063705235227649E-004
   9.9926075599487909        1.0991155659650292E-004   1.4227274417323526E-016   1.0991155659650292E-004
   9.9985966976488534        1.0950725497872637E-004   1.0456678221614225E-016   1.0950725497872637E-004
